19790101
-99
-99
-99
-99
-99
-99
-99
-99
-99
-99
-99
-99
-99
-99
-99
-99
-99
-99
-99
-99
-99
-99
-99
-99
-99
-99
-99
-99
-99
-99
-99
-99
-99
-99
-99
-99
-99
-99
-99
-99
-99
-99
-99
-99
-99
-99
-99
-99
-99
-99
-99
-99
-99
-99
-99
-99
-99
-99
-99
-99
-99
-99
-99
-99
-99
-99
-99
-99
-99
-99
-99
-99
-99
-99
-99
-99
-99
-99
-99
-99
-99
-99
-99
-99
-99
-99
-99
-99
-99
-99
-99
-99
-99
-99
-99
-99
-99
-99
-99
-99
-99
-99
-99
-99
-99
-99
-99
-99
-99
-99
-99
-99
-99
-99
-99
-99
-99
-99
-99
-99
-99
-99
-99
-99
-99
-99
-99
-99
-99
-99
-99
-99
-99
-99
-99
-99
-99
-99
-99
-99
-99
-99
-99
-99
-99
-99
-99
-99
-99
-99
-99
-99
-99
-99
-99
-99
-99
-99
-99
-99
-99
-99
-99
-99
-99
-99
-99
-99
-99
-99
-99
-99
-99
-99
-99
-99
-99
-99
-99
-99
-99
-99
-99
-99
-99
-99
-99
-99
-99
-99
-99
-99
-99
-99
-99
-99
-99
-99
-99
-99
-99
-99
-99
-99
-99
-99
-99
-99
-99
-99
-99
-99
-99
-99
-99
-99
-99
-99
-99
-99
-99
-99
-99
-99
-99
-99
-99
-99
-99
-99
-99
-99
-99
-99
-99
-99
-99
-99
-99
-99
-99
-99
-99
-99
-99
-99
-99
-99
-99
-99
-99
-99
-99
-99
-99
-99
-99
-99
-99
-99
-99
-99
-99
-99
-99
-99
-99
-99
-99
-99
-99
-99
-99
-99
-99
-99
-99
-99
-99
-99
-99
-99
-99
-99
-99
-99
-99
-99
-99
-99
-99
-99
-99
-99
-99
-99
-99
-99
-99
-99
-99
-99
-99
-99
-99
-99
-99
-99
-99
-99
-99
-99
-99
-99
-99
-99
-99
-99
-99
-99
-99
-99
-99
-99
-99
-99
-99
-99
-99
-99
-99
-99
-99
-99
-99
-99
-99
-99
-99
-99
-99
-99
-99
-99
-99
-99
-99
-99
-99
-99
-99
-99
-99
-99
-99
-99
-99
-99
-99
-99
-99
-99
-99
-99
-99
-99
-99
-99
-99
-99
-99
-99
-99
-99
-99
-99
-99
-99
-99
-99
-99
-99
-99
-99
-99
-99
-99
-99
-99
-99
-99
-99
-99
-99
-99
-99
-99
-99
-99
-99
-99
-99
-99
-99
-99
-99
-99
-99
-99
-99
-99
-99
-99
-99
-99
-99
-99
-99
-99
-99
-99
-99
-99
-99
-99
-99
-99
-99
-99
-99
-99
-99
-99
-99
-99
-99
-99
-99
-99
-99
-99
-99
-99
-99
-99
-99
-99
-99
-99
-99
-99
-99
-99
-99
-99
-99
-99
-99
-99
-99
-99
-99
-99
-99
-99
-99
-99
-99
-99
-99
-99
-99
-99
-99
-99
-99
-99
-99
-99
-99
-99
-99
-99
-99
-99
-99
-99
-99
-99
-99
-99
-99
-99
-99
-99
-99
-99
-99
-99
-99
-99
-99
-99
-99
-99
-99
-99
-99
-99
-99
-99
-99
-99
-99
-99
-99
-99
-99
-99
-99
-99
-99
-99
-99
-99
-99
-99
-99
-99
-99
-99
-99
-99
-99
-99
-99
-99
-99
-99
-99
-99
-99
-99
-99
-99
-99
-99
-99
-99
-99
-99
-99
-99
-99
-99
-99
-99
-99
-99
-99
-99
-99
-99
-99
-99
-99
-99
-99
-99
-99
-99
-99
-99
-99
-99
-99
-99
-99
-99
-99
-99
-99
-99
-99
-99
-99
-99
-99
-99
-99
-99
-99
-99
-99
-99
-99
-99
-99
-99
-99
-99
-99
-99
-99
-99
-99
-99
-99
-99
-99
-99
-99
-99
-99
-99
-99
-99
-99
-99
-99
-99
-99
-99
-99
-99
-99
-99
-99
-99
-99
-99
-99
-99
-99
-99
-99
-99
-99
-99
-99
-99
-99
-99
-99
-99
-99
-99
-99
-99
-99
-99
-99
-99
-99
-99
-99
-99
-99
-99
-99
-99
-99
-99
-99
-99
-99
-99
-99
-99
-99
-99
-99
-99
-99
-99
-99
-99
-99
-99
-99
-99
-99
-99
-99
-99
-99
-99
-99
-99
-99
-99
-99
-99
-99
-99
-99
-99
-99
-99
-99
-99
-99
-99
-99
-99
-99
-99
-99
-99
-99
-99
-99
-99
-99
-99
-99
-99
-99
-99
-99
-99
-99
-99
-99
-99
-99
-99
-99
-99
-99
-99
0.88187629
0
0
0
0
0
0
0
0
0
0
0
0
0
0
0
0
0
0
0
0
0
0
0
0
2.821298122
0
0
0
0
0
0
0
0
1.323617816
0
0
0
2.00662303
0
1.003311515
0
0
0.769028842
0
2.922309875
0
0
1.606900454
0.693888783
17.38373947
0
4.377257824
3.556522369
0
2.462207794
0
2.482342482
0
0
0
1.020112991
28.16969299
1.326146841
0.939211249
2.109612942
1.242648721
6.9935112
3.727946043
4.246146679
13.88961887
6.605116844
0.792614043
39.59296417
27.09054947
0
1.839829683
1.642705083
3.651498556
0.505245447
0
2.863057852
5.669977188
2.863057613
4.256658554
1.31455636
7.699544907
9.076699257
0
0
21.76277733
4.047394753
0
0
0
13.80718231
0.9738608
0
1.763770223
2.607782841
7.451574326
0
0
0
0
0
0
1.555856943
2.634584904
1.45213306
0
5.275811195
1.594130158
0.635754347
0.588309884
2.432550907
3.619161129
0
12.7412281
11.64361382
14.49503422
48.1879425
31.43811989
12.17582893
19.58440208
4.129500866
7.581676006
6.489215851
5.003468513
12.54144764
4.658466339
6.759342194
0
0
4.201753616
3.032865763
7.336256027
10.08222675
12.99214077
8.114965439
13.29242134
20.92658043
16.25627136
3.727266788
17.51366234
13.52612495
10.74678135
0
8.662278175
5.419713497
6.577773094
0
0
13.56467724
0
7.71001482
6.172419548
10.41081333
6.172419548
0
5.966671944
17.45625687
0
8.861586571
11.05029011
0
0
8.033193588
7.535011292
19.24230576
15.2257061
22.85580063
10.75813293
10.33952904
16.15812874
11.93022537
0
14.47878265
17.24584198
12.03347778
0
0
0
0
23.05111694
0
9.682177544
0
23.72343063
10.83481693
0
0
0
0
26.23542213
0
12.93494225
0
0
0
0
0
0
8.081516266
5.593202114
0
0
11.74943161
0
0
11.65351868
0
3.709522247
0
5.954759598
5.257480621
6.247616291
7.415276527
0
8.966322899
0
8.817593575
0
6.808280468
7.651784897
0
0
0
0
15.71801567
11.87726974
0
0
0
0
0
0
0
0
0
0
0
16.26885986
16.03186035
12.49410343
17.86791039
0
11.82237625
2.785759687
1.31287086
3.469470978
2.134778976
1.680184126
2.079998016
0
2.870640278
0
9.378234863
4.256667614
0.756489992
1.673875332
1.188366771
0.931498885
1.156873465
5.545013905
0
2.006577015
1.364312649
0
0
0
31.20431709
0
3.106895447
0
3.652809858
1.677884102
1.782249808
0
0
10.52772713
0
0
0
6.978709698
0
8.326183319
0
0
0
0
0
11.93139744
0
4.932487488
4.911675453
4.599493027
4.39137125
6.279019356
3.751101971
6.686748505
3.914193392
0
7.257567406
0
0
3.485157728
3.98303771
0
0
0
0
6.098630905
0
0
0
0
0
0
0
0
0
0
0
0
0
0
0
0
0
0
0
0
0
0
0
0
0
0
0
0
0
0
0
0
0
8.05003643
0
0
0
0
0
0
0
0
0
0
0
3.004050732
0
0
0
0
0
0
0
0
0
1.284048676
0
0
0
0
0
0
0
0
0
0
0
0.332976937
0
0.241408303
0
0
0.714085817
0
0
0
0
0
0
0
0
0
0
0
0
0
1.495622516
0.640981138
0
0
0
2.915725946
0
0
0
0
7.705880642
0
0.816459239
0
4.643611908
17.27321625
0
4.271323204
30.25520515
0
0
0
0
3.078340292
3.518103361
0.937304437
0
3.436782837
0
0
0
0
0
0
0
0.96905762
0
6.824640274
0
1.15462184
2.205762625
1.191111922
6.683460236
26.31474876
1.08082366
0.069774888
0.830321133
0.711703897
0
0
0
0.406497002
0.447146714
0
2.195083618
1.016242504
0
0
0
2.98453927
8.682296753
2.21400547
0
6.899458408
9.319418907
15.03464127
19.57056427
1.063617587
0
0.992709756
0
0
0
3.193152189
1.532245278
6.409697533
0
16.54836273
5.516120911
0
0
8.659095764
0
0
9.896109581
4.94805479
0
6.856895447
6.856895447
0
6.856895447
6.649067402
13.2981348
5.817934036
11.63586807
0
6.003153324
12.00630665
0
0
0
0
0
0
15.49072838
0
0
0
12.99319077
0
5.684520721
10.52350235
0
0
0
6.013430119
0
15.20775127
30.41550255
0
15.20775127
15.20775127
2.200300932
0
1.358080506
3.305715322
4.905934334
0
0
0
0
0
4.612861156
6.442099571
9.06665802
5.56724596
0
18.37039757
0
0
0
0
14.51701069
14.51701069
0
14.51701069
0
0
0
10.5674181
8.969417572
10.82516098
0
0
0
0
0
22.04329681
0
11.02164841
12.59616947
0
0
0
0
0
0
6.129123688
0
0
0
0
0
0
0
0
0
0
0
0
0
0
0
0
0
0
0
0
0
0
15.70474529
0
0
13.45747948
15.37997627
0
0
0
0
0
0
0
0
0
29.26703835
0
0
0
0
0
0
0
0
17.64455986
0
0
0
0
0
4.994128227
3.20313096
3.386822939
4.603783131
2.169862509
0
0
0
0
0
0
0
0
0
0
0
0
0
0
32.74941254
0
0
18.38486099
0
0
6.000236511
18.73477936
8.760982513
3.23948884
8.968438148
12.32550812
0
0
2.711375237
3.386259079
12.11961842
0
0
10.60466576
12.11961842
0
11.13916588
5.569582939
5.569582939
5.569582939
11.49389362
0
0
11.49389362
0
0
4.400846004
0
0
8.801692009
0
0
0
6.451055527
3.225527763
0
0
0
0
8.835584641
0
0
4.097143173
8.194286346
0
0
0
0
0
0
0
0
0
0
0
4.824505329
0
3.92690897
0
0
0
0
0
0
0
0
0
0
0
0
0
0
4.00527668
0
0
0
0
0
0
0
0
0
0
0
0
0
0
-0.7
6.9
0
0
0
0
0
0
0
0
0
0
0
0
0
0
0
0
0
0
0
0
0
0
0
0
0
0
0
0
0
0
0
0
0
0
0
0
0
0
0
0
0
3.092945814
0
3.092945814
0
0
1.816322446
0
4.151594162
3.632644892
3.632644892
3.888792992
0
0
0
0
0
0
0
0
6.039217949
0
0
0
2.904883385
0
0
0
0
0
0
0
0
0
0
0
0
0
0
12.22774506
0
0
0
0
0.364254266
9.106357574
14.71587276
0.801359415
4.735305786
3.351140022
0
4.685889244
8.200304985
0
0
1.392672896
12.32515621
1.183771849
1.044504642
0
0
0
0
0
5.909904957
15.07272625
10.04848385
8.792423248
20.0969677
13.18863487
0
0
6.684566975
0
0
8.598050117
12.89707565
4.299025059
0
0
3.365532637
0
0
3.365532637
3.365532637
4.78045845
0
0
0
2.390229225
0
0
0
0
23.74842453
12.10022831
5.507689953
5.716315269
7.176688194
0
3.62893343
0
0
7.257866859
3.62893343
4.958472252
0
22.66730499
0
5.666826248
5.666826248
15.67396736
23.510952
39.18492126
0
7.836983681
2.806915283
6.651168823
3.356093645
16.32282257
30.35739708
0
28.86931419
28.86931419
0
0
0
0
12.78580666
11.18758106
0
0
0
0
0
0
0
0
0
0
0
0
0
0
0
27.40120506
0
0
0
0
0
0
0
18.24604034
0
0
0
0
0
0
0
0
0
0
0
0
0
0
0
0
0
0
12.29212856
0
0
0
0
0
0
0
0
0
0
0
0
0
0
0
0
0
0
0
0
0
0
0
7.924180508
0
0
0
18.04838371
0
0
0
6.100998402
0
0
18.30299568
0
0
0
0
0
6.734913349
0
15.39408875
0
0
17.97958755
0
0
19.48987389
0
0
13.18879604
0
0
0
0
0
10.89764118
0
10.89764118
0
0
0
6.732542515
5.162778854
5.748908997
0
0
0
5.030295372
0
0
12.82646561
0
0
0
0
3.731900215
0
7.46380043
0
0
0
0
0
0
0
0
7.890294552
0
0
0
0
0
0
0
4.476586819
0
0
0
0
0
0
0
0
13.05797768
0
0
0
0
9.222596169
5.522293091
5.522293091
0
5.522293091
0
0
4.196880817
4.196880817
0
0
0
0
6.699053764
1.607773185
0
0
0
0
0
0
7.741256237
3.870628119
0
0
0
0
0
3.011017799
3.011017799
0
3.565185785
3.565185785
0
0
0
0
0
0
0
0
0
-0.7
6.9
0
0
0
0
0
0
0
0
0
0
0.382534742
0
0
0
0
0
0
0
0
0
0
0
0
0
0
0
0
0
0
0
3.70141387
0
0
0
0
0
0
0
0
0
0
0
0
0
0
0
0
0
0
0
0
0
0
0
0
5.155048847
3.568285227
0
1.784142613
0
0
4.239713192
0
0
8.479426384
0
0
0.320414215
9.995667458
0.150783151
2.400063515
1.836919904
0
0.898347676
28.66667557
5.017891407
10.21499443
0
7.258021832
11.02144146
7.576459408
0
25.9764328
0
0
0
7.488019943
0
0
3.276008606
0
9.448581696
0
4.724290848
16.19756889
0
0
0
0
10.46714783
9.158753395
4.452212811
0
11.68705845
0
0
0
4.203609467
0
5.946570396
0.922743678
11.37607765
9.954068184
0
0
9.954068184
0
0
0
3.066987991
2.437862158
0
3.254439831
0
3.877630472
0
0
0
0
0
11.69809055
0
3.720773935
29.76618767
0
0
38.45903015
29.29146767
0
0
0
0
2.991869926
3.671839952
0
5.031781197
0
0
0
0
0
22.97340012
0
0
0
0
0
0
15.86986256
12.70626163
9.750110626
0
2.615582466
4.013221741
8.612120628
0
2.369331598
27.66696739
12.10429859
12.10429859
12.10429859
36.31289291
22.00933266
0
0
0
0
0
0
0
0
0
14.70637131
7.353185654
7.353185654
7.353185654
0
0
0
0
0
27.73491669
9.101096153
0
7.963459015
15.92691803
7.963459015
7.376552105
0
14.75310421
0
7.376552105
13.81882477
13.81882477
0
0
13.81882477
0
2.295803785
2.341950893
0
7.418100357
3.022616148
26.63238716
16.33691406
8.686805725
9.723503113
0
0
0
8.309883118
0
12.07792568
0
0
5.065465927
4.014468193
7.632658482
10.16280937
10.16280937
0
0
10.16280937
20.51058769
10.66715336
0
0
0
9.527634621
12.3286314
5.856630325
7.235909462
10.44007874
0
0
0
8.818799019
0
8.276744843
0
3.096489668
6.919705868
0
8.130917549
8.37432766
0
8.37432766
8.37432766
0
0
51.36063385
4.159979343
8.866101265
0
25.79240417
0
0
0
0
6.173606873
18.52082062
0
6.173606873
6.173606873
7.098794937
11.98540592
7.280391693
3.780520439
10.30150604
5.036653519
5.036653519
0
10.07330704
0
0
8.099535942
0
14.17418861
7.087094307
12.37372589
0
16.24051285
0
0
0
7.295649529
0
7.295649529
0
6.63104105
0
6.63104105
6.63104105
0
13.2620821
5.754543304
0
0
0
5.754543304
0
0
0
0
3.796364784
0
0
4.776577473
0
4.776577473
0
3.613389015
7.22677803
0
4.129587173
0
0
0
3.978931427
0
3.885098696
0
0
0
0
2.374923706
0
2.374923706
0
2.374923706
0
0
0
0
0
0
0
0
0
0
0
0
0
0
0
0
0
0
0
0
0
0
0
0
0
0
-0.7
6.9
0
0
0
0
0
0
0
0
0
0
0
1.952345014
0
0
0
1.920232892
0
0
0
0
0
0
0
0
0
2.061774492
0
0
0
2.061774492
2.061774492
0
0
0
0
0
0
0
0
0
0
0
0
0
0
0
0
0
0
0
0
0
0
0
0
2.409891367
13.23152256
0
0
0
0
0
5.478743553
5.478743553
5.855116367
0
0
0
17.56534767
4.954208851
2.597611904
3.642013073
10.36366749
1.579990864
18.61469078
0
0
0
0
2.951752424
14.44622421
0
0.590350449
1.423786402
6.049579144
0
12.09915829
0
0
13.82761002
14.76266861
2.195621967
1.56004715
7.684677124
20.88729858
0
0
8.931109428
0
0
0
8.522947311
9.82168293
7.427140713
0
8.279925346
9.462771416
3.154257536
5.519949913
2.759974957
0
0
0
0
4.205189705
11.64332485
3.881108522
13.30665874
0
4.435553074
3.938709974
15.7548399
7.877419949
0
3.938709974
16.22429466
4.227055073
6.1363554
0
1.187375188
0
0
0
0
0
2.342163086
1.432852626
28.44579887
2.709560871
1.148119211
0
0
0
12.97821712
0
0
0
6.695165157
7.651617527
0
3.347582579
12.86553097
0
0
0
0
19.66693115
9.833465576
9.833465576
0
0
18.30106926
0
0
0
16.01343536
0
16.99336052
0
0
33.98672104
19.10412407
0
0
0
28.65618706
5.628612041
5.628612041
11.25722408
0
0
16.53484726
16.53484726
8.26742363
16.53484726
0
5.148934841
15.44680309
30.89360619
0
15.44680309
0
0
9.474951744
37.89980698
0
0
0
0
9.887411118
0
0
0
0
0
0
6.797504902
3.790915728
9.310257912
11.83753586
0
7.698028564
0
5.37020731
3.987934828
4.559910297
10.02544689
4.180208683
6.755631924
4.309627056
9.771076202
13.64068127
21.47147179
10.73573589
12.26941299
10.73573589
0
14.52163696
0
14.52163696
0
14.52163696
7.883322716
7.883322716
7.883322716
7.883322716
0
0
0
0
0
0
0
34.60485458
16.05164719
12.50777817
0
14.436059
10.54149818
0
0
31.62449455
0
0
11.09782219
23.04670525
13.31057835
0
4.097665787
4.770062447
1.70867908
13.13942528
6.186052322
7.278851032
4.54928112
0
19.9031086
28.79695129
7.805425167
6.83580637
15.75629139
5.769226551
0
9.674044609
4.837022305
0
5.528025627
11.05605125
1.434521675
0
0
1.086950302
1.232298255
7.192042351
14.3840847
0
0
0
14.88938427
7.444692135
0
0
0
0
0
0
0
0
0
6.549453259
13.09890652
13.09890652
6.549453259
7.485089779
0
0
2.554139137
5.108278275
0
7.980937481
7.980937481
0
0
0
0
3.582267284
0
0
0
0
0
3.05918622
0
0
0
0
0
12.44342613
0
0
4.617640018
0
0
0
0
0
3.876128435
0
0
0
0
0
0
0
0
0
4.005908012
0
0
0
0
0
0
0
0
0
0
0
0
0
0
0
0
0
0
-0.7
6.9
0
0
2.611121893
0
0
0
0
0
0
0
0
0
0
0
0
0
0
0
0
0
0
0
0
0
0
0
0
0
0.85669893
0
0
0
3.625606537
0
0
0.896860361
3.908420086
4.466765881
0
3.908420086
0
0
0
0
0
5.881299496
0
2.662012339
7.986037254
0
2.662012339
0
1.013126135
0
0
2.979782581
6.0975914
6.0975914
0
3.378177643
0
3.860774755
0
3.378177643
11.95875072
5.979375362
5.979375362
17.93812561
5.979375362
3.87678647
1.628708959
0
0
0
15.68265247
3.295790195
0.840537131
0
0
2.44888401
4.897768021
4.897768021
8.396173477
7.346652508
0
3.833987951
0
0
0
7.667975903
20.82443428
0
6.941478729
0
0
1.356648922
2.678512096
0
1.495792508
3.061156988
1.735555291
0
3.048948765
3.189669371
1.360300064
0
0
3.324797153
2.74524498
2.775747538
0
0
10.58141708
18.51747894
0
0
7.188928127
7.188928127
0
0
0
1.460036874
14.28546047
20.0254097
0
0
5.1987257
10.3974514
5.941401005
5.1987257
12.68229485
0
0
6.103082657
5.237397194
12.14540005
12.14540005
6.072700024
6.072700024
0
12.8450985
6.422549248
19.26764679
0
6.422549248
0
6.387489796
5.589053631
12.77497959
5.589053631
0
38.98215485
0
0
0
0
0
23.59684753
0
0
23.59684753
16.35811806
0
15.14076805
10.5757122
0
0
12.31184101
7.141932964
0
13.85748291
0
15.07085419
0
0
0
0
0
0
0
0
0
0
0
0
43.83082581
0
0
0
19.83222771
0
0
0
0
0
0
0
0
0
0
26.18814468
13.66194725
0
0
0
0
0
0
0
0
0
19.94540596
2.374081373
0
0
1.966694713
0
0
20.99890137
0
0
0
0
0
0
0
0
0
0
0
0
0
0
9.05737114
0
0
0
0
0
0
0
16.78270721
0
0
0
0
0
11.31238365
0
0
26.75518799
0
8.918395996
0
11.34118557
0
11.34118557
11.34118557
10.81304359
0
0
0
0
14.32430267
0
0
0
14.32430267
0
9.858498573
0
9.858498573
19.71699715
10.12134457
0
20.24268913
10.12134457
0
0
0
0
0
32.67895889
0
0
9.361022949
0
0
0
8.635287285
0
53.04534531
0
9.962491035
0
0
0
0
0
16.33365059
24.50047684
16.33365059
8.166825294
0
3.358556747
0
0
3.358556747
0
4.511229515
3.89204073
12.35428143
0
0
0
0
0
0
0
0
0
0
0
0
0
15.31221199
0
0
0
0
0
0
0
0
0
0
0
0
0
0
0
0
0
0
0
0
0
0
0
0
0
0
0
0
0
0
0
0
3.109886169
0
2.480587244
0
0
0
0
-0.7
6.9
0
0
0
0
0
0
0
1.003913879
0
0
0
0
0
0
0
0
0
1.749224544
0
0
0
0
1.164621711
1.164621711
0
0
0
0
4.208321571
0
0
0
0
0
5.743767262
2.871883631
0
0
0
0
0
3.659178019
0
0
3.659178019
7.318356037
6.87063694
0
0
0
10.7181921
0
0
5.402049065
8.10307312
3.086885452
3.178996325
6.357992649
0
0
0
0
0
0
0
0
0
0
0
0
6.058832169
6.058832169
6.058832169
12.11766434
9.869667053
0
1.973933578
2.255923986
5.921800613
6.322209358
0
7.225382328
0
3.161104679
6.824454308
0
9.099271774
6.824454308
6.824454308
4.549635887
0
4.538278103
10.37320709
5.186603546
0
0
4.509114265
0
0
0
0
5.047799587
4.767366886
5.561927795
0
0
11.19989586
6.53327322
9.799909592
3.26663661
0
0
0
8.182326317
0
0
4.297067165
12.89120197
0
0
0
0
6.844010353
8.982762337
5.988508701
4.357796192
2.178898096
2.178898096
0
0
4.948967934
0
0
0
0
0
0
4.141168118
0
0
0
0
0
0
0
0
10.09303665
0
20.1860733
10.09303665
0
0
12.39585114
0
0
0
2.317640781
0
2.370716333
11.7297411
0
3.636456966
0
1.91520071
0
7.818383694
0
8.280622482
11.15349293
19.19752502
9.869152069
10.47207069
0
10.47207069
0
0
8.292809486
15.81961727
7.726634026
6.66089201
7.626720428
0
0
0
0
0
13.08078289
0
0
13.08078289
0
11.08192444
0
0
0
12.66505718
10.12935925
0
20.25871849
10.12935925
0
0
0
0
37.67115784
0
9.778329849
0
19.5566597
19.5566597
9.778329849
0
0
10.89330387
10.89330387
10.89330387
0
0
11.73485279
10.26799583
10.26799583
20.53599167
10.51626968
10.51626968
10.51626968
21.03253937
10.51626968
0
24.00983047
0
0
12.00491524
0
18.106287
9.053143501
27.15943336
0
6.150284767
0
0
12.30056953
0
0
0
0
25.56764603
0
17.04509544
0
0
22.44269753
11.22134876
11.22134876
17.89745331
8.948726654
0
0
8.948726654
8.398487091
5.671302319
13.48096561
13.07808781
7.220838547
8.721794128
9.967764854
0
17.44358826
39.87105942
9.701412201
19.4028244
9.701412201
9.701412201
0
11.25857162
0
0
0
0
14.95136452
7.475682259
0
0
7.475682259
30.63429451
17.50531197
7.658573627
7.658573627
7.658573627
6.124285698
12.2485714
12.2485714
0
0
5.577336788
0
0
0
0
10.91366768
0
0
0
0
0
0.242754892
0.495871276
0.377454281
0
0.395216823
0
2.24578166
8.155734062
0
0
0
0
0
0
0
0
0
0
0
0
0
0
0
5.104112148
0
0
0
0
0
0
0
4.284118652
0
0
0
0
3.131474018
0
0
0
0
0
3.910165071
0
0
0
0
0
0
0
0
0
0
0
0
0
0
0
0
1.879503012
0
-0.7
6.9
0
0
0
0
0
0
0
0
0
0.688025653
0
0
0
0
0
0
0
0
0
0
0
0
0
0
0
0
0
0
3.694035292
0
3.23228097
0
0
2.153184175
2.153184175
0
5.964997768
2.982498884
2.982498884
3.408570528
0
0
0
0
0
0
0
0
0
0
0
0
0
0
0
0
0
1.259047985
2.51809597
5.03619194
3.496158123
3.452996016
11.82651138
6.517529488
0
7.694809437
15.38961887
23.08442688
0
0
3.018086195
7.922475815
3.018086195
10.56330109
2.640825272
0
0
0
8.244509697
8.244509697
0
9.635680199
4.817840099
4.817840099
4.817840099
2.137961149
6.489341736
3.001529932
0
0
0.620427966
4.055693626
8.111387253
0
0
4.63507843
5.619832039
4.917353153
4.917353153
0
4.917353153
8.268859863
4.134429932
8.268859863
4.134429932
0
0.449676096
0
1.004276514
29.07905388
3.94216013
6.676133633
3.338066816
6.676133633
0
3.338066816
4.657173157
9.314346313
9.314346313
0
4.657173157
0
3.555531263
16.25385666
0
0
8.874233246
0
0
0
0
0
6.441751003
6.441751003
14.72400475
6.441751003
12.23906422
0
12.23906422
6.119532108
0
0
7.107121944
14.21424389
7.107121944
0
0
1.850985408
1.550825596
8.164345741
1.810963988
2.361256838
23.02582359
7.675274372
0
15.35054874
0
7.92048645
7.92048645
0
0
0
0
0
12.59143829
12.78416538
8.544190407
17.05263329
8.526316643
0
0
17.05263329
0
0
0
0
29.64765358
0
0
0
14.39043045
14.39043045
5.965308666
11.93061733
17.89592552
0
0
0
0
8.840874672
44.20437241
35.36349869
0
12.66594315
12.66594315
0
0
0
0
4.234755993
5.189412117
0
0
0
1.451172233
0
1.535706758
0
0
0
0
0
0
0
0
0
0
11.34777164
0
0
0
0
0
0
0
0
0
0
0
0
0
0
0
0
14.82109737
0
0
0
0
0
17.46009254
0
0
0
0
0
13.63204575
0
0
0
10.58137226
0
0
0
2.741736412
4.118806839
6.376707077
4.503394127
5.148509026
33.40858078
11.13619328
11.13619328
0
22.27238655
0
33.80298996
8.45074749
16.90149498
25.35224342
18.20043182
0
0
0
0
0
4.713937759
4.713937759
4.713937759
9.427875519
0
9.258059502
18.516119
0
9.258059502
5.412294865
7.293162823
0
0
0
0
4.33490181
4.060856342
0
3.288546324
0
14.97168922
7.485844612
0
0
0
4.884171486
9.768342972
4.884171486
9.768342972
4.884171486
7.489080429
0
4.272616863
0
0
0
0
0
0
0
0
0.48546192
0
0
0.58255434
1.887671947
0
0
1.85335052
0
0
0
0
0
0
0
2.768298626
0
5.536597252
0
0
0
0
0
0
0
4.60463953
9.20927906
0
4.60463953
0
0
0
0
0
0
0
0
0
1.69719255
0
0
0
0
0
0
0
0
0
0
0
-0.7
6.9
0
0
0
0
0
0
0
0
0
0
0
0
0
0
0
0
0
0
0
0
0
0
0
0
0
0
0
0
0
0
0
0
0
0
0
0
0
0
0
0
0
0
3.464822292
3.464822292
0
0
0
0
0
0
0
0
0
0
0
0
0
2.10301733
6.309051514
5.259352684
2.629676342
0
0
2.629676342
5.862487793
0
4.678716183
6.087967873
6.369819164
8.005975723
16.01195145
12.00896263
4.002987862
4.002987862
4.03041935
4.03041935
4.606193542
8.060838699
8.060838699
0
0
8.560811043
0
4.280405521
0
0
4.652328491
4.652328491
8.14157486
8.14157486
0
0
0
4.179967403
14.62988472
0
5.048204899
0
4.351900578
5.135242462
2.734642982
2.392812729
0
2.392812729
2.392812729
3.555328846
3.555328846
4.063232899
0
8.126465797
10.98789501
0
0
4.80720377
10.98789501
5.717478275
1.491516113
11.932127
3.480204105
7.706166267
4.32842207
12.98526764
0
0
8.656844139
0
0
16.62770081
7.274618149
8.313850403
6.308310509
12.61662102
0
0
0
0
0
0
4.702674866
0
0
5.574872494
2.787436247
0
3.185641527
2.65290904
0
2.702963591
0
13.96531391
0
0
0
0
9.892271042
9.892271042
18.5218792
16.70276642
0
34.56314468
0
0
0
0
9.174442291
0
0
3.871295214
2.455579042
0
4.835987568
21.04888153
0
19.85396576
39.43218613
0
9.531682968
14.77320957
7.880243301
8.149499893
3.141326666
25.89084053
0
8.630280495
39.45271301
0
0
0
0
7.279519558
0
21.08778763
0
7.029262543
7.029262543
0
0
18.83934784
0
0
0
0
10.96501732
0
0
0
0
0
0
0
6.822687149
13.6453743
0
0
11.95776844
10.46304703
20.92609406
0
0
0
0
0
0
0
0
8.22780323
0
0
0
0
0
13.42821598
0
17.39657784
26.09486961
8.698288918
8.698288918
24.91620636
12.45810318
24.91620636
0
12.45810318
0
0
15.61049461
7.805247307
23.41574097
7.805247307
24.43969917
0
0
10.69236851
0
12.82051468
0
25.64102936
12.82051468
25.64102936
17.23716545
0
29.54942513
8.618582726
9.849808693
13.21397495
0
14.15782833
0
0
0
8.465421677
0
16.93084335
8.465421677
0
9.97625351
4.988126755
0
4.988126755
16.11326408
0
5.371088028
16.11326408
0
0
13.99681759
0
4.665606022
0
22.51977158
0
0
10.60184002
10.16314411
8.941830635
0
17.88366127
0
0
0
0
0
0
0
0
1.511532784
0
0
0
0
3.270211697
0
0
0
2.933571815
0
0
0
0
0
0
0
0
0
0
0
8.902415276
0
0
0
0
0
0
5.108215809
0
5.7894454
0
0
0
0
1.494339585
0
0
0
0
0
0
0
0
0
0
0
0
0
0
0
0
0
0
0
0
0
0
0
4.589782238
0
-0.7
6.9
1.14519906
0
0
0
1.851811171
0
0
0
0
0
0
0
0
1.669082999
0
0
1.086776972
0
1.086776972
2.173553944
2.739583254
0
0
0
0
0
0
0
0
0
0
0
0
2.475521088
0
0
0
0
0
0
0
0
0
0
0
0
0
0
4.899617672
12.56436443
3.153218985
3.477876663
0
0
3.477876663
3.477876663
0
0
0
0
0
0
0
0
0
0
0
0
4.629766941
0
0
0
0
0
0
0
12.86613274
0
0
3.01869154
3.01869154
0
0
0
0
0
0
0
7.126288891
19.95360756
0
16.96820259
0
0
0
16.6272049
1.505262017
0
0
1.188364863
0
3.326142788
3.326142788
3.326142788
13.30457115
19.50022125
3.900044441
0
7.800088882
3.900044441
0
0
19.74589729
0
30.08898926
0
0
5.310096741
6.969501972
6.969501972
0
9.643877983
0
22.04315186
0
6.830914974
0
3.415457487
0
3.415457487
0
0
14.11633682
12.6490469
0
0
19.7561512
0
0
0
3.604604483
0
0
0
0
0
0
5.367845058
0
5.367845058
0
10.23960972
0
15.35941601
0
0
0
0
0
0
11.48590469
7.340746403
7.340746403
14.68149281
7.340746403
7.340746403
12.85415649
0
0
12.85415649
6.427078247
0
0
0
48.42058563
24.21029282
34.13499069
0
0
0
0
9.255963326
0
0
0
0
0
10.07958412
20.15916824
0
0
0
6.254590034
7.148103714
0
0
0
0
7.609855175
0
0
0
0
0
0
0
19.98339081
0
0
0
0
0
0
0
0
0
0
0
0
0
0
0
0
0
0
0
0
0
0
17.14290428
0
0
0
0
0
0
0
0
0
9.228812218
0
0
27.6864357
7.693383217
7.693383217
0
7.693383217
0
0
31.69341278
15.84670639
0
15.84670639
9.373871803
0
9.373871803
9.373871803
0
0
19.65380096
9.826900482
19.65380096
0
0
0
0
10.39479828
10.39479828
8.396053314
0
0
16.79210663
8.396053314
6.850943565
0
6.850943565
6.850943565
13.70188713
14.76313114
7.381565571
7.381565571
0
7.381565571
7.44314909
7.44314909
7.44314909
7.44314909
0
22.53248405
0
0
0
0
4.499641895
0
0
8.999283791
4.499641895
0
12.56045532
0
0
0
14.3548069
3.168488741
0
0
0
0
0
0
0
5.043153286
0
4.176055908
0
8.352111816
4.176055908
0
4.199295998
8.398591995
0
4.199295998
4.199295998
2.74759531
2.74759531
2.74759531
0
2.74759531
0
3.617910862
3.617910862
3.617910862
3.617910862
2.278395891
2.278395891
2.278395891
0
0
5.911261559
2.955630779
5.911261559
0
2.955630779
0
3.143203735
6.286407471
0
6.286407471
7.681629658
13.44285107
0
0
0
0
0
0
17.26430511
0
0
0
0
0
0
0
-0.7
6.9
0
0
0
0
0
0
0
0
0
0
0
0
0
0
0
0
0
0
0
1.992411971
1.315947413
0
0
0
0
0
0
5.853652
2.926826
0
0
0
0
0
0
8.887425423
0
0
0
0
7.611313343
10.43218708
4.564081669
4.564081669
0
0
0
0
6.478980541
7.404549599
0
0
5.637974739
0
6.443399429
5.637974739
8.10264492
2.70088172
5.401763439
9.27953434
6.186356068
0
0
6.186356068
3.794670105
3.794670105
7.58934021
3.794670105
4.336766243
0
4.041399956
0
0
8.082799911
12.89726734
4.299088955
0
0
0
3.553700447
8.12274456
7.107400894
0
3.553700447
15.40497971
0
0
0
5.134993076
10.26998615
5.824099064
11.64819813
11.64819813
11.64819813
5.824099064
4.696929932
5.367919922
9.393859863
0
18.78771973
0
0
0
16.83669853
0
0
0
0
0
15.83231163
0
0
0
0
0
0
0
18.55757141
0
9.278785706
0
0
4.486483574
4.486483574
13.45944977
0
0
0
4.201702118
14.70595646
0
10.63457584
12.15380001
10.63457584
0
13.84429073
0
13.84429073
20.76643562
0
5.072741508
5.072741508
5.797419071
10.14548302
10.14548302
8.62577343
0
25.87731934
8.62577343
0
0
15.11805439
7.559027195
7.559027195
0
7.559027195
0
0
9.572855949
0
0
0
18.07842827
0
0
0
0
8.846442223
17.69288445
0
17.69288445
0
37.60825348
0
0
0
0
0
7.016165257
7.016165257
14.03233051
0
17.65994453
0
8.829972267
17.65994453
0
0
14.66001034
14.66001034
0
0
10.72960567
18.39361
0
10.72960567
0
0
0
0
0
0
0
0
0
0
13.72757244
0
0
0
0
0
17.69040489
0
17.69040489
0
0
0
0
0
0
0
0
0
0
44.40789413
0
0
0
0
0
24.2564373
0
0
0
0
0
0
0
0
0
18.10246086
0
0
8.860578537
0
8.860578537
0
0
0
0
14.70342255
0
0
21.45795441
0
0
10.7289772
0
0
0
0
17.02680969
0
0
0
18.53102684
0
10.67687511
10.67687511
10.67687511
0
10.67687511
0
16.24617767
0
0
0
0
24.96570969
33.28761292
8.321903229
0
0
0
0
0
9.796714783
13.40187263
0
0
26.80374527
13.40187263
8.532866478
0
0
17.06573296
8.532866478
6.525778294
0
19.57733536
0
13.05155659
13.05155659
0
0
0
3.334347963
3.334347963
0
0
0
0
0
5.235974789
0
0
0
0
0
0
5.365798473
0
0
4.793944836
0
0
0
0
0
4.665426731
0
0
2.332713366
0
8.065787315
0
0
0
0
0
0
0
0
0
0
0
0
0
0
0
0
0
0
0
0
0
0
0
0
0
0
0
0
0
-0.7
6.9
0
0
0
0
0
0
0
0
0
0
0
0
0
0
0
0
0
0
0
0
0
0
0
0
0
0
0
0
0
0
0
0
0
0
0
0
0
0
0
0
4.263949871
2.938180447
0
0
0
0
0
0
0
0
0
0
0
0
0
0
0
0
0
0
4.575661182
4.575661182
0
0
4.575661182
0
6.653203964
0
4.593878746
2.217734814
0
0
0
0
0
0
0
0
0
0
8.723138809
0
0
0
9.492828369
9.225726128
3.075242043
15.37621117
0
0
0
4.008217335
9.161640167
8.016434669
12.02465153
4.580820084
4.129016876
9.437753677
0
0
4.129016876
2.514289618
7.542868614
2.514289618
0
0
9.187123299
9.187123299
0
9.187123299
9.187123299
2.898388147
0
2.898388147
2.898388147
0
0
9.501592636
0
5.429481506
4.750796318
0
0
0
0
3.281961203
0
8.098586082
16.19717216
0
14.1725235
0
7.319721222
0
0
7.319721222
0
5.284210682
12.07819653
5.284210682
15.85263157
8.583404541
4.291702271
8.583404541
0
4.904803276
25.72616959
8.575389862
0
0
0
8.575389862
17.54262352
17.54262352
0
0
0
0
32.30101776
0
16.15050888
16.15050888
0
0
11.38014603
11.38014603
0
11.44742489
0
11.44742489
0
0
18.84483337
0
0
0
0
0
0
0
0
0
0
10.8400116
10.8400116
0
0
0
9.830784798
0
0
0
0
3.823132992
0
3.468568563
0
0
16.91719246
0
0
14.45536232
0
0
0
13.9367075
0
0
0
0
0
0
0
0
0
0
0
0
0
0
0
0
0
0
0
0
0
0
0
0
0
0
0
0
0
0
0
0
32.95697784
0
0
0
0
0
0
12.0466032
0
0
0
17.42851257
0
0
0
0
0
23.6916523
47.3833046
0
0
0
27.25576782
0
27.25576782
13.62788391
16.45871353
16.45871353
0
0
0
0
0
2.007813931
9.455516815
9.702785492
0
0
7.262996197
0
0
0
3.976133823
0
7.952267647
0
21.07623482
5.269058704
0
0
0
0
17.70653725
0
8.853268623
8.853268623
13.46295452
6.731477261
0
0
0
0
0
5.200004578
15.60001469
0
0
0
0
0
0
3.44585681
3.116281986
0
0
6.232563972
9.348846436
6.573118687
6.573118687
0
0
0
0
0
0
4.969763756
0
4.577894688
0
0
0
0
0
0
0
0
0
0
0
0
0
0
0
0
0
0
5.417737961
3.808550358
0
0
0
3.808550358
0
0
7.235618591
0
0
0
0
0
0
0
0
0
0
0
0
0
-0.7
6.9
0
0
0
0
0
0
0
0
0
0
0
0
0
0
0
0
0
0
0
0
0
0
0
0
0
0
0
0
0
0
0
0
6.332630634
0
0
9.498945236
0
0
0
0
0
0
0
2.448954344
2.448954344
2.448954344
0
0
0
0
0
0
0
0
0
0
0
0
3.630423307
8.625270844
5.750180721
0
0
3.285817146
4.183192253
0
0
0
8.366384506
0
9.357712746
9.357712746
4.678856373
4.678856373
0
0
13.75404835
9.169365883
0
0
0
0
0
0
7.004480839
12.00768185
10.5067215
4.002560616
4.002560616
8.005121231
2.553554058
2.553554058
2.553554058
2.918347597
5.107108116
2.615085602
4.576399803
0
2.288199902
2.288199902
0
11.23336887
1.361620545
4.595469475
9.020736694
2.808058739
0
1.20746541
33.72478867
0
0.506845713
0.865861356
14.08608437
0.506845713
0
5.970075607
8.020667076
3.40034771
0
0
0
25.37317276
0
12.68658638
0
9.177621841
0
9.177621841
13.76643276
4.588810921
0
3.472117901
3.472117901
3.472117901
0
0
0
4.344296932
8.688593864
0
0
0
5.115215778
8.951626778
0
0.137425989
0
0.632633448
0
0.286699086
0.298546135
10.82759953
10.82759953
0
0
21.65519905
10.22924328
10.22924328
20.45848656
10.22924328
30.68773079
0
0
0
0
31.86307716
6.925093174
6.925093174
0
0
0
13.95947647
0
0
0
0
11.29143143
11.29143143
11.29143143
11.29143143
0
8.770715714
17.54143143
8.770715714
26.31214523
0
0
0
8.11286068
0
0
0
0
0
0
0
0
0
0
0
0
0
0
0
0.488235325
1.256331444
3.24616313
3.90149188
0
0
4.648261547
2.865158319
0
5.576429367
5.576429367
0
0
21.61423683
0
0
0
0
0
0
4.134054661
0
0
32.5996933
0
0
0
16.29984665
0
0
5.01517868
10.03035736
10.03035736
0
0
0
0
0
0
0
5.336248398
5.336248398
5.336248398
0
0
20.24122238
0
0
11.80737972
0
0
5.987681866
5.987681866
5.987681866
21.35857964
0
32.0378685
10.67928982
21.35857964
27.02718544
0
13.51359272
0
0
23.12789154
0
23.12789154
11.56394577
11.56394577
0
0
0
14.50737858
0
5.178633213
10.35726643
10.35726643
5.178633213
10.35726643
0
0
15.48211575
7.741057873
0
2.310135126
3.688340187
0
0
1.968864918
9.596356392
19.19271278
19.19271278
9.596356392
0
16.58461189
24.87691689
8.292305946
0
0
0
1.83444047
0
0
0
0
0
0
0
3.112507343
0
0
0
1.709811687
0
3.419623375
0
0
7.917313099
7.917313099
0
0
5.557313442
0
2.778656721
2.778656721
0
20.18430138
0
5.046075344
0
10.63777161
10.63777161
0
0
0
3.921797276
0
0
0
0
0
0
0
0
0
0
0
0
0
0
0
0
0
0
0
0
0
0
0
0
0
-0.7
6.9
0
0
0
0
0
0
0
0
0
1.851870537
2.584187508
0
0
0
0
0
0
0
0
0
0
0
0
0
0
0
0
0
0
0
0
0
0
0
0
0
0
0
0
0
0
3.265896797
3.265896797
0
0
0
0
0
0
5.963502884
0
0
0
0
0
0
0
0
3.2605896
4.003274918
4.003274918
0
8.006549835
8.006549835
0
0
0
4.656290054
4.074253559
9.650157928
4.825078964
0
0
0
0
0
2.048818588
5.378148079
5.378148079
4.552470207
2.276235104
0
2.276235104
2.276235104
1.788201332
0
3.576402664
3.576402664
4.087317467
4.087317467
8.96356678
14.64941025
5.819628716
9.96695137
0
0
0
8.696530342
4.348265171
0
0
5.097847462
0
0
2.854794979
14.62413788
4.807935238
0
0
0
0
0
3.311098099
7.596047401
11.88099861
0
10.60671043
0
0
7.071140289
6.726527691
13.45305538
6.726527691
6.726527691
0
0
8.541044235
0
9.761194229
0
5.66699934
6.476571083
5.66699934
5.66699934
0
0
0
0
0
7.967835903
7.257297993
14.51459599
0
0
8.294054985
6.48355341
6.48355341
0
19.4506588
0
0
13.76815987
0
0
0
15.73504066
13.29766178
26.59532356
0
13.29766178
0
0
0
0
0
0
0
30.81724548
0
0
0
0
0
0
14.11712551
28.23425102
0
23.30272865
0
0
0
0
0
0
0
15.04645348
0
0
0
30.01343536
0
0
0
0
0
0
0
0
0
0
22.5532093
0
0
20.30099678
0
0
0
0
0
0
0
0
0
0
0
0
0
10.48168468
0
0
0
0
0
0
0
0
0
0
0
0
7.164836884
7.164836884
0
10.63465691
21.26931381
21.26931381
0
0
21.62275696
0
0
0
0
0
59.32170486
0
0
0
0
0
0
0
0
0
0
9.880831718
19.76166344
0
0
0
0
0
22.14527512
0
10.59701061
0
21.19402122
0
0
9.590156555
0
19.18031311
19.18031311
3.837634325
11.51290226
3.837634325
3.837634325
3.837634325
10.30823517
5.154117584
5.154117584
15.4623518
0
17.60161781
17.60161781
8.800808907
0
17.60161781
13.95551682
6.977758408
0
20.93327332
6.977758408
5.514824867
0
0
5.514824867
0
16.39842224
0
0
8.199211121
0
0
0
0
3.608446598
3.608446598
3.608446598
4.896330357
0
0
0
0
0
0
0
3.159296513
0
2.12057972
4.241159439
2.12057972
0
2.12057972
0
0
0
0
0
0
0
0
0
0
0
0
0
0
0
0
0
0
0
0
0
0
0
0
0
0
0
0
0
0
0
0
0
0
0
0
0
0
0
0
0
-0.7
6.9
0
0
3.691621304
0
0
0
0
0
0
0
0
0
0
0
0
0
0
0
0
0
0
0
0
0
0
0
0
0
0
0
0
0
0
0
0
0
0
0
0
0
0
0
0
0
0
0
0
0
0
0
0
0
0
0
0
0
0
5.341477871
6.104546547
0
7.878306389
10.50440788
5.252203941
2.626101971
4.510433197
4.510433197
4.510433197
13.5313015
5.154781342
6.517442703
0
3.258721352
9.776164055
13.03488541
0
0
13.80030823
0
3.018817186
0
0
0
0
0
0
0
9.036079407
3.012026548
3.012026548
3.012026548
7.672933102
3.356907845
0
3.356907845
6.713815689
2.576557636
2.944637537
5.889275074
2.576557636
5.153115273
4.250524521
8.008235931
3.1416924
0
2.186864376
4.389274597
22.79735184
15.13851738
3.672657967
0
0
0
2.101262569
40.02905273
0
0
9.682035446
0
14.52305222
4.841017723
13.52956581
22.54927444
4.50985527
0
0
3.180325508
0
3.180325508
3.180325508
3.180325508
13.99256897
0
6.996284485
7.995754242
6.996284485
6.15233469
0
3.515619993
3.076167345
0
0
9.363223076
10.70082664
18.72644615
0
8.654066086
0
0
8.654066086
8.654066086
0
0
0
20.44795036
0
13.63196754
21.41343117
7.137810707
28.55124283
0
0
0
0
16.6966877
0
8.348343849
7.565521717
7.565521717
0
15.13104343
7.565521717
0
0
0
17.27965355
8.639826775
0
8.516251564
0
0
8.516251564
10.06685638
10.06685638
20.13371277
11.50497913
0
0
0
0
0
0
0
0
11.87485313
0
0
0
0
0
6.590176582
26.36070633
10.29771805
10.29771805
0
0
0
0
6.593989849
0
0
0
13.1879797
6.632194042
0
0
13.26438808
0
0
0
12.6491642
0
0
2.783603668
0
2.534326077
0
3.564674854
0
9.008847237
0
0
23.64822006
0
10.86912632
10.86912632
10.86912632
32.60737991
23.58296394
0
11.79148197
11.79148197
0
0
10.06093979
10.06093979
0
0
20.12187958
0
14.53853416
0
0
0
0
29.20994568
9.73664856
0
9.73664856
14.04645729
7.023228645
0
7.023228645
7.023228645
22.46792793
0
11.23396397
0
0
8.419231415
8.419231415
8.419231415
16.83846283
0
0
0
0
0
0
0
16.26695251
0
0
0
0
4.827835083
4.827835083
9.655670166
4.827835083
6.527308941
0
0
6.527308941
0
7.437344074
0
0
7.437344074
14.87468815
0
12.78602219
12.78602219
12.78602219
0
0
13.99838543
0
0
4.666128159
9.332256317
0
11.05439758
0
0
0
0
0
0
4.56879282
0
0
0
0
0
0
0
0
0
0
0
0
0
0
0
0
0
0
2.910513639
0
2.910513639
5.392844677
0
5.392844677
0
5.392844677
0
3.444326639
0
0
0
0
0
0
0
0
0
4.505279064
13.51583672
0
0
0
0
0
0
0
0
-0.7
6.9
0
0
0
0
0
0
0
0
0
0
0
0
0
0
0
0
0
1.74358356
0
0
2.304871559
0
0
0
0
3.05380249
2.672077179
0
0
0
0
0
0
6.678225994
4.452150822
2.226075411
0
3.120395184
6.240790367
6.240790367
3.120395184
5.993263245
3.424721956
5.993263245
0
5.993263245
8.550720215
0
3.740940094
0
0
0
0
0
0
0
3.816424847
0
5.724636555
1.908212423
11.17712688
0
0
4.257953167
3.725708723
0
0
3.219936848
0
11.03978348
0
0
10.83578873
14.22197247
14.22197247
2.485045433
0
0
0
4.970090866
0
6.177210331
3.088605165
3.088605165
0
0
0
0
0
0
0
9.940475464
9.940475464
4.970237732
0
9.940475464
2.892998934
0
0
5.785997868
5.785997868
8.141348839
4.070674419
0
0
16.28269768
8.979095459
7.856708527
0
0
3.928354263
0
5.581182003
5.581182003
0
0
0
7.404019833
0
7.404019833
3.702009916
0
6.400405884
0
7.314750671
7.314750671
0
0
5.308049679
0
12.13268471
0
0
0
0
14.80627155
2.76377058
0
0
0
8.291311264
4.529903889
13.58971024
0
0
4.529903889
4.577084064
22.88541794
4.577084064
15.6928587
13.73125172
0
0
9.175330162
18.35066032
9.175330162
0
7.401246548
37.00623322
0
14.8024931
7.401246548
25.3680172
16.91201019
0
0
0
14.32235909
0
0
0
0
0
0
0
0
0
0
25.42010498
0
11.12129593
0
0
0
13.23075199
6.615375996
6.615375996
0
0
0
8.427433968
0
8.874130249
8.874130249
26.62239075
26.62239075
0
9.365159988
18.73031998
0
0
9.365159988
0
0
0
0
0
0
0
0
0
0
0
0
0
51.37754059
17.12584686
0
0
0
0
0
0
0
0
7.761467457
0
0
0
0
0
0
0
8.768505096
0
0
8.768505096
8.768505096
0
0
0
0
11.67109585
35.01328659
0
0
11.18000031
0
0
0
0
33.46383286
0
11.15461159
0
0
0
0
0
0
0
0
0
0
20.30442238
0
0
0
20.30442238
10.96423912
0
21.92847824
0
0
0
14.26445866
7.132229328
0
0
5.499577522
16.49873352
0
0
0
7.672937393
7.672937393
7.672937393
0
7.672937393
7.048014164
14.09602833
0
7.048014164
7.048014164
7.40209341
7.40209341
7.40209341
0
0
10.53023529
10.53023529
0
0
0
0
0
0
0
0
0
0
0
0
0
0
0
0
0
0
0
0
0
0
0
0
0
0
0
0
0
0
0
0
14.51610947
0
10.30390358
5.15195179
0
5.15195179
0
0
0
0
0
0
0
0
0
0
0
0
0
0
0
0
0
0
0
0
7.093427181
0
0
0
0
0
0
-0.7
6.9
2.683243513
0
0
0
0
0
0
0
0
1.740355492
0
0
1.249762535
1.249762535
1.249762535
1.16545105
0
0
0
1.16545105
1.60010159
0
0
0
0
0
0
0
0
0
0
0
0
0
0
0
0
0
0
0
0
0
0
0
0
0
0
0
0
0
0
0
0
0
0
0
0
6.203713417
6.203713417
3.070056915
6.140113831
0
0
0
0
0
0
0
0
0
5.926468849
0
0
0
0
0
0
1.787657022
1.787657022
0
0.636351943
12.30280399
13.21187973
12.3331089
14.36297512
0
0
0
7.18148756
3.59074378
4.118643761
8.237287521
16.47457504
12.35593128
0
0
0
7.21782732
0
0
9.133424759
18.26684952
0
5.219099998
9.133424759
7.917339802
0
0
7.917339802
7.917339802
0
7.926905155
0
0
7.926905155
2.517857075
3.710526466
17.49248314
13.11936283
6.559681416
12.4896822
12.4896822
0
0
6.244841099
0
13.12875175
0
13.12875175
0
0
6.07524538
0
0
0
0
0
10.1648941
5.082447052
10.1648941
0
19.12421227
0
0
0
12.42439461
7.099654198
6.212197304
6.212197304
0
12.42439461
21.73246002
10.86623001
38.03180313
19.01590157
0
2.519035816
0
0
0
26.8342762
31.41788101
0
0
20.94525337
0
16.95245743
0
0
19.37423897
0
0
5.520376682
16.56113052
0
0
0
0
0
10.52914143
0
0
0
0
0
0
0
0
0
0
0
0
30.64627075
0
0
30.64627075
0
0
0
0
0
0
0
0
18.96164131
0
0
0
0
0
0
0
0
20.41254234
0
0
0
0
0
0
0
0
0
0
0
0
10.52403164
0
0
0
0
0
0
0
0
19.1032505
0
0
0
17.51801682
0
0
0
0
0
0
0
10.48674297
5.423081875
5.423081875
5.423081875
0
5.423081875
16.9462471
0
11.29749775
5.648748875
0
19.10644531
33.4362793
16.71813965
0
0
0
0
5.161743164
10.32348633
5.161743164
5.557008743
5.557008743
5.557008743
0
0
0
0
9.358550072
32.08646011
18.71710014
7.812805653
3.906402826
4.46446085
3.906402826
0
4.321338177
0
0
8.642676353
0
0
0
14.40330887
0
0
0
0
6.900592804
0
0
6.058623791
6.058623791
0
12.11724758
12.11724758
6.058623791
6.298390865
0
0
3.149195433
0
0
0
5.326943874
0
10.65388775
0
0
0
5.151469231
0
0
0
4.12760973
0
4.12760973
0
0
0
0
0
9.949920654
0
0
4.974960327
0
5.113926411
0
2.556963205
0
0
0
0
0
0
6.911350727
4.64512825
0
0
0
0
0
0
0
0
0
0
0
3.170347214
0
0
0
0
0
0
0
0
-0.7
6.9
0
0
0
0
5.247618198
0
0
0
0
0
0
0
0
0
0
0
0
0
0
0
0
0
0
0
0
0
0
0
3.371690035
8.85068512
0
5.914892197
0
0
1.971630692
0
0
1.751667023
0
0
1.751667023
0
6.622601509
0
0
0
0
0
0
0
0
0
0
0
0
0
0
0
0
0
0
5.156933784
0
0
0
0
0
0
0
0
0
9.472949982
4.736474991
0
0
0
0
0
3.247444153
0
0
0
0
0
0
2.661512136
0
0
5.323024273
3.041728497
15.45878506
7.729392529
0
0
8.833591461
4.568859577
4.568859577
9.137719154
10.4431076
4.568859577
5.540502071
6.33200264
2.770251036
5.540502071
5.540502071
0
0
0
16.09523201
0
0
5.461996555
5.201900482
12.74465752
0
0
17.39458847
5.798196793
6.626511097
17.39458847
5.076305389
10.15261078
0
15.22891521
0
8.41063118
14.88460541
11.45395374
0
5.035312653
7.006990433
0
0
0
0
10.31455326
0
0
11.78806114
11.78806114
0
0
7.909113407
0
0
0
0
16.19708252
0
6.17031765
5.399027824
20.86004639
8.169929504
12.1861763
8.307367325
3.634473562
0
0
0
0
0
0
15.1785326
0
7.5892663
0
0
0
31.98759842
10.66253281
0
31.98430634
7.996076584
0
0
0
0
0
0
0
0
0
15.09708691
0
0
0
0
10.60970497
10.60970497
10.60970497
0
12.56489086
0
0
0
0
0
0
0
0
17.74184799
0
0
0
0
0
0
0
0
0
0
0
0
0
0
0
0
0
0
0
0
14.90484905
22.86724091
0
11.43362045
0
0
0
0
12.44673634
0
0
0
0
8.244545937
0
0
0
0
0
0
0
0
0
0
0
0
0
0
0
0
17.2782383
0
17.21218681
0
0
0
0
12.68833637
0
0
12.68833637
0
15.69948959
0
0
0
15.69948959
16.5314579
8.265728951
0
0
0
0
0
6.338097095
12.67619419
6.338097095
0
14.60600948
0
0
0
6.304430008
12.60886002
6.304430008
0
6.304430008
0
10.82786655
10.82786655
9.474383354
9.474383354
0
6.78083086
13.56166172
0
0
10.15802193
0
0
0
0
0
0
0
0
0
0
0
3.363350868
0
0
0
0
0
0
0
0
0
0
0
5.155060291
0
0
0
0
0
2.936865568
3.189828396
3.189828396
1.594914198
1.594914198
0
0
0
0
0
0
0
2.712677479
5.425354958
5.425354958
0
0
2.064360619
2.064360619
0
0
0
0
0
0
0
0
0
0
0
5.932280064
0
0
4.674468994
0
1.558156371
1.558156371
-0.7
6.9
0
0
0
0
0
0
0
0
0
0
0
0
0
0
0
0
0
0
0
0
0
0
0
0
0
0
0
0
0
5.346404552
5.346404552
0
5.78387928
5.78387928
0
0
0
0
0
0
0
0
0
0
0
8.774326324
3.80210638
7.604212761
3.80210638
0
0
0
0
0
0
0
0
2.040903568
6.122710705
0
8.548303604
4.274151802
9.769490242
12.82245636
3.709309816
7.418619633
4.239211082
3.709309816
4.239211082
11.43188953
7.621260166
3.810630083
0
0
13.35701942
7.791594505
7.791594505
7.791594505
0
0
0
5.737297058
5.020134449
0
0
4.493681908
4.493681908
0
8.987363815
5.13563633
23.66623497
6.378027916
0
0
0
0
19.77223396
0
0
0
0
0
3.348061562
1.978399992
14.76191044
8.450547218
21.12636757
0
0
4.828884125
17.82914543
0
0
7.131659031
0
4.010503292
14.03676128
7.018380642
0
7.018380642
2.848785162
2.848785162
2.848785162
0
0
8.68480587
0
4.342402935
8.68480587
0
0
4.404353619
8.808707237
8.808707237
4.404353619
5.061534882
0
0
15.18460464
5.061534882
0
0
0
4.032521248
0
9.183013916
9.183013916
4.591506958
4.591506958
0
0
0
15.26889992
17.45017052
7.634449959
0
0
0
0
16.30674362
0
9.626280785
8.422995567
0
0
25.26898384
0
12.76870155
11.1726141
0
0
0
14.69284344
0
22.03926468
0
6.520283222
13.04056644
0
13.04056644
6.520283222
12.72493076
38.17478943
0
0
22.26862717
0
19.82893181
0
0
0
17.11110115
17.11110115
0
8.555550575
8.555550575
9.343894005
9.343894005
0
18.68778801
18.68778801
0
0
0
15.84225273
0
0
0
10.36388874
0
0
0
0
0
0
0
0
0
0
0
0
0
11.09142399
0
0
0
0
0
22.19676018
12.68386269
0
22.19676018
0
22.2326107
0
0
11.11630535
40.87444305
0
0
13.62481403
13.62481403
13.62481403
0
16.55162048
0
0
0
13.55635452
0
0
0
13.55635452
0
0
21.44104576
0
0
0
34.74581909
0
0
11.5819397
22.17279434
0
33.25919342
0
22.17279434
11.09126759
0
22.18253517
11.09126759
22.18253517
6.075983524
0
0
6.075983524
18.22795105
0
0
7.721253395
7.721253395
0
5.990365505
5.990365505
5.990365505
0
0
0
6.496882439
6.496882439
6.496882439
6.496882439
0
0
13.82126999
6.910634995
6.910634995
29.21990776
0
22.26278687
9.739969254
0
9.739969254
0
4.203053474
4.203053474
6.304580688
2.101526737
0
0
0
2.775740147
5.551480293
0
3.632900715
0
0
0
0
0
4.611737251
0
0
3.337384701
6.674769402
0
0
3.337384701
5.953581333
2.976790667
0
0
0
0
0
0
0
0
0
0
0
0
0
0
0
0
0
0
0
0
0
0
0
0
0
0
0
3.285688877
3.186215878
0
0
0
0
0
-0.7
6.9
0
2.32960844
0
0
0
0
0
0
0
0
0.735395849
0.735395849
0.735395849
0.735395849
0
0
0
0
0
1.74060154
0
0
0
0
0
3.66075635
0
0
0
0
0
0
0
0
0
0
0
0
0
0
0
0
0
0
0
0
0
0
0
0
0
9.52153492
0
0
0
0
0
0
0
0
0
0
0
0
0
0
0
0
0
0
0
0
0
0
0
13.20471001
8.80314064
8.80314064
13.20471001
13.20471001
0
0
0
0
9.599696159
6.712135792
6.712135792
13.42427158
0
13.42427158
6.712135792
3.188714981
3.188714981
0
6.377429962
9.566145897
0
3.671770096
0
0
0
8.997048378
2.999016047
0
0
2.999016047
0
7.870830536
3.935415268
0
3.935415268
7.152266979
17.88066864
0
0
0
4.008710384
8.017420769
8.017420769
12.02613068
0
10.94973469
0
0
5.474867344
10.94973469
6.138552189
12.27710438
0
3.069276094
6.138552189
0
0
5.644068718
11.28813744
5.644068718
0
0
0
0
0
8.697602272
13.04640388
8.697602272
4.348801136
0
12.65378189
6.326890945
0
0
0
6.326890945
22.32089043
7.44029665
0
0
14.8805933
0
0
0
23.27062225
0
0
18.71743774
9.358718872
0
0
30.86694908
10.28898335
10.28898335
10.28898335
10.28898335
0
20.91740227
0
0
0
16.10895538
0
0
0
16.10895538
0
0
0
0
0
21.52638245
21.52638245
0
21.52638245
0
0
0
0
13.83328533
0
0
0
0
0
0
0
0
0
0
0
0
0
0
0
0
0
47.05483627
0
15.68494606
0
0
0
0
6.263065338
6.263065338
0
0
0
11.52584267
5.762921333
0
0
0
0
0
0
0
0
14.83728409
0
0
0
0
14.69845104
0
0
0
0
0
0
0
0
0
0
11.57233524
0
34.71700668
0
0
10.132267
0
20.264534
0
16.24419403
16.24419403
0
16.24419403
0
9.348151207
0
9.348151207
9.348151207
0
15.56439114
0
0
0
5.439312935
5.439312935
10.87862587
5.439312935
0
8.373048782
16.74609756
0
0
0
0
0
0
11.56748199
5.783740997
0
8.828947067
17.65789413
0
0
0
10.19655991
0
10.19655991
0
0
7.557028294
7.557028294
15.11405659
0
15.11405659
2.583925724
0
0
2.583925724
5.167851448
0
0
0
0
0
0
0
0
3.158972979
3.158972979
0
0
0
9.619790077
0
0
0
0
0
0
0
0
0
0
0
0
0
0
0
0
0
0
0
0
0
7.82102108
0
0
0
0
0
0
0
0
0
0
0
0
0
0
0
0
0
0
0
0
-0.7
6.9
0
0
0
4.049431801
0
0
0
0
0
0
0
0
0
0
0
0
0
0
0
0
0
0
0
0
0
0
0
0
0
0
0
0
0
3.811689377
0
0
0
0
0
0
0
0
0
0
0
0
0
0
0
0
0
0
0
0
0
0
2.390888214
1.195444107
2.390888214
10.33609486
5.168047428
0
10.33609486
0
3.017809391
0
1.508904696
1.508904696
1.508904696
0
2.668986797
8.006960869
10.67594719
0
6.73287487
0
2.244291544
4.488583088
0
2.082522392
2.082522392
6.247567654
0
4.165044785
7.568040371
7.568040371
5.045359612
2.522679806
0
5.045359612
20.6682148
12.4009285
16.5345726
0
8.267286301
3.953955889
0
0
0
3.953955889
7.571500301
7.571500301
2.523833513
0
0
6.238922596
6.238922596
6.238922596
3.119461298
0
3.750823021
3.750823021
0
7.501646042
7.501646042
8.729194641
0
0
8.729194641
4.364597321
0
3.562818289
10.68845367
10.68845367
3.562818289
0
0
0
12.19355202
0
0
4.774456978
4.774456978
4.774456978
19.09782791
0
0
0
6.367408276
19.10222435
0
0
0
13.32379341
6.661896706
0
12.17762184
0
6.088810921
6.088810921
24.35524368
8.627152443
8.627152443
0
0
8.627152443
0
0
7.249881744
7.249881744
0
0
0
12.98628521
0
0
0
0
20.24800301
0
0
0
0
23.26557159
11.6327858
0
0
22.26708031
11.13354015
11.13354015
11.13354015
8.287464142
0
8.287464142
0
8.287464142
0
7.165854454
0
0
0
0
19.99348259
0
0
0
0
0
0
0
0
2.949432611
2.949432611
0
0
0
0
0
0
0
0
0
0
0
0
0
0
0
0
0
0
0
0
0
0
0
0
0
0
0
0
0
0
0
0
0
0
0
0
30.11938477
0
0
0
0
0
0
0
0
0
0
10.4622345
20.92446899
0
0
41.4826355
0
0
0
0
14.64610386
14.64610386
0
0
10.80852413
21.61704826
10.80852413
0
21.61704826
0
11.71953487
0
0
13.39375496
4.11659193
0
0
0
0
0
6.582746029
0
0
0
0
0
0
3.845124006
7.690248013
0
14.69657803
7.348289013
0
0
0
5.570985794
0
11.14197159
0
0
0
4.511437416
0
4.511437416
0
2.517527103
0
0
0
2.517527103
4.695538998
0
0
0
4.695538998
11.62893105
0
0
0
0
0
0
0
0
0
7.67431879
0
0
0
0
5.848618507
0
0
0
0
5.017433643
5.017433643
2.508716822
0
0
0
0
0
0
0
2.171210051
0
0
0
0
0
0
0
0
0
0
0
0
0
0
0
0
0
0
0
0
-0.7
6.9
2.83229208
0
0
0
0
2.162151337
2.162151337
0
2.162151337
0
2.07395649
0
0
0
0
0
0
0
0
0
0
0
0
2.265551329
0
0
0
0
0
0
0
0
0
0
0
0
0
0
0
0
0
0
0
0
0
0
0
0
0
0
0
0
0
6.796649933
3.398324966
0
1.966376543
0
1.966376543
0
4.750919819
2.375459909
0
0
5.358025074
0
5.358025074
0
8.037037849
0
0
4.053369522
0
4.053369522
4.324519157
4.324519157
4.324519157
4.324519157
0
0
4.023202896
0
0
4.023202896
0
0
8.805562973
13.20834541
0
0
0
0
2.595330715
5.19066143
0
5.565680027
22.26272011
16.69704056
16.69704056
11.13136005
6.085622311
0
9.128432274
0
9.128432274
5.454742908
5.454742908
0
16.3642292
0
0
0
3.871917725
0
0
8.039559364
12.05933952
0
4.019779682
8.039559364
7.206337929
14.41267586
7.206337929
3.603168964
0
14.09405804
7.047029018
0
14.09405804
0
11.94997215
5.974986076
0
11.94997215
0
4.957841873
19.83136749
4.957841873
9.915683746
0
0
6.691719055
10.03757858
0
0
0
17.08935547
17.08935547
5.696452141
0
0
0
8.202010155
24.60602951
8.202010155
0
38.33562088
0
0
7.667124271
15.33424854
0
0
15.61627007
8.923583031
0
13.39713097
0
0
13.39713097
0
14.83343029
0
0
7.416715145
0
0
38.16847992
0
0
0
0
12.06861973
21.12008286
0
21.12008286
0
0
5.168865204
5.168865204
5.168865204
0
26.61966515
0
0
0
16.48311043
8.241555214
0
0
0
0
6.450790405
12.90158081
0
0
0
0
0
0
0
19.37786102
0
0
0
0
33.29305649
0
0
0
14.23291111
0
0
0
4.99681139
0
0
0
0
0
0
5.813432217
0
0
0
0
9.716385841
0
0
0
9.636209488
9.636209488
0
0
8.652871132
8.652871132
8.652871132
0
17.16707802
0
8.583539009
0
9.809760094
0
0
9.34105587
0
0
3.651904345
0
0
4.173604965
0
9.244635582
0
9.244635582
21.13059425
0
0
0
0
0
0
0
10.801404
0
0
0
0
0
9.137903214
18.27580643
0
4.635333061
4.635333061
0
13.90599918
9.270666122
0
10.60667992
10.60667992
21.21335983
0
15.44334602
15.44334602
7.721673012
0
7.721673012
0
9.079304695
0
0
9.079304695
9.079304695
3.879773855
0
3.879773855
0
7.75954771
0
0
3.644398928
3.644398928
7.288797855
0
0
0
5.335775375
0
10.56824207
0
0
0
0
0
0
3.888044834
0
3.888044834
0
0
0
0
3.278962135
1.543175459
0
1.543175459
3.086350918
6.172701836
1.798160672
0
0
3.596321344
0
0
0
0
0
0
0
0
0
0
0
0
0
0
0
0
0
0
0
0
0
0
-0.7
6.9
0
0
0
0
0
0
0
0
0
0
0
0.789361358
1.578722715
0.789361358
0
0
0
0
0
0
0
0
4.543310642
2.271655321
0
0
0
0
0
0
0
0
0
0
0
0
0
0
0
0
5.384984016
1.904903173
0
0
5.714709282
1.904903173
7.038706779
3.51935339
0
0
0
2.260509729
0
4.521019459
2.260509729
0
5.932385445
0
0
2.651528597
0
2.651528597
0
0
4.09218502
0
0
4.09218502
0
2.086720228
0
2.086720228
0
0
0
0
0
6.971165657
3.485582829
0
0
0
0
5.345760345
0
6.028459549
3.014229774
6.028459549
9.042689323
3.014229774
2.666189671
2.666189671
5.332379341
0
2.666189671
6.920529842
6.920529842
10.38079453
0
0
11.84194183
11.84194183
0
4.511215687
19.73656845
3.356488943
0
3.356488943
6.712977886
6.712977886
0
0
0
0
0
4.324600697
21.62300301
0
0
0
0
0
0
6.976664066
3.488332033
0
0
0
0
0
15.85952854
10.57301903
0
0
0
5.246308327
5.246308327
5.246308327
5.246308327
0
0
0
2.613690376
7.841072083
5.227380753
0
0
13.52554703
10.14416027
3.381386757
6.762773514
10.88024426
21.76048851
5.440122128
5.440122128
5.440122128
12.06097603
24.12195206
0
12.06097603
24.12195206
0
0
0
0
0
0
0
93.56903076
0
0
0
17.65843964
0
0
0
0
0
0
8.115941048
0
0
0
0
0
0
0
0
0
0
0
0
0
3.875161171
3.875161171
0
32.84228516
21.89485359
0
0
0
0
0
0
0
0
0
9.798127174
0
0
0
0
0
0
0
0
0
0
0
0
0
10.08371258
21.86539268
0
0
0
0
0
0
0
23.15349579
0
0
0
9.153492928
0
0
0
0
0
0
0
0
0
0
0
20.58192825
0
0
0
0
16.82775688
16.82775688
0
0
12.833395
0
0
8.468399048
8.468399048
8.468399048
33.87359619
0
0
7.454276085
0
7.454276085
14.90855217
12.60790825
12.60790825
0
0
37.82372284
0
0
0
0
4.205746174
0
0
0
22.29022217
7.430073738
0
10.17456532
20.34913063
30.52369499
0
34.10072708
13.64029217
0
6.820146084
0
0
0
0
0
0
6.185274601
0
6.185274601
18.55582428
6.185274601
6.185274601
0
0
9.334858894
0
0
4.883843899
0
4.883843899
9.767687798
4.883843899
3.960768938
3.960768938
3.960768938
11.8823061
0
0
0
9.015687943
9.015687943
0
0
0
0
5.850384235
0
0
0
0
3.521307707
0
0
2.916505337
1.458252668
7.291263103
0
0
0
0
0
0
0
0
11.82821083
0
0
0
0
0
0
0
0
0
0
0
0
0
0
0
0
0
0
-0.7
6.9
0
0
0
0
0
0
0
0
0
0
0
0
0
0
0
0
0
0
0
0
0
3.708773136
3.708773136
0
0
0
0
0
0
0
0
1.907369971
3.814739943
0
0
0
0
0
0
0
0
0
0
0
5.139500141
5.139500141
2.677166224
0
0
0
5.354332447
5.325242043
0
0
0
0
2.705458879
5.410917759
5.410917759
5.410917759
13.65497971
0
4.551659584
0
0
0
0
0
0
0
0
0
0
0
8.479120255
10.7480278
0
0
0
5.374013901
5.110237122
5.110237122
5.110237122
2.555118561
5.110237122
2.925999165
0
0
5.851998329
8.777997971
2.925999165
8.850193977
5.900129318
5.900129318
2.950064659
0
0
7.086252213
7.086252213
0
0
0
2.385306835
2.385306835
0
4.77061367
0
0
4.834515095
2.417257547
0
2.444909811
4.889819622
2.444909811
0
0
0
11.97307873
7.183847427
9.578463554
2.394615889
4.945898056
0
0
0
0
12.86249352
0
2.572498798
0
0
22.81662178
0
0
7.605540276
7.605540276
0
0
0
6.20273447
3.101367235
0
8.216030121
8.216030121
0
4.10801506
30.79133797
0
0
0
0
18.47480392
0
0
19.75285912
0
0
0
22.72312546
0
11.36156273
0
0
0
7.174016953
14.34803391
0
0
0
0
0
0
0
0
0
0
0
0
0
0
0
27.78137016
0
0
0
0
0
28.4729805
9.4909935
0
28.4729805
18.981987
0
11.35683727
0
11.35683727
0
0
11.25416183
0
0
0
0
0
0
0
0
0
0
0
0
0
0
0
0
0
0
0
0
0
0
0
0
0
0
0
60.73236084
0
0
0
0
0
0
0
0
0
0
0
21.54174995
0
10.77087498
21.54174995
0
10.77087498
14.78677845
0
14.78677845
0
0
0
0
0
0
0
11.62712765
0
11.62712765
23.25425529
0
11.14781666
0
0
22.29563332
22.29563332
8.434526443
0
4.217263222
4.217263222
0
22.22399139
0
0
22.22399139
11.1119957
15.97480869
0
15.97480869
0
15.97480869
0
5.930089474
0
5.930089474
17.79026985
13.75490379
0
4.584967613
0
0
5.126508236
5.126508236
0
0
10.25301647
0
0
8.293952942
8.293952942
0
0
5.622976303
0
11.24595261
0
11.24595261
0
4.636857033
2.318428516
0
0
0
4.653952599
0
0
0
0
0
0
0.995783627
1.991567254
5.007692814
5.007692814
2.503846407
2.503846407
5.007692814
3.636465073
0
1.818232536
0
3.636465073
2.145129919
2.145129919
0
0
0
0
0
0
0
0
0
0
1.761571407
1.761571407
0
3.843546629
7.687093258
3.843546629
0
0
0
0
0
0
0
0
6.377799034
0
0
6.377799034
1.389894485
1.75248611
1.75248611
0
0
0
-0.7
6.9
0
0
0
0
0
0
0
0
0
0
0
0
0
0
0
0
0
0
0
0
0
0
0
0
0
0
0
2.997663498
2.997663498
0
0
0
0
0
0
0
3.063088894
0
1.531544447
3.063088894
1.531544447
0
5.281494141
2.64074707
0
0
0
0
0
0
0
4.469418049
2.234709024
0
0
4.469418049
4.289336681
4.289336681
2.144668341
9.168253899
0
4.584126949
0
0
2.730962276
2.730962276
5.461924553
5.461924553
5.461924553
0
11.05527782
16.58291626
0
5.527638912
0
4.890015602
4.890015602
4.890015602
14.67004585
4.058537483
0
0
6.087806225
0
0
0
0
4.387105465
8.77421093
8.77421093
0
1.660803556
1.660803556
1.660803556
3.321607113
0
0
0
3.194648504
6.389297009
0
0
0
23.16861534
7.72287178
0
0
5.633316517
4.224987507
10.56246758
9.831630707
9.831630707
14.74744511
0
9.831630707
0
0
0
8.043240547
8.043240547
0
0
16.39081192
16.39081192
8.19540596
7.319066048
7.319066048
7.319066048
7.319066048
7.319066048
0
0
0
0
0
8.179843903
4.089921951
8.179843903
4.089921951
0
0
9.158259392
0
0
0
16.77372169
0
0
0
16.77372169
25.1605835
0
0
0
15.06179047
15.06179047
8.994226456
0
8.994226456
0
17.98845291
31.1355114
0
15.5677557
0
15.5677557
0
0
0
0
0
0
0
22.86780548
0
0
8.347333908
0
0
0
8.347333908
0
4.672553062
0
0
4.672553062
0
0
0
0
0
0
0
0
0
6.096489429
0
11.65481567
0
0
11.65481567
0
0
0
0
19.15644646
0
0
0
0
0
0
0
0
0
0
0
0
0
0
0
0
0
0
0
0
0
0
0
0
0
0
0
0
0
0
0
0
0
0
47.47122192
0
0
0
0
0
0
16.67199326
0
0
0
0
0
0
0
0
0
0
0
0
0
9.633130074
9.633130074
0
0
18.08507919
18.08507919
18.08507919
0
33.54840469
0
0
8.387101173
7.286118984
7.286118984
0
0
7.286118984
8.252987862
8.252987862
16.50597572
0
41.26494217
0
0
0
12.16733742
0
0
6.424659729
6.424659729
12.84931946
6.424659729
5.587520123
0
0
0
0
0
0
0
5.480206966
16.44062042
5.480206966
13.49059486
0
8.993729591
13.49059486
13.49059486
0
0
0
0
0
0
0
0
0
0
0
0
0
0
4.00373888
0
0
0
0
6.062026978
0
4.194536209
2.097268105
2.097268105
2.097268105
10.00962257
0
0
0
0
2.759636402
2.759636402
0
0
2.759636402
0
0
0
0
0
0
0
0
0
0
0
0
0
0
0
0
0
0
0
0
0
-0.7
6.9
0
2.638997555
0
0
1.319498777
0
2.968732595
0
0
0
0
1.097082496
0
0.548541248
1.097082496
0
0
0
0
0
0
0
0
0
0
0
0
2.652634621
5.305269241
5.305269241
0
0.986144543
0
0
0
0
1.949879766
0
0
1.949879766
1.949879766
1.845278025
0
0
3.690556049
3.690556049
4.436993599
0
4.436993599
0
2.218496799
2.069235086
2.069235086
0
0
0
0
0
2.096320868
11.27400589
0
5.637002945
5.637002945
5.637002945
4.959273815
9.91854763
4.959273815
14.87782097
0
0
0
0
3.223698139
3.223698139
0
0
0
0
10.50468159
3.827296019
7.654592037
0
0
0
0
4.767014503
7.150521755
0
2.383507252
4.767014503
0
9.650030136
6.433353424
6.433353424
0
1.563190937
0
0
3.126381874
1.563190937
0
0
5.901890755
5.901890755
0
2.415197849
4.830395699
4.830395699
4.830395699
0
0
0
0
3.240870237
6.481740475
0
7.861225605
11.79183769
11.79183769
7.861225605
0
4.756465435
4.756465435
0
4.756465435
11.90090466
7.93393755
7.93393755
0
15.8678751
7.740461826
0
23.22138405
7.740461826
7.740461826
28.51479149
0
11.40591621
11.40591621
11.40591621
11.66683006
0
11.66683006
0
0
3.978723764
0
7.957447529
0
3.978723764
0
0
6.43088007
19.29263878
0
0
0
10.40820503
10.40820503
20.81641006
10.40820503
9.772096634
0
0
4.886048317
14.658144
0
0
9.828837395
0
19.65767479
7.587486267
7.587486267
7.587486267
15.17497253
7.587486267
0
0
0
0
0
0
0
0
0
17.79388809
0
7.636796474
0
0
0
0
0
0
12.28465939
12.28465939
0
6.170689106
0
0
0
0
0
0
0
0
0
0
37.76221466
0
0
18.88110733
37.38721466
37.38721466
9.346803665
0
0
0
0
0
0
0
0
0
0
0
0
0
0
0
0
0
0
0
0
0
0
20.6393528
10.3196764
0
0
0
0
0
0
45.25896835
0
0
0
6.827156067
13.65431213
0
13.65431213
0
16.19920349
0
0
16.19920349
0
0
19.62985611
0
0
0
39.36555099
0
0
13.12185001
6.807765007
13.61553001
0
0
6.807765007
0
0
13.96424389
0
0
0
7.302820683
0
29.21128273
7.302820683
31.97007179
0
7.992517948
0
0
0
0
5.368760586
26.84380531
5.368760586
5.868118286
5.868118286
5.868118286
0
0
0
0
0
21.35174751
0
0
2.734665871
2.734665871
2.734665871
2.734665871
5.469331741
5.512498856
0
0
0
0
0
0
0
0
0
0
0
0
0
0
0
0
0
0
0
0
0
0
0
0
4.1090312
8.218062401
0
0
0
0
0
0
0
0
0
0
0
2.799636126
2.799636126
0
0
0
0
0
0
0
0
0
0
0
0
0
0
0
0
-0.7
6.9
0
0
0
0
0
0
0
0
0
0
0
0
0
0
0
0
0
0
0
0
0
0
0
0
0
0
0
0
3.918918133
1.959459066
0
0
0
0
0
3.519099474
2.354959488
2.354959488
4.709918976
7.064878464
4.709918976
2.160758495
0
0
0
0
0
0
0
0
2.059037209
0
0
0
0
0
1.255325794
0
0
0
0
0
0
0
0
0
0
3.723121166
3.723121166
0
0
0
0
0
7.9531703
3.97658515
11.92975521
0
0
1.509628534
3.019257069
6.038514137
4.528885841
0
14.28772068
0
0
0
14.28772068
0
8.185711861
24.55713654
0
8.185711861
24.55713654
0
29.04425049
0
0
0
3.130456448
0
6.260912895
3.130456448
6.260912895
4.324548721
0
12.97364712
0
4.324548721
7.63038826
11.44558239
3.81519413
0
7.63038826
12.15841579
8.105609894
4.052804947
4.052804947
4.052804947
0
24.37154007
0
19.49723244
9.748616219
2.246935844
0
0
0
4.493871689
21.67738914
0
5.419347286
16.25804138
5.419347286
0
0
0
0
2.691964865
22.59324837
0
0
0
3.765541315
0
12.78108406
0
0
0
0
0
32.6097641
8.152441025
8.152441025
8.152441025
20.43261147
0
0
0
10.21630573
6.62159729
0
6.62159729
0
0
0
0
0
0
26.02494049
0
0
19.36223602
19.36223602
0
0
0
18.36650467
0
0
0
0
0
0
0
0
0
0
0
0
0
0
0
0
0
19.35533333
9.677666664
9.677666664
0
19.35533333
33.33427048
0
16.66713524
0
33.33427048
0
40.87363052
0
0
0
0
0
0
0
0
0
0
0
0
0
0
0
0
0
0
0
0
0
0
0
11.56440926
15.05871868
0
0
0
0
0
15.09497547
15.09497547
15.09497547
30.18995094
30.18995094
17.56646538
8.783232689
17.56646538
8.783232689
26.34969902
0
0
0
63.47117233
0
0
33.57343674
0
0
16.78671837
60.71092606
0
0
60.71092606
0
12.87386513
12.87386513
12.87386513
12.87386513
25.74773026
0
0
17.29367065
0
17.29367065
5.73883009
5.73883009
0
0
5.73883009
11.92496395
5.962481976
0
0
0
5.029602051
0
15.08880615
5.029602051
0
0
0
14.50150871
19.33534431
0
0
0
14.47209167
4.824030399
4.824030399
0
31.66669846
0
0
0
0
0
2.553884268
0
5.107768536
0
0
0
0
0
0
1.643796921
0
1.643796921
1.643796921
1.643796921
3.117498398
0
0
3.117498398
0
6.767786503
0
0
0
0
0
5.047677994
0
0
0
0
0
7.485992432
7.485992432
7.485992432
0
0
0
0
0
0
0
0
0
0
0
0
0
0
0
0
0
0
0
0
0
0
0
0
0
0
-0.7
6.9
0
0
0
0
0
0
0
0
0
0
0
0
0
0
0
0
0
0
0
0
0
0
0
0
0
0
0
0
0
0
0
0
0
0
0
0
2.30271244
2.30271244
4.605424881
2.30271244
0
0
0
0
0
0
0
0
0
0
0
0
0
0
0
0
1.034058571
1.034058571
1.034058571
2.068117142
0
3.09703517
3.09703517
9.291106224
6.194070339
4.660461426
1.553487182
1.553487182
1.553487182
3.106974363
3.466402054
10.39920616
3.466402054
0
0
4.622910023
2.311455011
6.934365273
2.311455011
0
2.846505404
5.693010807
5.693010807
5.693010807
0
0
0
3.887011528
7.774023056
7.774023056
7.774023056
0
7.225883484
3.612941742
0
10.83882523
3.430043697
6.860087395
6.860087395
0
0
0
0
9.549448967
0
0
0
10.47613907
0
0
0
0
9.126675606
9.126675606
0
9.126675606
0
4.902003288
9.804006577
4.902003288
0
0
3.850010633
11.55003166
0
7.700021267
0
0
5.734550953
0
0
9.983815193
0
19.96763039
0
0
6.015014648
0
9.022521019
9.022521019
0
9.102693558
4.551346779
0
13.65404129
18.20538712
4.908715248
0
24.54357719
9.817430496
0
9.817430496
0
0
22.23599625
0
0
0
0
0
14.51194
7.255970001
0
0
33.25258255
24.93943596
0
0
0
14.09994125
0
0
0
0
0
32.95706177
16.47853088
0
38.59941864
15.43976784
7.719883919
15.43976784
0
5.722279549
11.4445591
5.722279549
0
0
0
0
0
0
0
0
0
13.78953457
13.78953457
0
0
9.605335236
28.81600761
0
0
24.43007851
0
0
0
24.13663673
48.27327347
0
0
0
0
0
0
0
0
0
0
33.52338028
0
0
0
0
0
0
0
0
0
0
0
0
0
0
16.66745567
0
0
16.66745567
0
0
33.65747833
22.43831825
0
11.21915913
0
9.365737915
0
28.09721565
9.365737915
0
0
3.703740597
3.703740597
7.407481194
6.833411217
0
0
6.833411217
0
0
0
20.41316605
0
20.41316605
0
13.20149994
0
0
26.40299988
0
44.88768768
14.96256256
0
0
21.65228653
0
16.23921585
0
0
25.40550804
0
0
8.468502998
8.468502998
8.354988098
0
0
16.7099762
0
9.386652946
28.15995789
0
0
0
8.89641571
0
0
0
0
0
0
7.134430408
14.26886082
0
0
0
0
0
4.349297523
0
0
0
4.849275589
0
4.849275589
7.550837517
0
0
0
0
2.121309757
0
0
0
0
3.113814592
0
0
0
0
0
0
0
0
0
6.890283585
13.78056717
13.78056717
6.890283585
0
0
0
0
0
0
0
13.88106441
0
0
0
5.146838188
2.573419094
0
0
0
0
0
0
0
0
0
0
0
0
0
0
-0.7
6.9
0
0
0.546554387
0.546554387
0
0
0
0
0
0
0
0
0
0
0
0
0
0
0
0
0
0
0
0
0
0
0
0
0
1.740588903
1.740588903
0
0
0
0
1.28002739
0
0
7.437358379
3.71867919
0
3.124484062
0
0
3.124484062
3.124484062
0
0
6.167085648
2.055695295
0
0
2.007917404
0
2.007917404
2.007917404
0
0
8.297551155
1.612595677
3.225191355
0
0
0
9.879282951
14.8189249
9.879282951
4.939641476
4.939641476
8.551354408
8.551354408
12.82703209
0
4.275677204
2.069070816
0
2.069070816
4.138141632
4.138141632
5.43572855
0
0
5.43572855
5.43572855
5.892562389
11.78512478
0
5.892562389
0
17.67768669
7.423076153
14.84615231
0
7.423076153
0
9.584629059
14.37694168
0
0
0
0
11.82750893
17.74126434
0
0
13.98531628
0
0
6.992658138
0
3.054229498
0
0
9.162689209
0
0
0.594014823
0
0
0.594014823
8.422389984
12.63358593
4.211194992
4.211194992
8.422389984
7.024989128
0
0
14.04997826
14.04997826
0
0
0
3.0534091
3.0534091
0
6.449663162
0
12.89932632
0
0
0
0
3.89667058
15.58668232
0
0
0
14.12495422
0
0
8.186272621
0
0
8.186272621
16.37254524
0
0
6.687696457
13.37539291
26.75078583
38.5664711
0
0
9.641617775
9.641617775
12.01209927
0
0
24.02419853
0
7.553164959
0
0
7.553164959
7.553164959
17.14236641
0
34.28473282
8.571183205
8.571183205
0
0
0
55.07992172
0
39.93252182
0
0
39.93252182
0
0
0
0
0
0
0
0
0
0
0
4.514035225
0
0
4.514035225
0
0
0
0
0
0
0
0
0
11.23964882
0
0
0
0
0
0
9.50215435
0
6.937529564
0
0
0
0
0
0
0
17.09175873
0
0
0
0
7.468958855
0
0
6.685529232
6.685529232
6.685529232
0
0
0
0
0
0
9.017122269
0
9.017122269
18.03424454
0
0
19.28107643
38.56215286
0
0
0
0
0
0
0
0
0
0
0
0
0
0
0
30.48397255
0
4.28000927
0
4.28000927
0
8.560018539
0
7.156814098
14.3136282
0
0
0
0
0
6.460398197
12.92079639
0
0
0
9.286522865
4.643261433
11.4311142
11.4311142
0
0
0
0
0
16.12460709
0
0
0
3.05142045
3.05142045
9.154262543
6.1028409
0
0
4.073830605
1.78230083
1.78230083
0
5.305446625
5.305446625
5.305446625
0
5.305446625
0
0
0
0
0
0
0
0
0
0
0
0
0
0
0
0
0
0
0
0
0
0
0
0
0
0
11.93305969
0
5.966529846
0
0
0
0
0
0
5.043349743
5.043349743
0
0
0
0
0
0
0
0
0
-0.7
6.9
1.642311692
0
0
0
0
0
0
0
2.358834743
2.358834743
0
0
0
0
2.138220549
1.298160195
0
0
0
0
0
0
0
0
0
0
4.976113796
0
0
0
0
0
0
0
0
0
0
0
0
0
0
10.90696049
10.90696049
0
5.453480244
0
0
4.73300457
4.73300457
4.73300457
2.366502285
4.564190388
4.564190388
2.282095194
0
2.282095194
1.638789415
3.277578831
3.277578831
0
6.116278648
6.116278648
0
0
0
0
4.81022644
19.24090576
9.620452881
0
18.56865501
0
4.642163754
9.284327507
0
0
6.949032307
13.89806461
3.474516153
0
0
0
0
0
0
0
0
6.416855812
6.416855812
0
5.2520504
5.2520504
7.878075123
0
0
3.732807159
0
0
1.86640358
5.599210739
0
2.75494194
0
11.01976776
2.75494194
2.12448287
6.373448849
0
4.24896574
8.49793148
3.509281635
7.018563271
3.509281635
7.018563271
0
0
0
9.367745399
0
0
15.11261749
10.07507801
0
0
15.11261749
0
2.820058107
0
5.640116215
0
0
2.865360022
0
2.865360022
5.730720043
18.76229858
0
0
0
0
10.92904949
0
3.643016577
3.643016577
0
24.41297531
0
0
0
6.103243828
0
6.665478706
6.665478706
0
19.99643517
0
15.89578629
31.79157257
0
15.89578629
15.89578629
0
37.74581528
9.436453819
0
9.436453819
7.38615942
0
0
0
7.38615942
0
7.33534193
7.33534193
7.33534193
0
0
0
8.912701607
0
0
21.13876534
10.56938267
0
21.13876534
10.56938267
0
0
13.25409794
13.25409794
13.25409794
0
0
5.055053234
5.055053234
0
0
0
0
0
0
0
0
0
0
0
0
0
0
0
0
0
0
0
0
0
0
0
0
0
16.62183189
0
0
0
0
0
0
0
29.78957939
0
0
19.85972023
13.8410902
0
0
41.52326965
0
10.74877834
0
0
0
0
0
0
0
6.606482506
0
6.606482506
0
0
0
10.21241951
30.63725853
9.223058701
9.223058701
0
9.223058701
13.834589
0
24.43899345
12.21949673
12.21949673
12.21949673
0
8.856241226
17.71248245
8.856241226
0
7.619958401
0
0
7.619958401
7.619958401
5.939675331
0
11.87935066
11.87935066
5.939675331
15.24210358
7.621051788
0
7.621051788
15.24210358
0
10.11700058
3.372333765
3.372333765
0
0
8.55801487
17.11602974
0
17.11602974
0
0
0
17.01678467
0
15.91621304
0
0
0
7.958106518
15.91621304
15.66718197
0
5.22239399
0
0
0
0
9.70640564
9.70640564
0
5.384757042
5.384757042
5.384757042
5.384757042
0
0
6.903291225
3.451645613
0
3.451645613
6.85863018
4.572419643
0
0
0
0
0
0
0
0
0
0
0
0
0
13.91709423
0
0
0
0
0
0
0
0
0
0
0
0
0
0
0
0
0
0
0
0
0
9.605833054
0
0
0
-0.7
6.9
0
0
0
0
0
0
0
0
0
0
0
0
0
0
0
0
0
0
0
0
0
0
0
0
3.400267839
0
0
0
0
0
4.739676476
5.330933094
2.665466547
10.66186619
0
0
2.27086401
0
0
0
4.54172802
0
7.570710659
11.35606575
11.35606575
0
0
0
5.798717499
0
0
0
14.72073078
7.360365391
0
14.72073078
1.858063102
3.716126204
0
0
0
5.275908947
2.637954473
0
0
8.502218246
8.502218246
8.502218246
4.251109123
0
5.198390007
5.198390007
5.198390007
5.198390007
4.125880718
0
0
8.251761436
0
9.106916428
9.106916428
0
6.071277142
9.106916428
0
0
0
8.39153862
8.39153862
0
0
0
10.13410664
6.756070614
0
0
0
0
7.002065659
3.501032829
0
4.67861557
2.339307785
0
0
0
7.77986002
7.77986002
0
0
5.800790787
0
8.70118618
5.800790787
2.900395393
0
5.207871437
10.41574287
10.41574287
10.41574287
0
4.17754221
8.355084419
12.53262615
0
0
0
14.37529659
14.37529659
0
0
10.21154594
0
10.21154594
0
0
0
7.979382515
0
0
7.45405817
3.727029085
0
0
0
10.041008
15.06151199
10.041008
0
0
0
0
0
13.12276649
6.561383247
13.12276649
0
9.515408516
9.515408516
9.515408516
0
23.31338692
23.31338692
0
0
0
19.49704742
4.874261856
9.748523712
0
0
8.109423637
0
8.109423637
16.21884727
0
17.54063416
17.54063416
0
0
17.54063416
0
6.650622368
19.95186615
0
0
14.59694004
7.29847002
0
7.29847002
21.89540863
14.50814438
7.254072189
0
0
7.254072189
0
0
32.30640793
0
21.53760338
13.20425606
0
0
0
0
0
0
0
0
0
0
0
0
0
27.72285271
0
0
0
0
0
0
0
0
0
0
0
0
0
0
0
0
0
0
0
0
0
0
39.69900894
0
0
19.84950447
39.69900894
0
8.480467796
0
0
0
10.32922363
0
20.65844727
0
0
0
10.78621101
21.57242203
0
0
0
23.29146194
0
0
11.64573097
7.665416718
0
7.665416718
15.33083344
0
0
12.14840603
12.14840603
0
24.29681206
11.61443996
0
11.61443996
0
5.807219982
0
0
15.99666882
15.99666882
15.99666882
0
18.37373734
27.56060791
18.37373734
0
0
0
0
0
25.3579216
16.94653511
16.94653511
5.648845196
11.29769039
11.29769039
17.11194611
0
0
0
17.11194611
0
0
0
0
0
0
0
0
0
0
0
0
0
0
0
0
0
0
0
0
0
0
0
0
13.90132904
0
0
0
0
0
0
0
0
0
0
0
0
0
0
0
0
0
0
0
0
0
0
0
0
0
0
0
0
0
0
0
0
0
0
0
0
0
-0.7
6.9
0
0
0
0
0
0
0
0
0
0
0
0
0
0
0
0
0
0
0
0
4.260304451
2.130152225
0
0
0
0
0
1.136137247
0
0
0
0
0
0
0
0
0
0
0
0
0
0
0
0
0
0
0
4.771450996
9.542901993
9.542901993
0
9.360842705
0
9.360842705
0
0
1.210419297
1.210419297
2.420838594
0
0
6.889061451
3.444530725
6.889061451
6.889061451
8.464757919
0
0
8.464757919
4.23237896
0
0
0
0
0
0
2.038649797
2.038649797
4.077299595
0
0
0
0
1.483157396
4.449472427
0
0
0
0
10.00239658
0
0
5.388451576
16.16535568
0
0
6.991312981
3.49565649
6.991312981
13.98262596
3.49565649
0
9.065217972
6.043478966
3.021739483
3.021739483
1.994368196
5.983104706
0
3.988736391
7.977472782
0
0
0
8.660111427
8.660111427
0
0
0
0
5.391716957
2.536141634
2.536141634
2.536141634
7.60842514
0
0
0
6.661291122
3.330645561
0
7.794407845
0
15.58881569
23.38322258
0
0
5.221065044
5.221065044
0
0
4.852002144
2.426001072
0
0
2.426001072
0
0
5.092991352
10.1859827
15.27897549
5.092991352
8.816789627
17.63357925
8.816789627
0
8.816789627
0
0
0
0
0
0
21.2779808
0
0
0
15.36376953
15.36376953
0
0
23.04565239
32.68365479
0
0
10.89455223
0
0
9.932557106
29.79766846
9.932557106
0
15.14226627
15.14226627
22.71339989
0
0
0
34.51047516
0
0
0
0
0
0
0
31.66346931
0
0
0
0
0
0
0
0
0
0
0
0
0
0
0
0
0
0
0
0
0
0
0
0
0
0
6.40203619
0
0
0
0
0
0
16.85447884
0
0
13.00600052
13.00600052
0
0
0
0
0
33.23006058
0
0
0
0
0
0
0
0
16.43052864
16.43052864
8.21526432
0
8.21526432
6.740569592
0
0
0
0
0
0
4.554902077
9.109804153
9.109804153
9.787361145
0
19.57472229
9.787361145
0
0
42.39567184
0
8.479135513
0
0
0
0
9.871953011
14.80792904
6.294349194
0
6.294349194
6.294349194
12.58869839
5.033356667
0
0
0
15.10007
0
10.51739407
10.51739407
15.77609158
0
10.76576042
21.53152084
10.76576042
21.53152084
10.76576042
0
23.70669174
7.90223074
15.80446148
0
0
2.928818941
0
0
0
0
0
0
0
9.017640114
0
0
0
0
9.683641434
0
0
0
0
6.588231564
0
2.123521805
2.123521805
4.24704361
0
6.370565891
7.954182625
0
0
0
0
0
1.173545718
0
0
2.347091436
2.509137154
0
5.018274307
0
2.509137154
3.365978956
0
3.365978956
0
0
0
0
0
0
0
0
0
0
0
0
0
0
0
0
0
0
-0.7
6.9
0
0
0
0
0
0
0
0
0
0
0
0
0
0
0
0
0
0
0
0
0
0
0
0
5.54118681
0
0
0
0
0
0
0
0
0
0
0
0
4.042410374
2.021205187
0
0
0
0
4.453386307
0
0
0
0
0
4.108482361
0
8.902152061
4.451076031
0
0
13.35322762
1.835180044
3.670360088
5.505540371
2.568665028
2.568665028
2.568665028
7.705995083
5.137330055
0
0
2.316973448
6.950920105
0
0
0
1.656168222
0
6.62467289
0
0
0
0
3.855255365
5.104221821
2.55211091
0
2.55211091
0
5.114745617
5.114745617
10.22949123
0
0
0
3.169065952
0
0
3.169065952
0
4.022485733
0
0
6.0337286
0
0
0
9.036903381
2.259225845
2.259225845
0
6.791006088
13.58201218
0
3.395503044
0
4.100618362
2.050309181
0
0
7.397122383
0
0
9.862830162
0
4.495084286
0
0
13.48525238
4.495084286
9.207542419
0
0
0
0
9.948596001
0
0
0
3.316198826
0
6.038393974
6.038393974
3.019196987
0
0
6.246471405
6.246471405
0
0
3.800364494
8.136964798
3.801141977
5.700546741
1.900182247
0
13.86190605
6.930953026
0
0
0
4.285643578
0
8.571287155
8.571287155
0
18.16994858
0
0
0
0
0
0
7.60352087
0
7.60352087
0
0
0
0
0
0
0
0
12.48395061
0
0
0
0
20.22315216
0
0
0
0
0
0
2.568276405
7.704829216
0
2.568276405
2.568276405
0
0
0
0
0
28.31160927
0
0
0
0
0
0
0
0
0
0
0
0
0
0
0
0
0
0
0
0
0
0
0
0
0
0
0
0
0
0
0
0
0
0
0
0
0
0
28.87833405
0
0
0
0
0
0
11.1915226
0
9.315402985
27.94620895
9.315402985
0
0
0
0
5.737242699
0
0
0
0
6.950869083
13.90173817
12.89637375
25.7927475
38.68912125
0
0
0
20.98077202
0
0
0
0
0
25.15179443
8.38393116
0
12.23259163
6.116295815
12.23259163
0
0
0
8.545611382
0
0
0
0
6.804572582
3.402286291
0
3.402286291
0
0
0
0
0
0
4.648153782
4.648153782
13.94446373
4.648153782
4.648153782
7.640984535
2.546994925
0
0
0
0
0
6.507661343
0
0
4.884927273
0
0
4.884927273
4.884927273
0
0
3.00684166
6.013683319
6.013683319
0
8.448942184
8.448942184
0
8.448942184
0
0
0
0
0
0
0
4.272687912
0
0
0
0
0
0
0
0
0
0
6.305902958
0
0
0
0
0
0
0
0
0
0
0
0
0
0
0
4.123544693
4.123544693
-0.7
6.9
0
0
0
0
0
0
0
0
0
2.140305519
0
0
0
0
0
0
0
2.163290501
0
0
0
0
0
0
0
0
0
0
0
2.025504827
6.076514244
1.46404767
0
0
0
0
0
0
2.974182367
5.948364735
0
0
2.927550316
2.927550316
5.855100632
0
5.107344151
0
0
0
0
0
0
0
0
5.332549572
0
2.107763052
2.107763052
0
0
0
0
3.85906744
8.542636871
0
5.695091248
0
5.695091248
0
0
2.423913479
4.847826958
2.423913479
10.59093475
7.943201542
5.295467377
0
2.647733688
0
7.611074924
2.537024736
2.537024736
2.537024736
7.137417316
14.27483463
14.27483463
0
0
7.137417316
0
0
5.978228569
0
3.985485554
5.037001133
2.518500566
2.518500566
2.518500566
0
8.074297905
0
8.074297905
0
0
2.46091342
7.382740498
7.382740498
4.921826839
7.382740498
3.694507599
3.694507599
1.847253799
3.694507599
0
3.106288671
0
3.106288671
3.106288671
9.318865776
10.26703644
0
0
0
10.26703644
11.53982449
1.9233042
1.9233042
0
0
4.328420639
4.328420639
4.328420639
6.492631435
2.16421032
0
1.790501356
0
3.581002712
5.37150383
9.270557404
0
0
0
0
9.399885178
9.399885178
0
4.699942589
0
0
12.15005493
0
0
12.15005493
24.30010986
29.80984688
29.80984688
0
14.90492344
0
0
22.07058907
0
0
0
3.915642023
7.831284046
3.915642023
3.915642023
0
0
0
0
29.77933502
0
0
6.021346569
18.06403923
0
0
0
7.882520199
7.882520199
23.64756012
7.882520199
0
0
0
0
0
0
0
0
0
0
38.90013504
0
0
0
0
0
0
0
0
0
0
0
0
0
0
0
0
0
0
0
0
0
0
0
0
0
0
0
2.925221205
0
0
0
0
11.80228329
23.60456657
0
0
0
0
0
0
42.62600327
0
0
14.20866776
0
0
0
0
0
9.454188347
9.454188347
0
0
9.80764389
0
0
0
20.21181679
0
0
0
39.66277695
0
7.932555199
0
23.79766464
0
0
17.35447121
0
0
20.26938438
0
0
0
0
0
0
0
0
0
0
0
0
0
0
10.19377041
0
0
5.096885204
0
0
14.75875092
0
14.75875092
0
0
0
0
0
22.52874756
0
0
0
0
13.1776619
6.588830948
0
0
0
8.251524925
8.251524925
0
0
5.476615906
5.476615906
2.738307953
5.505022049
0
0
0
0
0
1.609022021
3.218044043
0
0
0
0
0
0
0
2.211826801
2.211826801
2.211826801
0
0
0
0
0
0
0
0
0
0
1.23979032
0
3.748425245
7.496850491
0
0
0
0
0
0
0
0
0
0
0
0
0
0
0
0
0
0
0
-0.7
6.9
0
0
0
0
0
0
0
0
0
0
0
0
0
0
0
0
0
0
0
0
1.857429504
0
0
0
0
3.705096483
0
0
0
0
0
0
0
3.543143988
3.543143988
0
5.114741802
0
0
0
0
5.306182861
1.768727541
0
1.768727541
3.537455082
3.735629559
7.471259117
3.735629559
0
0
0
0
0
0
0
0
0
0
0
0
0
3.383302689
3.383302689
0
0
0
6.362297058
0
0
17.252285
0
8.626142502
0
2.953036785
11.81214714
5.90607357
0
5.90607357
12.2763443
12.2763443
0
0
24.5526886
0
8.801431656
0
0
0
4.400715828
0
0
0
0
0
0
8.351502419
8.351502419
8.351502419
0
7.001803398
10.50270557
0
0
0
0
3.655439854
3.655439854
7.310879707
7.310879707
2.454154491
9.816617966
7.362463951
2.454154491
0
3.538207769
0
7.076415539
3.538207769
0
4.483292103
4.483292103
2.241646051
4.483292103
6.724937439
0
0
0
0
0
0
4.006938934
2.003469467
8.013877869
2.003469467
0
6.822657585
27.29063034
0
6.822657585
0
0
17.70112038
0
0
0
6.630378246
3.315189123
3.315189123
0
3.315189123
0
20.33176613
13.55451107
20.33176613
0
0
12.10883427
0
12.10883427
12.10883427
0
0
15.81128407
0
0
0
0
12.93831062
0
25.87662125
0
0
0
0
0
0
0
12.32034111
0
0
0
11.16759396
0
0
0
0
0
0
10.58024788
21.16049576
0
12.29827118
0
0
12.29827118
0
0
0
0
0
0
0
0
0
0
0
0
0
0
0
0
0
0
0
0
0
0
0
0
0
0
0
0
0
0
0
0
0
0
0
0
0
0
22.16428566
0
0
0
15.72190189
0
0
0
0
0
0
0
0
0
9.513444901
0
0
0
0
10.06331921
10.06331921
0
10.06331921
0
7.868812084
0
0
0
0
8.858282089
0
0
17.71656418
8.858282089
6.583631516
0
26.33452606
6.583631516
0
0
5.13751936
5.13751936
10.27503872
0
10.60405827
31.81217384
10.60405827
0
0
0
0
0
8.708138466
0
0
0
0
0
6.914402008
13.37229061
0
0
13.37229061
13.37229061
0
6.964978695
0
13.92995739
6.964978695
6.964978695
0
9.353431702
0
0
0
0
7.739243507
0
7.739243507
0
1.409739614
0
0
0
0
0
0
0
0
0
0
0
0
0
6.470911503
0
3.465042114
3.465042114
0
0
0
0
0
0
0
0
0
0
0
0
0
0
0
0
0
0
0
0
0
0
0
0
0
0
0
0
0
0
0
0
0
-0.7
6.9
0
0
1.85104394
0
1.85104394
0
0
0
0
0
0
0
0
0
0
0
0
0
0
0
0
0
0
0
0
0
0
0
0
0
0
0
0
0
0
0
0
0
0
0
0
0
0
0
0
0
0
0
0
0
0
0
0
0
0
0
0
1.711770415
3.423540831
3.423540831
3.455792665
0
0
3.455792665
6.911585331
10.50093937
3.500313044
3.500313044
0
3.500313044
7.079628468
7.079628468
10.61944294
17.69907188
0
0
14.76969719
14.76969719
0
9.846465111
12.13824463
0
6.069122314
6.069122314
0
0
10.34950161
10.34950161
10.34950161
0
10.34950161
2.853854418
5.707708836
0
2.853854418
5.707708836
5.894749641
2.947374821
0
5.894749641
5.894749641
0
2.476964951
0
4.953929901
7.430895329
0
5.496274471
0
0
2.748137236
2.036057472
0
0
2.036057472
2.036057472
4.17716217
0
8.354324341
0
0
0
0
2.792224407
0
2.792224407
8.944356918
4.472178459
8.944356918
0
8.944356918
0
11.70833969
0
0
0
17.36388588
13.02291489
0
0
0
8.40148735
16.8029747
16.8029747
0
0
5.607158184
2.803579092
0
2.803579092
0
0
0
10.0321846
0
0
10.0321846
11.08741379
0
0
22.17482758
11.08741379
0
17.72434998
0
0
5.908116817
0
0
0
0
0
0
0
0
0
0
0
14.72590923
7.362954617
0
0
0
7.520019054
0
0
0
3.323153257
0
0
3.323153257
3.323153257
0
0
0
0
0
13.98539734
0
0
0
0
0
5.508441448
0
22.03376579
5.508441448
0
0
0
0
4.894202232
4.894202232
0
0
0
0
0
0
0
0
0
0
0
0
0
0
0
0
0
0
0
11.14919853
0
0
0
0
0
0
44.24072647
0
0
22.12036324
0
6.281620026
6.281620026
0
0
18.84485817
0
10.66383743
10.66383743
0
21.32767487
14.73018169
0
14.73018169
14.73018169
14.73018169
8.862994194
8.862994194
0
0
17.72598839
0
0
36.46339035
0
54.69508743
0
34.39404678
0
0
0
15.89079094
15.89079094
0
0
10.59386063
0
7.437433243
6.507753849
6.507753849
0
22.24216652
14.82811165
0
0
0
7.395493984
7.395493984
0
0
0
5.124136925
5.124136925
5.124136925
0
0
0
0
0
0
0
0
0
9.095178604
4.547589302
0
4.547589302
0
0
0
0
0
0
0
0
0
0
0
0
0
0
0
0
5.029536247
5.029536247
5.029536247
0
0
3.537219048
0
0
7.074438095
0
0
0
0
0
0
0
0
0
0
2.988527775
2.988527775
2.988527775
0
5.97705555
3.133403301
3.133403301
3.133403301
0
0
0
0
0
0
0
0
0
0
0
0
0
-0.7
6.9
0
0
0
0
0
0
0
2.911890507
0
0
0
0
0
0
0
0
0
0
2.719089031
0
4.225852966
4.225852966
2.112926483
0
0
0
0
0
0
0
7.553598404
4.500266075
0
0
0
0
0
0
0
0
0
0
0
0
0
0
0
0
0
0
0
0
0
0
3.411200285
10.23360062
3.92695713
0
0
2.642828703
0
5.285657406
5.285657406
0
8.63759613
0
0
0
0
7.794972897
0
3.897486448
0
0
0
0
0
0
9.399909019
2.464177847
4.928355694
4.928355694
7.392534256
2.464177847
3.523273706
3.523273706
0
3.523273706
10.5698204
0
13.67339134
0
18.23118973
0
0
0
0
9.568642616
9.568642616
0
4.288212299
8.576424599
0
0
8.576424599
5.833775997
0
11.66755199
0
11.66755199
8.789693832
4.394846916
0
0
13.18454075
0
0
0
0
0
-0.7
6.9
0
0
0
0
0
0
0
0
0
0
0
0
0
0
0
0
0
0
0
0
0
0
0
0
4.564370632
0
0
0
0
0
0
0
0
0
0
0
0
2.240967274
0
0
0
0
0
0
0
0
0
0
0
0
0
0
0
0
14.21710682
7.10855341
5.822957516
0
2.911478758
4.98870945
0
0
0
4.98870945
3.167766809
3.167766809
6.335533619
6.335533619
6.335533619
7.796069145
7.796069145
3.898034573
3.898034573
3.898034573
3.975299835
5.962949276
0
3.975299835
1.987649918
0
13.13328648
6.566643238
3.283321619
0
4.677463055
0
0
0
0
0
0
0
2.834595442
5.669190884
5.669190884
1.587431431
0
1.587431431
1.587431431
3.174862862
0
0
0
2.66738987
8.002169609
9.187682152
0
3.062560558
0
9.187682152
0
7.560921669
0
0
3.780460835
2.693089485
0
2.693089485
5.38617897
2.693089485
7.451950073
4.967966557
4.967966557
0
4.967966557
5.068132877
0
10.13626575
0
5.068132877
34.19453049
0
20.51671791
0
0
5.515227795
16.54568291
0
0
0
0
0
0
0
7.578735352
0
4.109760284
0
8.219520569
4.109760284
0
0
2.911169291
2.911169291
2.911169291
0
9.524308205
0
9.524308205
19.04861641
19.04861641
12.26629639
0
0
0
12.26629639
9.427466393
0
0
9.427466393
9.427466393
7.962035179
0
7.962035179
0
0
0
0
18.87958717
9.439793587
18.87958717
13.53472233
0
6.767361164
0
13.53472233
0
0
19.36214828
6.454050064
0
4.535326004
9.070652008
4.535326004
13.60597801
4.535326004
21.93162346
0
0
0
0
0
0
0
8.043552399
8.043552399
0
0
0
0
0
0
0
0
0
0
0
0
0
0
0
0
0
0
26.84634018
0
0
0.227504835
0.718440533
1.044636607
2.203957796
3.829269886
21.89759636
10.94879818
0
10.94879818
0
0
0
0
0
11.70909595
5.854547977
0
0
12.05463505
24.1092701
12.05463505
0
14.83210754
14.83210754
0
14.83210754
12.83214283
0
12.83214283
0
0
10.73443794
0
10.73443794
0
0
9.375382423
18.75076485
18.75076485
0
18.75076485
0
14.46256351
0
7.231281757
7.231281757
9.036190987
0
13.55428696
9.036190987
4.518095493
0
8.561040878
8.561040878
0
0
0
13.74272728
0
0
13.74272728
14.17760849
0
0
0
0
0
3.506260633
1.753130317
3.506260633
2.003577471
0
0
4.501794338
4.501794338
0
0
0
0
0
0
8.910617828
3.165560007
3.165560007
0
3.165560007
0
0
0
0
0
0
0
0
0
9.631049156
4.815524578
0
0
0
0
0
0
0
0
0
0
5.311484337
0
0
0
0
0
0
0
0
0
0
0
0
0
0
0
0
0
0
0
0.755777776
0
0
0.409759253
0.51995337
0
0
0
0
0
0
