19790101
-99
-99
-99
-99
-99
-99
-99
-99
-99
-99
-99
-99
-99
-99
-99
-99
-99
-99
-99
-99
-99
-99
-99
-99
-99
-99
-99
-99
-99
-99
-99
-99
-99
-99
-99
-99
-99
-99
-99
-99
-99
-99
-99
-99
-99
-99
-99
-99
-99
-99
-99
-99
-99
-99
-99
-99
-99
-99
-99
-99
-99
-99
-99
-99
-99
-99
-99
-99
-99
-99
-99
-99
-99
-99
-99
-99
-99
-99
-99
-99
-99
-99
-99
-99
-99
-99
-99
-99
-99
-99
-99
-99
-99
-99
-99
-99
-99
-99
-99
-99
-99
-99
-99
-99
-99
-99
-99
-99
-99
-99
-99
-99
-99
-99
-99
-99
-99
-99
-99
-99
-99
-99
-99
-99
-99
-99
-99
-99
-99
-99
-99
-99
-99
-99
-99
-99
-99
-99
-99
-99
-99
-99
-99
-99
-99
-99
-99
-99
-99
-99
-99
-99
-99
-99
-99
-99
-99
-99
-99
-99
-99
-99
-99
-99
-99
-99
-99
-99
-99
-99
-99
-99
-99
-99
-99
-99
-99
-99
-99
-99
-99
-99
-99
-99
-99
-99
-99
-99
-99
-99
-99
-99
-99
-99
-99
-99
-99
-99
-99
-99
-99
-99
-99
-99
-99
-99
-99
-99
-99
-99
-99
-99
-99
-99
-99
-99
-99
-99
-99
-99
-99
-99
-99
-99
-99
-99
-99
-99
-99
-99
-99
-99
-99
-99
-99
-99
-99
-99
-99
-99
-99
-99
-99
-99
-99
-99
-99
-99
-99
-99
-99
-99
-99
-99
-99
-99
-99
-99
-99
-99
-99
-99
-99
-99
-99
-99
-99
-99
-99
-99
-99
-99
-99
-99
-99
-99
-99
-99
-99
-99
-99
-99
-99
-99
-99
-99
-99
-99
-99
-99
-99
-99
-99
-99
-99
-99
-99
-99
-99
-99
-99
-99
-99
-99
-99
-99
-99
-99
-99
-99
-99
-99
-99
-99
-99
-99
-99
-99
-99
-99
-99
-99
-99
-99
-99
-99
-99
-99
-99
-99
-99
-99
-99
-99
-99
-99
-99
-99
-99
-99
-99
-99
-99
-99
-99
-99
-99
-99
-99
-99
-99
-99
-99
-99
-99
-99
-99
-99
-99
-99
-99
-99
-99
-99
-99
-99
-99
-99
-99
-99
-99
-99
-99
-99
-99
-99
-99
-99
-99
-99
-99
-99
-99
-99
-99
-99
-99
-99
-99
-99
-99
-99
-99
-99
-99
-99
-99
-99
-99
-99
-99
-99
-99
-99
-99
-99
-99
-99
-99
-99
-99
-99
-99
-99
-99
-99
-99
-99
-99
-99
-99
-99
-99
-99
-99
-99
-99
-99
-99
-99
-99
-99
-99
-99
-99
-99
-99
-99
-99
-99
-99
-99
-99
-99
-99
-99
-99
-99
-99
-99
-99
-99
-99
-99
-99
-99
-99
-99
-99
-99
-99
-99
-99
-99
-99
-99
-99
-99
-99
-99
-99
-99
-99
-99
-99
-99
-99
-99
-99
-99
-99
-99
-99
-99
-99
-99
-99
-99
-99
-99
-99
-99
-99
-99
-99
-99
-99
-99
-99
-99
-99
-99
-99
-99
-99
-99
-99
-99
-99
-99
-99
-99
-99
-99
-99
-99
-99
-99
-99
-99
-99
-99
-99
-99
-99
-99
-99
-99
-99
-99
-99
-99
-99
-99
-99
-99
-99
-99
-99
-99
-99
-99
-99
-99
-99
-99
-99
-99
-99
-99
-99
-99
-99
-99
-99
-99
-99
-99
-99
-99
-99
-99
-99
-99
-99
-99
-99
-99
-99
-99
-99
-99
-99
-99
-99
-99
-99
-99
-99
-99
-99
-99
-99
-99
-99
-99
-99
-99
-99
-99
-99
-99
-99
-99
-99
-99
-99
-99
-99
-99
-99
-99
-99
-99
-99
-99
-99
-99
-99
-99
-99
-99
-99
-99
-99
-99
-99
-99
-99
-99
-99
-99
-99
-99
-99
-99
-99
-99
-99
-99
-99
-99
-99
-99
-99
-99
-99
-99
-99
-99
-99
-99
-99
-99
-99
-99
-99
-99
-99
-99
-99
-99
-99
-99
-99
-99
-99
-99
-99
-99
-99
-99
-99
-99
-99
-99
-99
-99
-99
-99
-99
-99
-99
-99
-99
-99
-99
-99
-99
-99
-99
-99
-99
-99
-99
-99
-99
-99
-99
-99
-99
-99
-99
-99
-99
-99
-99
-99
-99
-99
-99
-99
-99
-99
-99
-99
-99
-99
-99
-99
-99
-99
-99
-99
-99
-99
-99
-99
-99
-99
-99
-99
-99
-99
-99
-99
-99
-99
-99
-99
-99
2.641310692
0
0
0
0
0
0
0
0
0
0
0
0
0
0
0
0
1.833172917
0
0
0
0
2.113151073
0
0
3.831989765
2.554660082
0
0
0
0
0
0
0
2.238810778
0
0
0
0
0
2.358121157
0
0
0
0
2.86286974
0
0.919978678
0.487047523
0
13.6914463
0
0
0.890996277
4.657480717
0.485997975
0
1.445624709
0
0
0
1.034652591
18.10149384
0
0.340467632
1.191636682
0
11.83125019
1.838524938
1.686733127
5.206166744
4.638516426
2.189509392
32.40473938
19.20320129
0
1.470101476
1.470101476
0
0
0
0
5.901410103
3.020959616
3.589557171
1.850865602
9.478675842
10.71258545
0
0
19.90221405
1.625998139
0.910558939
0
2.146317482
8.395796776
3.424601316
0
1.491358757
3.590307951
9.476385117
0
0
0
0
0
0
0.615700185
2.339660645
6.033862114
1.45060575
4.367249489
0.787030816
0
0.632710993
0
0
0
19.79409027
13.17916393
10.9851284
37.85161209
21.59362411
0
0
4.093460083
2.647604704
2.891710281
3.774245739
5.520537853
2.869857311
5.3251791
0
0
1.59436512
0
0
3.49162674
10.40434265
5.008192062
11.13345146
16.50200844
13.25925541
2.52214098
5.548710823
10.29239464
4.122977257
0
4.333639622
1.805683374
2.588145971
0
0
9.171541214
0
5.900571823
0
6.057339191
2.824029684
2.578461647
3.806300879
12.14793873
0
5.802810192
5.016448021
0
0
5.427681446
3.815274477
9.424635887
6.881119728
14.10571098
5.678922653
0
20.00445938
10.25869846
10.40397072
8.589324951
0
8.347372055
0
7.527253151
0
0
14.76339817
0
11.80826759
0
36.2481308
6.456630707
4.874972343
7.511117458
0
0
14.88051701
0
15.72512436
0
0
0
0
0
0
12.14829826
0
0
0
19.64592552
0
0
0
0
8.490880966
0
0
8.792469978
5.869379997
8.622750282
0
7.165802956
5.82779026
0
8.218412399
12.17819309
0
0
0
0
0
19.23577118
14.51426411
0
0
0
0
0
0
0
0
0
0
0
17.77558517
12.02094841
0
7.647255421
0
5.071338654
10.7179327
3.351480246
11.8237505
0
8.097992897
0
0
0
0
27.23984528
7.780057907
4.185367584
8.066958427
6.936235428
4.556650162
5.345171928
34.2515564
0
11.05698013
3.145354033
0
5.541057587
8.165768623
0
5.366076946
5.722776413
3.643890381
10.51122189
0
0
7.262639046
0
8.594992638
6.478901386
4.493431568
0
8.984992981
4.473048687
20.38154221
4.317464352
4.25291872
2.104537249
0
0
4.537908077
0
0
4.492577076
4.703992844
6.606731415
10.24402523
0
9.603774071
0
5.122012615
20.96823692
6.022370338
0
0
0
0
0
0
0
5.106560707
0
0
0
0
2.599910736
0
1.875967026
0
0
0
0
0
0
0
0
0
0
0
2.161138773
0
0
0
0
0
0
0
0
0
0
0
0
0
0
10.52279091
0
0
0
0
0
0
0
0
0
0
0
0
0
1.903153777
1.903153777
0
0
0
0
0
0
2.506886244
0
0
0
0
0
0
0
0
0
0
0
5.088965893
0
0
0
0
4.073295116
1.668579102
0
0
0
0
0
0
0
0
0
0
0
0
0
2.790213585
0
0
0
0
0
0
0
0
10.4767313
0
3.358989477
2.842222214
15.24464703
1.550303102
4.392525196
29.53007507
8.573248863
0
0
8.573248863
7.097784042
1.774446011
3.548892021
11.28814125
0
0
0
0
0
0
0
0.294022977
1.393886685
6.730410099
0
1.083054423
0
0.850971401
9.123916626
11.9007616
15.27264404
22.21475601
2.380152225
0
12.8706665
0
0
0
0
0
0
0
2.687513351
0
0
0
5.070890427
5.070890427
0
3.232464075
4.309951782
4.848696232
1.077487946
17.23980713
10.4274435
0
0
0
1.820664883
0
0
2.728139877
0
11.56994247
7.180140018
10.61603546
1.365548134
0.57264924
2.290596724
8.926695824
0
0
5.100969791
10.20193958
22.19810867
0
0
0
0
4.558798313
7.977897167
7.977897167
7.977897167
0
0
6.288232327
0
0
0
0
0
0
11.95234394
0
0
0
2.627634764
0
3.541953087
1.767590642
6.534729004
1.071267009
3.267364502
8.195194244
5.570588589
0
6.667998314
0
14.86664581
0
0
0
0
7.6357584
5.128494263
0
0
0
0
0
0
4.746592522
15.08630276
4.444261551
0
0
1.125073195
0.873411953
1.717216849
2.842290163
0
17.07105255
0
0
0
0
0
0
23.75161362
27.89433098
0
0
16.67142487
0
0
0
9.81870079
9.81870079
11.22137356
0
0
0
0
0
0
14.11750412
0
0
0
0
0
0
1.539394736
0
0
2.064816713
0
0
0
0
0
0
0
0
0
0
0
0
0
0
0
0
31.82773209
0
0
0
0
0
21.98667145
0
0
0
0
0
0
0
0
2.6972363
3.19832325
1.184386492
1.268300414
0
11.94340706
0
0
0
0
4.277748585
2.371150255
2.874414682
6.087565422
2.467931986
0
0
3.22236824
0
29.93684387
0
0
4.151127338
13.02854156
0
0
0
0
0
8.104160309
0
0
7.624254704
7.624254704
0
0.987082601
3.981233597
0.777701497
0
2.428821802
35.61697388
0
0
5.277656555
5.075778961
10.97156906
0
9.600122452
9.600122452
0
0
0
0
0
5.233368397
7.905603409
0
0
0
6.917402744
6.917402744
0
6.438613892
0
11.26757526
0
5.676206112
0
5.676206112
0
0
0
6.241369247
0
7.132993698
0
0
0
9.247294426
0
0
0
0
0
0
0
0
0
0
0
16.25791359
0
0
0
0
0
0
0
0
0
0
0
0
0
0
0
0
0
0
0
2.584438324
0
0
4.641129494
0
0
0
3.20714426
0
0
0
0
0
7
0
0
0
2.978317976
2.978317976
0
0
0
0
0
0
0
0
0
0
0
0
0
0
0
0
0
0
0
0
0
0
0
0
0
0
0
0
0
0
0
0
0
0
0
0
0
0
0
0
0
9.562059402
0
0
4.24980402
0
0
0
0
0
0
0
0
0
0.603782594
0.603782594
0.603782594
0.603782594
0.603782594
0
0
0
0
0
0
0
0
0
0
0
0
0
0
0
6.126894951
0
0
0
0
0.895140707
1.790281415
16.11253166
2.685422182
7.459506035
5.072463512
17.45446014
11.54246712
0
0
0
0.553172708
7.045673847
1.45571804
0
0
9.554418564
0
0
0
0
5.057483673
11.55996323
5.057483673
10.11496735
15.17245102
0
0
6.626960278
0
0
0
13.7927103
5.254365921
0
0
2.929894447
2.929894447
2.929894447
6.696901798
2.929894447
5.509847641
0
0
0
0
0
0
0
2.202906132
20.64757729
22.32041359
0
0
11.99202251
3.465902567
0
0
0
5.339087009
5.339087009
13.28811073
16.11871529
2.909231424
0
8.177298546
11.71555328
15.21049881
15.21049881
45.63149643
0
15.21049881
0
0
5.301794052
15.28163815
32.94483948
6.760975361
10.72815704
0
13.46607399
21.62394142
0
5.517025948
2.206809998
3.335293055
10.15634251
0
0
0
0
0
0
0
0
0
0
0
21.04248428
0
0
0
0
13.45333672
15.37524223
0
0
0
11.75628662
20.57350349
0
0
0
0
0
0
0
0
0
0
0
0
0
0
0
0
0
0
0
0
0
0
0
0
0
0
0
0
0
0
0
0
0
0
0
0
0
0
0
0
0
0
0
0
0
0
25.43059158
0
0
0
0
0
12.77941227
12.77941227
0
0
14.2680788
0
0
7.410788059
0
8.469470978
0
7.410788059
18.23205757
0
0
9.944759369
12.20074654
0
11.89500046
11.89500046
11.89500046
23.79000092
0
0
0
16.79421425
0
6.137682438
0
0
20.45894432
0
0
0
0
7.789662361
7.789662361
0
0
17.16898537
8.584492683
0
0
0
0
0
0
0
0
0
0
0
0
0
0
6.360705853
2.565662622
0
0
0
0
0
5.534241676
0
0
0
0
5.710781574
0
0
0
0
13.81139565
2.179124117
0
0
0
0
0
0
0
0
0
6.534464359
13.06892872
6.534464359
0
6.534464359
0
0
15.36389256
0
0
0
0
0
0
0
7.830087662
0
0
0
0
0
0
2.567025185
5.134050369
0
3.442433596
0
0
0
0
0
0
0
0
0
0
0
7
0
0
0
0
0
0
0
0
0
0
1.607063174
0
0
0
0
0
0
0
0
0
0
0
0
0
0
0
0
0
0
0
4.415146351
0
0
0
0
0
0
0
0
0
0
0
0
0
0
0
0
1.641222239
0
0.54707408
0
0
0
0
0
2.920033455
3.400005341
0
0
0
3.050078869
0
0
0
6.971609116
0
0
0.647510707
8.288137436
0.388506472
6.159133434
1.291431069
0
0
24.04048538
2.256597281
8.180164337
0
3.666970253
23.41219711
0
8.183290482
22.31806374
0
0
0
8.572502136
0
0
0
0
17.11018372
8.555091858
0
17.11018372
0
4.953580379
0
0
9.907160759
0
4.096446514
4.096446514
4.096446514
0
0
0
6.155176163
0
5.619943619
0.93665725
19.53625107
19.53625107
6.512084007
0
13.02416801
4.528361797
0
0
2.515756845
0
0
0
2.810348988
4.683914185
0
0
3.441875935
0
3.441875935
0
0
2.043908358
19.92810631
0
2.043908358
40.24489594
15.36320019
0
0
0
1.393199682
0
0
0
5.840721607
0
0
0
0
0
51.68585968
0
0
0
0
6.591639996
0
20.40895462
0
7.089425564
0
3.169428825
1.966015935
6.017066479
0
1.260718703
16.41548538
8.207742691
16.41548538
8.207742691
16.41548538
3.729518175
6.983705997
3.692954063
3.400442839
0
4.79809618
11.07708549
0
0
9.270396233
6.613930702
0
6.613930702
0
13.2278614
4.685941219
0
0
0
23.57614326
0
0
0
28.81443405
7.203608513
0
20.31915665
24.72951508
21.50050354
0
43.30084991
0
0
14.43361568
28.86723137
0
0
2.765494108
0
9.705821037
5.078936577
41.06237411
28.76174736
0
13.56686211
0
5.864477634
0
0
0
9.966407776
0
6.310757637
5.874649048
0
7.131669998
11.73259068
11.73259068
0
0
23.46518135
26.12205505
0
0
0
0
7.219600201
7.859312057
0
13.40347672
15.2921505
0
0
0
2.400386333
0
9.12146759
0
0
8.408116341
3.68927598
6.434783936
5.769414425
11.53882885
5.769414425
11.53882885
0
0
39.32230759
3.401186705
8.847257614
0
15.78038692
0
7.890193462
0
0
6.269404888
7.165034771
6.269404888
0
0
6.200183868
12.1252737
9.28969574
4.867038727
7.046625137
0
5.372815609
0
10.74563122
0
11.94288731
10.45002651
0
0
10.45002651
7.088180065
0
6.202157021
0
0
0
0
0
0
17.72873116
0
0
14.23382092
14.23382092
0
0
1.977048397
0
0
0
1.977048397
0
0
0
0
4.570727825
0
0
0
0
5.017329693
0
11.23052025
5.615260124
0
6.417440414
0
0
0
3.759168386
0
0
3.801117182
0
0
0
0
0
0
0
0
0
0
0
0
0
0
0
0
0
0
0
0
0
0
0
0
0
0
0
5.753033638
0
4.81091404
0
0
0
0
0
7
0
0
0
0
0
0
0
0
0
0
0
0
0
0
5.468504429
3.708316088
0
0
0
0
0
0
3.630660534
0
0
0
0
0
0
0
0
0
0
0
0
0
0
0
0
0
0
0
0
0
0
0
0
0
0
0
0
0
0
0
0
3.670097828
10.36479664
0
0
0
0
0
0
7.715345383
5.034397602
0
0
4.405097485
10.0687952
3.35366559
4.714115143
1.455364585
5.093775749
0
11.04500008
0
5.522500038
0
5.522500038
2.930190563
0
2.930190563
3.348789215
3.348789215
4.830074787
9.660149574
4.830074787
0
4.830074787
4.830074787
4.567016125
0.213065669
1.083855748
8.179869652
10.40316296
0
0
0
0
16.15586281
0
24.18002701
1.329901576
11.00191212
0
2.7290802
3.118948936
3.118948936
0
2.7290802
0
0
3.363041639
1.921738267
1.921738267
5.097487926
0
12.74372005
0
2.91285038
5.267874241
31.60724449
10.53574848
5.267874241
0
8.414459229
12.6216898
8.414459229
0
0
3.136817455
0
7.140159607
4.904526711
2.287623644
0.965145826
1.277398944
36.33490372
3.5767169
0
0
0
8.331007004
8.331007004
0
0
3.739844322
7.479688644
0
0
0
12.54864788
0
10.98006725
0
0
0
0
18.10529709
0
0
21.80555916
10.90277958
10.90277958
0
0
0
0
0
19.08006096
19.08006096
9.522242546
0
0
9.522242546
9.522242546
5.241635799
5.241635799
5.241635799
0
0
26.97161674
8.990538597
0
17.98107719
0
16.81281281
25.21921921
25.21921921
8.406406403
16.81281281
0
0
33.42975235
66.8595047
0
0
0
18.47130966
0
0
0
0
0
0
0
9.318998337
8.772711754
15.03893375
7.937215328
0
14.71758842
5.52545166
5.012373924
0
4.130933285
4.578231812
0
6.575788975
0
11.85585594
16.47186661
9.575345039
9.575345039
10.94325161
9.575345039
28.72603416
12.88137817
0
12.88137817
25.76275635
0
0
0
0
4.470982552
8.941965103
0
6.536401749
6.536401749
0
0
6.536401749
17.49946213
15.42591381
10.87040043
12.69260693
0
11.69373131
0
11.69373131
23.38746262
0
0
31.61554527
28.33971786
21.10242462
0
4.032195091
5.844417572
0
20.90851593
17.35203171
0
0
0
12.51790714
47.52936554
0
5.778927326
16.38738251
8.750945091
0
3.937676907
0
0
9.000404358
4.500202179
0
0
0
1.722666502
1.626962662
6.952199459
13.90439892
0
0
0
4.996776104
4.996776104
0
0
4.996776104
0
0
0
0
0
0
7.597184658
15.19436932
7.597184658
15.19436932
8.682497025
0
0
5.817239285
2.908619642
0
10.34271908
10.34271908
0
5.171359539
0
2.322405338
2.322405338
0
0
0
0
2.221385717
0
2.538726807
2.221385717
0
0
0
1.774422646
0
0
0
0
0
4.453785896
0
0
0
0
0
0
0
0
0
0
0
3.413407564
3.413407564
6.826815128
0
0
0
0
0
0
0
0
0
0
0
0
0
0
0
0
0
0
7
0
0
0
0
0
0
0
0
0
0
0
0
0
0
0
0
0
0
0
0
0
0
0
0
0
0
0
3.520348549
3.520348549
0
0
0
0.321597338
0
0
1.738157272
0
7.015402317
0
0
0
0
3.583716154
0
0
10.75114822
3.293611765
0
3.568078995
0
10.42976952
0
0
0
0
4.221488953
4.187304974
8.374609947
0
0
12.16964722
0
0
0
14.5174818
21.77622223
14.5174818
7.258740902
7.258740902
1.676828742
0.670731544
0
0
1.509145975
23.55464554
0
0
0
0
5.723823547
2.861911774
0
5.723823547
8.585735321
0
0
0
0
9.216645241
8.064564705
12.266922
0
18.400383
0
0
6.746921539
0.992194235
0
0
0
1.047545075
0
3.142634869
1.702260613
3.797350645
0
0
6.054411411
5.337440491
3.027205706
0
0
11.12374592
19.46655464
9.733277321
0
8.530306816
4.874461174
0
0
14.30807209
16.35208321
8.176041603
21.46210861
8.176041603
0
3.635423422
3.635423422
3.635423422
3.635423422
8.238480568
3.362644911
0
1.765388489
0
6.621396065
13.24279213
6.621396065
0
6.621396065
12.50683689
0
12.50683689
0
6.253418446
20.21477509
8.507375717
0
0
0
2.34147954
40.22910309
0
0
0
0
0
6.746048927
0
0
20.23814583
0
0
11.35639
0
16.73573112
7.631299973
0
0
0
10.59491062
12.14180946
0
0
0
0
0
0
0
0
0
32.16685104
16.08342552
0
0
32.16685104
0
0
0
12.18266773
0
0
16.07595062
0
0
0
0
0
0
0
24.53923416
0
0
0
0
0
0
0
0
0
0
0
3.879053831
0
0
0
0
0
13.10411358
0
0
0
0
0
0
0
0
0
0
0
0
0
0
16.71404648
0
0
0
0
9.089943886
0
0
9.089943886
0
0
0
0
0
12.23475266
0
0
16.80171394
0
8.400856972
9.979504585
9.979504585
0
19.95900917
9.979504585
10.43560505
0
0
0
0
16.5639801
0
0
0
16.5639801
12.71364784
0
0
0
12.71364784
9.53307724
0
19.06615448
28.59923172
0
0
0
0
8.55126667
8.55126667
0
0
6.868181229
0
0
0
0
0
37.80952454
0
0
0
0
11.19907475
0
0
9.920262337
9.920262337
9.920262337
4.960131168
0
4.277139664
0
0
8.554279327
0
0
7.347340107
10.58515072
0
0
0
0
0
2.454852104
0
0
0
0
0
0
0
11.43033218
0
0
0
0
0
0
0
0
0
0
0
0
0
0
0
0
0
0
0
0
0
0
0
0
0
0
0
0
0
0
0
0
2.564875126
0
4.083693027
0
0
0
0
0
7
0
0
0
0
0
0
0
1.931095362
0
0
0
0
0
0
0
0
0
1.538793683
1.538793683
0
0
0
0
1.600840926
0
0
0
3.041435003
0
0
0
0
0
0
7.851760864
0
0
0
0
0
0
0
0
6.923492908
6.923492908
6.923492908
0
5.238207817
0
0
2.910115242
0
0
5.306142807
2.653071404
6.064163685
8.948041916
5.965361118
0
0
0
0
0
0
1.947799802
1.947799802
0
3.895599604
0
0
0
0
0
21.17070007
17.18434715
0
0
0
5.728115559
11.32569122
0
0
3.303327084
6.606654167
6.258150578
2.737940788
5.475881577
5.475881577
8.213822365
2.737940788
8.189278603
16.37855721
16.37855721
8.189278603
0
4.810279846
4.810279846
0
0
0
0
0
11.14495754
0
2.08967948
7.364136696
11.04620457
3.682068348
4.208077908
0
0
0
0.780323088
5.072099686
0
0
7.606930733
0
0
0
4.3071208
4.3071208
12.92136192
8.6142416
12.92136192
6.043979168
3.021989584
3.021989584
0
3.021989584
0
0
6.715708733
0
0
0
5.057961464
5.057961464
0
0
0
0
0
0
10.67390728
0
16.65870476
0
33.31740952
0
0
11.92247963
0
0
0
11.92247963
0
0
0
18.6624012
0
3.091463566
0
0
0
10.98951626
0
6.297989845
7.017758846
25.61182213
10.85653305
20.00525284
0
10.00262642
11.43157387
0
8.829461098
14.56861115
8.468255997
0
0
0
0
3.487974167
0
3.487974167
0
0
10.25831795
10.25831795
0
5.920492172
0
11.84098434
0
5.920492172
9.246077538
0
9.246077538
0
0
0
0
0
36.80695724
0
0
0
9.060165405
0
5.491008759
17.6741848
0
5.909390926
17.7281723
8.864086151
2.954695463
0
0
18.80784225
0
18.80784225
0
11.98288822
0
35.94866562
0
0
24.81040955
0
0
0
0
27.1202755
9.040091515
18.08018303
0
0
0
0
0
20.46822929
0
7.075403214
7.075403214
14.15080643
0
28.30161285
10.56346703
0
21.12693405
21.12693405
10.56346703
8.121328354
8.121328354
0
16.24265671
8.121328354
9.026114464
0
12.63656235
8.499591827
5.979800701
55.04609299
25.38302612
0
0
0
10.01425934
10.01425934
0
10.01425934
0
8.150252342
8.150252342
0
0
8.150252342
16.17139435
0
0
0
0
17.53430939
20.03921127
0
8.767154694
8.767154694
0
8.079263687
0
0
0
0
7.208782196
3.604391098
0
0
7.595786095
0
0
0
0
0
0.160786867
0.608516455
0.348783821
0
0.413098574
0
2.314802885
8.033726692
0
0
0
0
0
0
0
0
0
0
0
0
0
0
0
6.472856045
0
0
0
0
0
0
0
7.12643528
0
0
0
0
4.115911961
0
0
0
0
0
0
0
0
0
0
0
0
0
0
0
0
0
0
0
0
0
0
2.177843094
0
0
7
0
0
0
0
0
0
0
0
0
0
0
0
0
0
0
0
0
1.637751222
0
0
0
0
0
0
3.900468826
0
0
0
2.773271322
4.853224754
4.853224754
0
0
0
0
0
0
5.06270647
5.06270647
10.12541294
0
0
0
0
0
0
0
0
0
0
0
0
0
0
0
0
0
0
2.254791498
2.254791498
0
3.910691023
8.93872261
3.910691023
3.910691023
0
15.67015076
10.44676685
0
0
1.8110044
4.753886223
3.169257641
0
0
0
3.001021385
3.001021385
6.00204277
6.00204277
3.245592833
9.736778259
3.245592833
0
3.245592833
1.113141179
3.91806078
3.359038353
0
0
0.205955625
0
0
3.792845011
0
7.585690022
12.32394314
10.78345013
0
0
6.161971569
8.919056892
4.459528446
4.459528446
4.459528446
4.459528446
0.43970257
2.198512793
0.527643085
20.4022007
0
10.54590321
0
7.030601978
0
0
4.535533428
4.535533428
9.071066856
9.071066856
0
9.484600067
16.00885582
0.747271538
0
0
3.965124369
0
0
3.965124369
0
0
0
5.834557533
17.50367355
5.834557533
0
16.96502304
16.96502304
8.48251152
0
0
16.57581711
0
8.287908554
8.287908554
0
8.140275955
0
0
0
7.122741222
15.16712379
0
0
15.16712379
15.16712379
8.519994736
17.03998947
0
34.07997894
0
0
0
7.786651611
0
6.143597126
9.36071682
9.36071682
0
0
18.72143364
9.792201996
0
0
0
9.792201996
0
0
6.840104103
11.63651943
7.382308006
0
17.88015366
26.82023239
0
0
0
0
11.56212997
69.37277985
11.56212997
0
0
19.86434937
0
0
5.495448112
0
6.407249451
3.992209196
0
0
0
4.052909374
0
7.921595573
0
0
10.75067616
0
0
0
0
0
0
0
6.336036682
0
0
0
0
0
0
0
0
0
0
0
0
11.11370373
0
0
6.035205841
12.07041168
0
0
12.07041168
0
0
10.33049202
0
0
0
0
0
9.641310692
11.01864052
0
0
14.50870228
0
0
0
0
4.745026588
7.322572708
4.10063982
5.682315826
17.1809597
0
0
0
17.1809597
13.31820679
33.29551697
6.659103394
19.97730827
13.31820679
0
0
8.601939201
0
8.601939201
0
0
13.32382584
6.661912918
6.661912918
0
7.435496807
14.87099361
0
0
2.984260082
3.869700193
0
0
2.853084087
0
0
4.509132862
0
1.964560032
0
14.55616283
7.278081417
0
0
0
0
7.92991209
3.964956045
3.964956045
0
7.096158504
0
13.12789536
0
0
0
0
0
0
0
0
0
0
0
1.780868292
1.664246798
1.248185039
2.288339138
0
0
0
0
0
0
0
0
0
0
0
10.61455536
0
0
0
0
0
0
5.311092377
5.311092377
0
5.311092377
0
7.552219391
0
0
0
0
0
0
0
0
0
0
0
0
0
0
0
0
0
0
0
0
7
0
0
0
2.747445107
2.747445107
0
0
0
0
0
0
0
0
0
0
0
0
0
0
0
0
0
0
0
0
0
0
0
0
0
0
0
0
0
0
0
0
0
0
0
0
0
6.7957654
0
0
0
0
0
0
0
0
0
0
0
0
0
0
3.689343691
7.378687382
2.59159708
0
0
0
5.18319416
6.971245766
0
6.971245766
2.323748589
4.647497177
6.16808939
10.79415512
5.39707756
0
10.79415512
3.975013494
11.92504025
9.085745811
7.950026989
3.975013494
10.69044209
3.563480616
4.072549343
3.563480616
3.563480616
0
3.151032448
7.202360153
3.601180077
6.302064896
3.151032448
0
0
0
7.986183167
7.986183167
0
0
0
6.354897499
6.354897499
3.372890472
2.951278925
0
0
0
1.181528449
0.806897461
13.37144375
5.504193306
8.558876991
14.83185005
0
0
4.325956345
9.887900352
12.73009968
12.73009968
3.18252492
0
0
13.87409878
13.87409878
0
0
9.249399185
0
0
32.14515686
5.357526779
10.71505356
6.96658802
6.96658802
0
0
0
0
0
0
0
6.390277386
0
6.163955688
0
0
3.522260666
0
0
0
4.72719717
19.55340958
0
0
0
0
8.217115402
16.4342308
25.56029129
0
17.04019547
28.2712326
0
0
0
10.05205917
10.05205917
0
0
21.31322098
0
0
14.78174782
31.43130684
0
14.60444832
46.98822784
0
9.088389397
11.21900082
13.34961224
19.87460899
0
30.57027817
0
10.19009209
23.29164124
0
0
0
0
20.50885963
6.836287022
23.45822334
7.81940794
0
0
0
0
21.0539608
0
0
0
0
13.67963409
0
0
0
12.62722683
0
0
12.62722683
0
6.313613415
0
0
12.48993397
21.85738182
10.92869091
0
0
0
0
0
0
0
5.964576244
17.89372826
0
0
0
0
15.5349865
0
0
8.072519302
16.1450386
0
16.1450386
24.68446922
0
12.34223461
0
12.34223461
0
0
14.3898325
0
7.194916248
7.194916248
0
0
0
27.27499962
13.63749981
0
0
23.19872093
0
0
9.458713531
0
32.42987823
0
9.458713531
0
0
15.87856293
0
0
0
12.03485203
0
12.03485203
0
0
16.36710167
5.455700874
5.455700874
0
14.73424435
12.89246273
6.446231365
6.446231365
0
0
13.2581625
0
0
6.629081249
4.150057316
0
4.343083382
2.702363014
0
21.83400726
0
10.91700363
0
0
0
0
0
6.7445755
0
0
1.536501765
0
0
0
0
0
0
0
0
5.424107075
0
0
0
0
0
0
0
0
0
0
0
0
0
0
0
0
0
0
6.171828747
0
6.549574852
0
0
0
0
0
0
0
0
0
0
0
2.26796031
4.53592062
0
0
0
0
0
0
0
0
0
0
0
0
0
0
0
0
0
0
7
4.082713604
0
0
0
0
0
0
0
0
0
0
0
1.607675791
1.837343812
0
0
0
0
2.54231739
3.813476324
0
0
0
0
0
0
0
0
0
0
0
0
0
2.252599001
0
0
0
0
0
0
0
0
0
0
0
0
0
0
3.053117752
11.64000988
0.790539384
8.44328022
0
0
3.75256896
0
0
0
0
0
0
0
0
0
0
0
0
0
0
0
0
0
0
0
0
0
11.44166088
0
0
0
0
0
0
0
0
0
0
0
9.207486153
4.603743076
6.672889233
13.34577847
0
0
0
0
8.331385612
5.554257393
0
0
0
0
3.394855499
6.789710999
10.1845665
20.48589325
5.975052834
0
6.828632355
11.95010567
6.384424686
6.749248981
19.88292122
29.36835289
0
0
0
9.075478554
11.34434891
6.806609154
9.27073288
0
0
18.54146576
0
0
0
3.599236488
0
4.113412857
0
0
12.68271828
11.70712376
0
0
12.26032734
0
0
0
7.92883873
0
0
0
2.642946243
0
13.00362587
6.501812935
0
6.501812935
6.501812935
15.79339027
0
7.896695137
0
0
0
0
0
0
0
13.95207596
13.95207596
13.95207596
0
0
7.259912491
0
0
14.51982498
14.51982498
0
0
0
0
0
24.75921059
0
0
0
0
11.1329937
0
0
0
5.566496849
0
27.97881317
41.96821594
0
0
0
5.199090481
17.8254528
0
5.199090481
0
0
0
0
0
0
0
0
11.60364342
11.60364342
10.34844971
10.34844971
0
0
0
0
0
0
0
0
8.712730408
0
0
16.74996567
5.583322048
0
0
0
0
0
0
0
5.321269512
5.321269512
0
5.321269512
0
0
0
0
0
0
12.2191782
12.2191782
0
0
12.2191782
19.02993202
0
9.514966011
9.514966011
0
0
51.94131851
0
0
0
19.26170731
19.26170731
9.630853653
9.630853653
0
11.5388279
0
11.5388279
11.5388279
0
0
0
0
0
34.91005707
0
0
0
14.85775566
0
6.319383621
0
18.95815086
6.319383621
0
13.25105
6.625524998
6.625524998
0
6.625524998
17.23590469
8.617952347
0
8.617952347
0
11.39004421
0
0
0
0
0
0
0
11.51854992
0
11.37216187
11.37216187
0
0
0
0
0
0
0
0
0
2.992908955
0
0
2.992908955
0
0
0
0
6.040048122
0
4.91927433
0
0
4.91927433
9.83854866
0
4.542658806
0
0
4.542658806
4.184840679
4.184840679
0
0
4.184840679
0
4.018677235
0
0
0
0
2.492052555
0
0
0
2.917764902
2.917764902
5.835529804
0
2.917764902
7.893558502
6.906864166
0
0
0
4.965490818
0
9.930981636
4.965490818
0
0
0
0
0
0
0
0
7
0
0
0
0
0
0
0
0
0
0
0
0
0
0
0
0
0
0
0
2.096652746
0
0
0
0
0
0
0
6.482729912
3.241364956
0
0
0
0
0
6.139046192
0
0
0
0
0
4.201025486
8.973444939
4.486722469
0
0
0
0
3.010875463
3.010875463
0
3.010875463
0
4.155086994
0
8.310173988
4.155086994
4.878555775
4.878555775
4.878555775
5.350768566
2.675384283
0
0
2.675384283
6.147589207
0
6.147589207
0
6.147589207
6.125115395
5.359475613
0
0
10.71895123
0
9.001200676
0
0
4.500600338
2.595686197
10.38274479
2.595686197
2.595686197
5.191372395
3.0014081
0
0
9.004223824
3.0014081
3.0014081
11.13709354
9.718689919
0
36.06422043
2.048804998
4.452152729
8.904305458
4.452152729
4.452152729
13.35645771
0
6.652270317
0
19.95681
0
0
0
0
0
14.50723553
0
0
0
0
0
0
0
19.55773926
0
13.0384922
0
0
8.582157135
8.582157135
15.01877594
4.704195023
0
0
5.376223087
14.11258602
0
22.43618965
12.82068157
11.21809483
0
6.407623768
8.032523155
7.189415455
11.9721384
13.01452827
0
8.232114792
0
24.69634628
9.408131599
0
0
31.3953495
0
0
0
0
0
18.1188755
7.927006721
0
0
10.268116
0
10.268116
0
0
0
0
0
0
0
13.26935101
13.26935101
0
13.26935101
0
63.86405563
0
0
0
0
19.5559845
6.518661976
0
6.518661976
11.7402153
46.96086121
0
11.7402153
11.7402153
0
0
0
16.67848015
0
0
10.25520325
17.58034897
5.127601624
5.127601624
0
0
13.14737988
0
0
10.78040123
0
0
0
10.78040123
0
0
0
0
0
0
0
0
0
0
0
0
0
0
0
0
0
0
54.20813751
0
0
0
0
0
0
0
0
0
0
0
0
0
0
0
0
0
0
0
8.716867447
0
17.43373489
8.716867447
27.79451752
0
13.89725876
0
0
0
20.29582787
0
20.29582787
0
0
0
0
20.28813553
0
0
0
0
12.8367548
0
25.65464592
0
0
12.82732296
12.82732296
0
26.16989899
6.542474747
13.08494949
0
19.17770576
38.35541153
38.35541153
0
0
0
0
0
0
12.33625317
0
0
0
13.83804512
0
0
0
0
0
8.018546104
0
0
8.100327492
8.100327492
8.100327492
0
0
0
0
0
0
7.287615776
0
0
0
0
0
0
0
0
0
0
0
9.796513557
0
0
0
0
0
0
0
0
5.321794987
0
5.321794987
0
4.999953747
4.999953747
0
9.999907494
0
0
0
0
0
0
0
0
0
0
0
0
0
0
0
0
0
0
0
0
0
0
0
0
0
0
0
0
7
5.018195152
0
0
0
0
0
0
0
0
0
0
0
0
0
0
0
0
0
0
0
0
0
0
0
0
0
0
0
0
0
0.467198342
0
0
0
0
0
6.176445961
0
0
0
3.08822298
0
3.842545033
0
0
0
0
0
0
0
0
0
0
0
0
0
0
0
0
0
11.39186668
0
0
0
0
0
4.081469536
0.466453612
0.466453612
0
0
0
10.73591995
0
0
0
0
0
0
0
3.714233875
0
0
0
3.249954462
3.532192707
3.532192707
3.532192707
0
0
0
0
4.333980083
4.333980083
11.37669754
4.333980083
4.694163322
10.72951794
5.364758968
9.388326645
0
2.667616129
0
2.667616129
0
0
15.0141325
17.15900803
0
0
0
8.148982048
0
0
0
0
0
5.397522926
0
5.397522926
2.698761463
0
0
3.652827263
3.652827263
7.305654526
0
12.86988831
14.70844364
0
12.86988831
0
9.577372551
9.577372551
0
0
4.67235899
4.67235899
9.344717979
4.67235899
23.36179543
19.95799255
9.978996277
9.978996277
0
0
16.11069489
8.055347443
0
0
0
0
8.59513092
8.59513092
0
0
8.59513092
12.03512573
0
0
24.07025146
0
0
0
0
0
10.70908642
12.50046539
0
12.50046539
0
0
0
0
0
0
0
21.52831459
10.7641573
0
0
0
0
11.84626293
0
0
0
0
0
0
35.42996979
0
0
8.030735016
0
7.376379967
0
24.73621368
0
0
0
0
9.592797279
0
0
0
9.592797279
0
0
0
0
0
0
0
0
0
0
0
0
0
0
0
0
0
0
0
0
0
0
0
0
0
0
0
0
0
0
14.18287659
33.15001678
0
0
0
0
0
0
0
0
0
0
8.416391373
0
8.416391373
8.416391373
0
0
0
28.20022964
0
0
0
10.26379585
0
20.52759171
10.26379585
13.96892071
27.93784142
0
0
0
0
0
1.941880345
13.47893429
12.11961842
0
7.326867104
0
0
0
0
4.525355339
0
4.525355339
0
9.526575089
4.763287544
0
0
0
0
9.084733009
0
18.16946602
9.084733009
7.064297199
7.064297199
0
0
0
0
0
0
0
0
0
0
4.540721893
0
0
0
4.347794533
0
8.695589066
4.347794533
4.347794533
4.899852753
4.899852753
0
0
0
0
0
6.626754761
0
0
0
0
0
0
0
0
0
0
0
0
0
0
0
0
0
0
0
0
0
0
18.14037704
0
0
0
0
0
0
0
0
0
0
0
0
0
0
0
0
0
0
0
0
0
7
0
0
6.308263302
0
0
0
0
0
0
0
0
0
0
0
0
0
0
0
0
0
0
0
0
0
0
0
0
0
0
0
0
0
0
2.861694098
2.861694098
0
0
0
0
0
0
0
0
0
2.463788509
4.311629772
0
0
0
0
0
0
0
0
0
0
0
0
2.667788506
0
2.260348797
0
0
4.520697594
2.815392733
0.37262553
6.872870445
2.277155876
4.388700485
0
3.616342545
3.616342545
7.232685089
0
0
0
3.800014973
11.40004539
0
0
0
0
0
0
5.725216389
5.725216389
8.587824821
3.271552324
5.725216389
6.543104649
0
5.61654377
8.424815178
5.61654377
6.418907642
3.693560123
5.540340424
0
3.693560123
0
4.292052269
5.007394791
5.484288692
0
5.007394791
3.974906683
0.73609376
1.864771128
15.6542635
0
0
0.574661493
14.26205349
0
0.261209756
0.657250643
11.35251141
0.776750624
0
0
0
14.66390705
4.189687729
7.331953526
0
6.539498329
0
3.269749165
6.539498329
6.539498329
0
5.038189888
0
5.038189888
0
1.782130361
0
2.036720276
1.782130361
0
0
2.589987516
5.179975033
5.179975033
5.179975033
0
0
21.5838356
0
0
8.987368584
9.985354424
0
0
0
29.95606613
9.523028374
0
9.523028374
9.523028374
28.56908607
0
0
0
0
0
14.69123459
7.345617294
0
0
0
21.7563591
0
10.87817955
0
0
0
0
18.89367676
0
9.446838379
9.200389862
18.40077972
0
36.80155945
18.40077972
0
0
9.680762291
0
0
0
0
0
0
0
7.907129765
0
0
0
0
0
0
0.509437084
0.36556828
0.90802449
3.882665157
3.752520084
0
0
9.999489784
3.513920069
0
8.166010857
8.166010857
0
16.33202171
0
0
0
0
0
0
0
0
0
0
34.12931061
0
0
0
11.37643719
5.157749653
5.157749653
5.157749653
15.47324944
10.31549931
17.62200737
0
0
0
0
0
0
0
6.941371441
6.941371441
0
0
9.225689888
0
0
8.072479248
0
10.37819672
0
10.37819672
10.37819672
8.654109001
0
8.654109001
17.308218
17.308218
12.41350746
0
24.82701492
12.41350746
0
10.10424042
0
0
20.20848083
10.10424042
0
0
0
19.97430229
0
4.978809834
4.978809834
14.93643093
19.91523933
9.957619667
0
0
9.906220436
0
0
0
2.290282965
3.515317917
0
1.011985421
0
17.26023483
17.26023483
0
0
11.93951225
11.93951225
0
0
0
5.969756126
0
0
0
0
0
0
4.374724388
0
0
0
0
0
1.99121666
1.99121666
3.982433319
0
0
11.57618523
5.788092613
0
0
3.473230124
0
0
3.473230124
6.153443336
24.61377335
0
0
6.153443336
4.472101688
8.944203377
4.472101688
4.472101688
4.472101688
4.240487576
0
0
0
0
0
0
0
0
0
0
0
0
0
0
0
0
0
0
0
0
0
0
0
0
0
0
7
0
0
0
0
0
0
0
0
0
0
9.000628471
0
0
0
0
0
0
0
0
0
0
0
0
0
0
0
0
0
0
0
0
0
0
0
0
0
0
0
0
0
0
13.20381737
0
0
0
0
0
0
0
0
0
0
0
0
0
0
0
0
2.78768301
0
0
0
11.75316429
5.876582146
0
0
0
6.539216518
6.539216518
12.60906887
0
0
0
0
0
1.692143083
3.384286165
1.933877826
1.692143083
3.053590775
0
0
3.053590775
0
0
0
0
0
7.066052914
4.710701466
3.337456942
27.99157333
3.875756264
14.96472549
0
0
0
8.881593704
0
0
0
0
0
0
3.36702466
10.58932495
0
0
0
0
0
12.07037258
13.79471302
6.035186291
0
3.398880005
5.948040009
2.974020004
0
5.948040009
5.124017239
15.37205219
5.124017239
5.124017239
10.24803448
0
8.502009392
0
8.502009392
0
0
6.321190357
27.65520477
11.06208134
0
0
0
3.128211975
3.128211975
6.25642395
6.548104286
14.96709633
0
0
13.09620857
7.504228115
7.504228115
0
7.504228115
0
0
0
0
0
0
16.55443192
0
12.4956522
0
24.9913044
0
0
0
0
0
0
0
18.17422485
0
0
0
0
0
0
0
16.31629372
0
0
0
0
0
0
0
0
8.634092331
0
0
0
0
10.22426033
5.112130165
10.1312685
0
0
0
0
0
0
0
9.403780937
0
0
0
9.554467201
0
0
0
0
0
0
0
0
0
0
0
0
0
0
0
0
0
0
0
0
0
0
0
0
0
0
0
13.34203625
0
19.9930172
9.996508598
19.9930172
0
0
11.36971283
0
11.36971283
0
0
16.28487778
16.28487778
0
0
32.56975555
0
0
0
0
0
0
0
0
10.86117172
0
0
0
0
0
13.39854813
0
32.62855148
8.157137871
16.31427574
0
0
0
7.829549313
7.829549313
7.829549313
0
13.75686836
4.585622787
4.585622787
4.585622787
10.09560585
5.047802925
5.047802925
5.047802925
0
8.700766563
8.700766563
8.700766563
0
17.40153313
8.442685127
0
8.442685127
25.32805824
16.88537025
4.210938931
0
0
4.210938931
4.210938931
21.90210915
0
7.300704002
14.601408
0
0
0
0
11.24265385
7.495102406
7.495102406
2.297477484
2.297477484
2.297477484
0
0
0
0
0
0
0
0
4.002569675
0
0
0
0
0
0
0
0
0
0
0
0
0
0
0
0
0
0
2.10216713
0
0
0
0
0
0
0
0
0
0
0
0
0
0
0
0
0
0
0
0
0
0
3.522686005
0
0
0
7
0
2.906891823
0
0
2.906891823
0
0
0
0
0
0
0
0
0
0
0
0
0
0
0
0
0
0
0
0
0
0
0
0
0
0
0
0
0
0
0
0
0
0
0
0
0
0
0
0
0
0
0
0
0
0
0
0
0
0
0
0
9.19070816
10.50366688
2.433074713
2.433074713
7.2992239
2.433074713
0
7.182023048
7.182023048
0
7.182023048
3.591011524
2.897125006
0
2.897125006
2.897125006
14.48562431
0
2.612509727
7.837528706
2.285945892
0
0
0
6.918692589
3.459346294
0
0
0
5.526175976
2.763087988
0
2.763087988
5.863240242
2.931620121
3.350423336
0
5.863240242
0
4.530577183
5.177802563
2.265288591
4.530577183
0
4.484426498
6.726640224
2.242213249
2.562529564
9.648956299
17.92926788
16.01316261
3.011022091
0
0
0
0
35.03602219
0
0
0
5.774646282
17.32394028
5.774646282
14.87800694
14.87800694
0
0
0
4.404858589
0
4.404858589
8.809717178
0
10.90761566
0
0
12.46584702
10.90761566
3.845068693
0
7.690137386
0
0
0
6.714497089
13.42899418
20.14349174
0
9.559053421
9.559053421
0
9.559053421
4.779526711
0
0
0
15.4951582
0
7.747579098
25.83695602
9.842650414
25.83695602
0
0
0
0
10.4064312
0
10.4064312
9.19026947
18.38053894
0
18.38053894
9.19026947
0
0
0
21.52374649
0
0
0
0
0
11.91278744
0
0
20.33817863
20.33817863
0
0
0
4.693065166
0
4.693065166
10.75003719
10.75003719
10.75003719
0
0
0
0
8.486807823
0
8.486807823
21.2033062
10.6016531
0
0
10.6016531
0
0
0
0
12.32891655
12.32891655
6.417843819
0
0
6.417843819
0
0
0
0
0
0
4.57414484
0
3.955087423
0
5.107221603
11.44072437
17.16108704
0
5.720362186
11.44072437
0
0
20.37721062
30.56581497
20.37721062
31.40211296
10.46737194
0
10.46737194
0
0
29.29184914
9.763949394
0
0
0
0
0
24.67725182
0
0
21.92012787
21.92012787
0
10.96006393
0
14.93329811
7.466649055
7.466649055
7.466649055
14.93329811
11.74633312
11.74633312
11.74633312
11.74633312
0
10.56522083
10.56522083
10.56522083
10.56522083
21.13044167
0
0
0
0
0
7.613400459
15.22680092
0
0
7.613400459
4.656999588
4.656999588
4.656999588
4.656999588
0
0
0
0
6.441870213
6.441870213
17.98968887
0
0
8.994844437
8.994844437
7.456979752
0
0
14.9139595
0
0
8.122564316
4.061282158
0
0
4.061282158
0
9.812259674
0
0
0
0
0
0
0
0
0
0
0
0
0
0
0
0
0
0
0
0
0
0
0
0
0
4.109194279
0
2.054597139
4.567987919
0
4.567987919
0
0
4.377265453
0
0
0
0
0
0
0
0
0
3.951348782
3.951348782
3.951348782
0
0
0
0
0
0
0
0
0
7
0
0
0
0
0
0
2.766399145
0
0
0
0
1.391418457
0
0
1.391418457
0
0
0
0
0
1.638781071
0
0
0
0
4.170016289
0
0
0
0
0
0
2.375627756
2.375627756
4.751255512
0
0
0
7.241650105
0
7.241650105
2.744848013
2.744848013
5.489696026
0
5.489696026
7.697850227
0
3.367809296
0
0
0
0
0
0
0
1.728708506
0
5.186125278
0
7.826808929
0
3.913404465
3.913404465
0
6.420111179
0
0
0
7.33727026
0
0
8.630509377
4.315254688
12.94576359
2.073866129
0
0
2.073866129
4.147732258
4.649971485
4.649971485
0
2.324985743
0
0
0
2.863499165
2.863499165
2.863499165
0
0
0
8.224780083
8.224780083
0
0
0
0
9.442152977
9.442152977
16.08626938
10.72418022
0
0
10.72418022
14.35610676
14.35610676
0
0
4.785368919
0
3.767960548
7.535921097
0
0
0
11.35504246
0
0
9.935661316
4.166018009
8.332036018
4.166018009
8.332036018
14.28349018
0
0
0
4.253963947
12.76189232
0
0
0
8.58400631
17.16801262
0
0
0
0
5.549280643
0
10.63194275
0
0
5.315971375
3.612727404
14.45090961
3.612727404
10.8381815
7.225454807
0
0
20.62567902
30.93851852
10.31283951
10.31283951
9.556067467
28.66820335
0
19.11213493
9.556067467
17.73163033
0
0
0
0
0
0
0
0
0
0
0
24.43347931
0
0
11.0507021
22.10140419
0
11.0507021
0
7.873853207
7.873853207
7.873853207
7.873853207
0
8.599422455
0
0
17.19884491
0
0
23.877882
23.877882
0
0
0
13.64982319
0
13.64982319
0
0
0
0
0
0
0
0
0
0
0
0
0
0
0
0
0
10.63058567
0
0
0
0
0
4.592047691
4.592047691
0
0
0
10.67034912
0
0
21.34069824
0
0
0
10.05617619
0
0
0
0
0
0
15.12389183
0
0
0
0
15.16963482
0
11.90642166
23.81284332
0
0
0
0
0
0
0
0
0
0
0
0
8.973856926
0
0
0
17.94771385
0
0
0
0
0
0
12.37195301
6.185976505
6.185976505
0
4.764327049
4.764327049
0
0
0
0
8.448943138
16.89788628
0
0
18.74046516
6.24682188
0
12.49364376
6.24682188
0
9.164114952
0
0
0
12.71761227
6.358806133
0
0
0
0
0
0
0
0
0
0
0
0
0
0
0
0
0
0
0
0
0
0
0
0
0
0
0
0
0
0
2.460165739
8.747254372
0
0
8.127534866
0
0
4.063767433
0
0
0
0
5.152538776
0
0
0
0
0
0
0
0
0
0
0
0
0
0
0
5.607963562
0
0
0
0
0
0
0
7
0
0
0
0
0
0
0
0
0
2.717787743
0
0
3.041662931
3.041662931
1.520831466
1.720854044
0
0
0
1.720854044
0
0
0
0
0
0
0
0
0
0
0
0
0
0
0
0
0
0
0
0
0
0
0
0
0
0
0
0
0
0
0
0
0
0
0
0
0
9.454955101
3.151651859
5.31786871
8.863114357
0
0
0
0
0
0
0
0
0
4.94396019
0
2.471980095
0
0
0
1.458931804
1.458931804
1.458931804
3.831693172
13.13723373
11.49507904
0
3.831693172
8.877557755
0
0
0
8.877557755
2.589287519
3.251563311
0
9.75469017
9.75469017
0
0
0
4.784087658
0
0
15.03562927
10.02375317
0
10.02375317
5.011876583
3.948533535
3.948533535
3.948533535
7.89706707
7.89706707
5.133325577
10.26665115
0
5.866658211
0
0
12.01688576
0
7.009850025
0
5.305435658
10.61087132
0
0
0
7.121610641
7.121610641
0
14.24322128
0
0
5.90746212
2.95373106
0
0
0
0
16.47355652
5.491185665
10.98237133
0
10.71266842
0
0
0
10.9066124
10.9066124
0
5.453306198
0
5.453306198
7.181190968
7.181190968
21.54357147
7.181190968
14.36238194
0
0
6.793076038
6.793076038
6.793076038
39.1784668
0
0
9.794616699
0
0
0
0
27.53866768
0
0
0
16.10619354
0
0
0
0
0
9.131629944
0
0
0
0
0
0
0
0
0
0
0
0
46.89133453
0
0
23.44566727
0
0
0
0
0
0
0
11.94602299
11.94602299
0
0
0
0
0
0
0
0
19.43404198
0
0
0
0
0
0
0
0
0
0
0
0
19.43210602
0
0
0
0
0
0
0
0
18.20975685
0
0
0
0
0
0
0
0
0
0
0
12.35786247
6.446315289
19.33894539
6.446315289
0
6.446315289
6.373060703
0
19.11918259
6.373060703
0
21.46807861
32.20211792
0
0
0
0
0
4.584442616
9.168885231
0
5.716200352
5.716200352
0
0
0
0
0
6.125243664
12.25048733
12.25048733
5.153619289
0
4.509417057
4.509417057
9.018834114
0
0
0
11.42946053
0
0
0
8.929406166
0
0
3.88143301
7.76286602
0
3.88143301
0
6.499503136
12.99900627
0
6.499503136
12.99900627
19.49851036
3.586119413
0
0
0
0
0
0
6.728806496
0
0
0
0
0
0
0
0
0
0
0
0
0
0
0
0
0
9.934799194
0
4.967399597
9.934799194
4.967399597
3.921009779
0
0
0
0
0
4.293056488
0
0
4.293056488
4.357192516
8.714385033
0
0
0
0
0
0
0
0
0
0
3.604359865
0
0
0
0
0
0
0
0
0
7
0
0
0
0
5.457575798
0
0
0
0
0
0
0
0
0
0
0
0
0
0
0
0
0
0
0
0
0
0
0
4.798730373
7.198095798
2.399365187
7.344136715
0
0
0
0
0
0
0
0
3.815475702
3.647979021
10.9439373
0
0
0
0
0
0
0
0
0
0
0
0
0
0
0
0
0
0
4.364446163
0
0
0
0
0
0
0
0
0
4.142753124
4.142753124
0
0
0
0
0
2.898467779
0
0
0
0
0
0
0
0
2.346640348
4.693280697
2.346640348
6.184803963
3.092401981
3.092401981
3.092401981
6.184803963
4.121622562
4.121622562
4.121622562
8.243245125
8.243245125
8.520942688
4.260471344
0
0
0
0
0
4.591690063
16.07091522
0
15.29399395
8.739425659
7.646996975
0
0
0
13.87595558
6.937977791
6.937977791
24.28292084
11.941535
5.970767498
0
11.941535
0
21.32351875
0
15.21168327
5.704380989
5.568562508
0
0
0
0
0
14.72068024
0
0
11.12229252
0
0
0
17.87956047
0
0
0
0
10.59331703
0
15.88997459
5.296658516
10.03782845
5.164088726
20.22082901
4.458952427
15.43005085
0
0
0
0
0
0
6.683609009
0
6.683609009
6.683609009
12.42914867
0
24.85829735
0
0
19.50095558
0
6.50031805
0
0
0
0
0
0
0
0
6.150519848
0
0
6.150519848
30.57289124
10.19096375
10.19096375
0
0
5.595248222
0
0
0
0
0
0
0
0
14.03343868
0
0
0
0
0
0
0
0
0
0
0
0
0
0
0
0
0
0
0
0
9.585894585
35.59935379
0
17.7996769
0
0
0
0
19.00122261
0
0
0
0
0
0
0
0
0
0
0
0
8.656594276
0
0
0
0
0
0
0
0
17.78960609
0
13.17833424
0
0
13.17833424
0
0
0
0
0
0
0
17.27855301
17.27855301
0
0
11.60773849
0
0
0
0
0
0
0
8.461058617
0
0
0
29.58437157
0
0
13.54273605
27.08547211
0
0
0
0
7.286980629
21.86094284
7.286980629
7.286980629
0
9.81476593
14.7221489
0
4.907382965
0
0
0
5.526685238
5.526685238
0
3.310927629
0
0
0
0
4.65063715
0
0
0
0
0
0
0
0
0
0
0
0
7.750699997
0
0
0
3.866555452
0
0
2.511672735
5.02334547
0
2.511672735
0
0
0
0
0
0
3.043951511
0
0
3.043951511
0
0
3.389300346
0
0
0
0
0
0
0
0
0
0
0
0
0
0
0
3.258011341
0
3.258011341
0
0
7
5.303171158
0
0
0
5.303171158
0
0
0
0
0
0
0
0
0
0
0
0
0
0
0
0
0
0
0
0
0
0
0
0
8.002608299
4.00130415
0
4.042589188
8.085178375
0
0
0
0
0
0
0
0
0
0
0
9.580908775
8.385088921
8.385088921
0
0
0
0
0
0
0
0
2.765159845
3.160182953
2.765159845
0
0
3.788474321
12.98905468
11.36542225
3.022417784
3.022417784
3.022417784
9.067252159
3.454191923
6.522486687
9.783729553
9.783729553
0
0
5.3630476
4.692666531
9.385333061
4.692666531
5.3630476
0
0
7.161364079
0
0
3.541904688
3.541904688
0
0
0
7.083809376
8.334637642
14.58561707
0
0
0
8.602770805
17.20554161
4.301385403
0
0
0
0
6.255927086
8.210903168
5.473935604
5.732916355
20.06520462
0
0
11.46583271
3.771193743
0
0
6.599588394
0
3.130767107
13.69710636
5.478842258
0
0
0
0
3.195095778
3.195095778
0
4.552036285
0
4.552036285
9.104072571
4.552036285
0
0
7.36299181
7.36299181
12.88523579
0
0
9.216691017
9.216691017
0
0
0
0
0
3.852108002
11.63563061
5.817815304
6.64893198
5.817815304
0
0
0
0
22.50187111
7.500623226
7.500623226
0
9.8483181
0
11.25522137
0
10.49944973
0
0
0
18.37403488
0
10.59946918
9.274535179
9.274535179
0
0
7.999060154
7.999060154
18.28356552
0
0
11.72248745
0
11.72248745
11.72248745
16.34763527
32.69527054
0
0
16.34763527
0
11.07255459
0
0
11.07255459
28.81708527
9.605694771
0
19.21138954
19.21138954
10.79078579
0
0
21.58157158
10.79078579
0
9.642333984
0
19.28466797
0
0
0
9.36423111
0
0
0
0
0
0
0
0
0
0
0
0
0
8.213795662
0
0
0
0
0
19.71203232
0
0
19.71203232
0
27.06767464
0
0
18.04511642
11.44465542
0
0
22.88931084
22.88931084
11.44465542
0
6.751407623
6.751407623
0
0
15.4728899
0
0
0
0
0
0
14.52648354
7.263241768
7.263241768
0
23.16251755
0
0
11.58125877
20.68430328
20.68430328
20.68430328
0
20.68430328
0
0
11.39868164
11.39868164
22.79736328
4.966152668
0
0
14.89845753
9.932305336
0
0
8.45797348
0
0
5.949985981
5.949985981
5.949985981
0
0
5.93829155
5.93829155
11.8765831
11.8765831
0
0
6.466343403
19.39903069
12.93268681
6.466343403
0
0
43.06603622
0
0
0
0
0
8.762399673
2.920799971
0
0
0
0
0
6.314836025
0
0
0
0
0
0
0
0
0
0
0
12.18349075
0
0
0
5.664694309
4.956607342
0
0
0
0
0
0
0
0
0
0
0
0
0
0
0
0
0
0
0
0
0
0
0
0
0
4.566161156
0
0
5.091732979
0
0
0
0
0
0
7
0
3.239277124
0
0
0
0
0
0
0
0
0
0
0
1.866500616
0
0
0
0
1.136715531
1.136715531
0
0
0
0
0
2.99900651
0
0
0
0
0
0
0
0
0
0
0
0
0
0
0
0
0
0
0
0
0
0
0
0
0
8.838733673
0
0
0
0
0
0
0
0
0
0
0
0
0
0
0
0
0
0
0
0
0
0
0
0
6.410470486
12.82094097
0
19.23141098
2.865977526
0
2.865977526
0
0
0
14.39744568
7.198722839
0
14.39744568
0
6.083496571
3.041748285
3.041748285
6.083496571
6.083496571
0
0
0
0
0
18.38882446
0
0
4.086405277
3.064803839
0
6.080401897
3.040200949
6.080401897
12.16080379
4.77405405
19.0962162
0
0
0
0
6.080128193
6.080128193
6.080128193
3.040064096
17.11040115
0
0
11.22869968
3.742900133
6.000628471
12.00125694
3.000314236
3.000314236
9.000943184
4.196933746
0
8.393867493
4.196933746
8.393867493
10.73327637
0
0
0
0
4.62652874
0
9.25305748
9.25305748
0
14.18982983
0
0
0
0
7.094914913
20.21501732
5.05375433
0
0
10.10750866
0
0
0
24.55636597
0
0
20.01701927
0
0
0
31.61081123
21.07387352
10.53693676
10.53693676
0
3.249531507
3.249531507
0
3.249531507
3.249531507
0
0
0
0
14.94374084
0
6.655763149
6.655763149
0
0
11.67354965
11.67354965
11.67354965
23.3470993
0
0
0
0
16.53661728
0
0
0
0
0
0
0
0
0
0
0
0
0
11.0566082
11.0566082
0
11.0566082
37.55310822
0
9.388277054
0
0
0
0
6.036308765
6.036308765
0
0
0
0
11.1736412
0
0
0
0
0
0
0
7.767039299
7.767039299
0
0
0
12.8934021
0
0
0
0
0
0
0
0
10.97906685
7.073233604
14.14646721
0
0
35.36616898
11.23044205
0
5.615221024
5.615221024
5.615221024
0
24.75749397
0
0
0
0
8.358413696
0
0
8.358413696
0
13.29764271
0
0
0
13.24119377
6.620596886
6.620596886
0
0
18.75403595
9.377017975
0
0
0
0
0
0
0
5.0281353
12.62697792
6.31348896
12.62697792
0
0
3.884885073
3.884885073
0
3.884885073
0
0
5.915374279
5.915374279
11.83074856
0
11.83074856
5.951034069
0
0
0
2.975517035
0
0
0
0
0
0
0
0
0
9.081794739
0
0
0
9.636979103
0
4.930146217
0
0
0
0
0
0
0
0
0
0
0
0
0
0
0
0
0
0
2.771216154
5.108125687
0
0
0
0
0
0
0
0
0
3.962213039
0
1.98110652
0
0
0
0
0
0
0
0
0
7
0
0
0
0
5.019059181
0
0
0
0
0
0
0
0
0
0
0
0
0
0
0
3.592721462
0
0
0
0
0
0
0
0
0
0
0
0
4.012528896
0
0
0
0
0
0
0
0
0
0
0
0
0
0
0
0
0
0
0
0
0
2.133925438
0.991595805
1.983191609
1.983191609
4.115899563
0
0
8.231799126
4.115899563
0
0
0
0
0
0
2.307840109
6.058080196
8.077440262
0
5.650145531
1.883381724
0
5.650145531
0
3.527818441
1.763909221
1.763909221
0
1.763909221
6.640672684
3.320336342
3.320336342
3.320336342
0
3.320336342
14.49423885
14.49423885
28.98847771
0
4.831413269
5.046257496
0
0
0
0
0
6.84726429
6.84726429
0
0
8.71637249
5.810914993
8.71637249
2.905457497
0
5.706447601
5.706447601
0
5.706447601
17.1193428
4.803355694
0
0
14.4100666
0
0
5.391761303
10.78352261
16.17528343
0
0
0
4.062678814
16.25071526
0
0
4.491081238
4.491081238
8.982162476
17.96432495
4.372186661
0
0
0
13.11656094
0
0
0
18.43743896
12.29162598
0
15.52888107
5.176293373
15.52888107
15.52888107
0
0
8.934384346
0
0
17.86876869
0
0
4.292192459
4.292192459
0
7.234717369
0
7.234717369
0
0
0
0
14.97296619
0
0
0
9.947652817
19.89530563
19.89530563
0
0
20.46987343
0
0
0
0
8.410046577
8.410046577
0
0
0
0
0
0
0
16.8243885
0
0
0
0
0
0
0
0
0
14.53497791
0
0
0
0
0
0
0
0
0
0
0
0
0
0
0
0
0
0
0
0
0
13.30848885
0
0
0
0
0
0
0
0
0
0
0
10.006423
0
0
0
5.462374687
0
0
0
0
0
0
0
0
0
0
19.22368813
9.611844063
0
0
28.37538528
0
7.093846321
0
0
7.735458851
7.735458851
7.735458851
0
0
10.34394646
10.34394646
0
31.03183746
0
14.1505785
0
0
0
0
0
0
10.56968784
0
0
0
0
0
0
0
2.15255332
0
2.15255332
2.15255332
6.547274113
22.44779778
0
0
0
0
8.377524376
0
8.377524376
0
0
0
0
0
0
0
0
0
0
0
7.734187126
0
0
15.92116356
0
0
0
0
0
0
0
0
0
0
0
0
8.759666443
0
0
0
0
0
0
0
0
0
5.263996124
5.263996124
0
0
0
0
0
0
0
0
1.991090894
0
0
0
0
0
0
0
0
0
0
0
0
0
0
0
0
0
0
0
0
0
7
0
0
0
0
0
0
9.227809906
0
0
0
0
0
0
0
0
0
0
0
0
0
0
0
0
5.829236031
0
0
0
0
0
0
0
0
0
0
0
0
0
0
0
0
0
0
0
0
0
0
0
0
0
0
0
0
2.27175498
4.54350996
2.27175498
2.27175498
3.608127117
0
0
0
3.160104036
0
0
0
4.614174843
0
6.921262264
4.614174843
6.921262264
0
4.198418617
0
0
4.198418617
4.288157463
4.288157463
4.288157463
0
0
0
1.9890517
0.99452585
0.99452585
0.99452585
0
7.109836578
7.109836578
10.66475487
0
3.554918289
0
0
2.741145849
2.741145849
5.482291698
0
18.29193306
20.90506935
13.71895027
4.572983265
6.58065176
0
9.870977402
0
9.870977402
8.073974609
0
8.073974609
24.22192383
0
0
0
1.463784456
1.463784456
0
5.415000916
9.282858849
0
2.707500458
2.707500458
13.41880894
17.89174461
0
8.945872307
0
18.32592392
0
0
18.32592392
0
10.22628307
5.113141537
0
10.22628307
0
0
19.45039749
6.483466148
12.9669323
0
0
8.529992104
8.529992104
0
0
4.073212147
12.21963787
8.146424294
4.073212147
0
0
0
14.43408871
21.65113258
7.217044353
0
43.51673126
0
0
17.4066925
26.11004066
0
0
9.110399246
10.41188526
0
0
0
0
26.62995338
13.31497669
9.232133865
0
0
4.616066933
0
0
42.29007721
0
0
0
0
25.78719902
22.563797
0
11.2818985
0
0
8.374320984
0
0
4.442093849
13.3262825
0
0
4.442093849
13.91329002
4.637763023
0
0
0
5.366571903
5.366571903
16.09971619
0
0
0
0
8.265622139
0
0
16.53124428
0
0
0
14.1570015
42.47100449
0
0
0
28.7410984
0
0
0
20.76334763
0
0
0
0
0
0
0
0
0
0
0
0
0
0
0
0
0
0
0
0
0
9.012426376
0
18.5104847
0
9.255242348
9.255242348
0
0
0
0
0
0
0
0
11.05179024
0
0
7.539216518
0
7.539216518
8.616248131
0
0
0
0
7.971959114
0
0
7.019010544
7.019010544
0
0
0
0
0
11.44495964
11.44495964
0
7.760765076
0
11.64114666
7.760765076
0
19.40309906
0
9.70154953
0
9.737228394
9.737228394
9.737228394
0
9.737228394
0
0
0
0
0
21.64241791
0
0
0
5.428239822
8.14235878
10.01310062
0
0
2.920487642
5.840975285
0
0
0
0
0
4.67147398
0
0
0
0
0
0
3.18153286
0
0
0
0
0
0
3.721948862
0
0
0
2.096774817
8.387099266
3.681604862
0
0
3.681604862
0
0
0
0
0
0
0
0
0
0
0
0
0
0
0
0
0
0
0
0
0
0
0
7
0
0
0
0
0
0
0
0
0
0
0
0
2.415762663
0
0
0
0
0
0
0
0
0
3.66289711
3.66289711
0
0
0
0
0
0
0
0
0
0
0
0
0
0
0
0
7.737140656
2.275959969
0
0
6.827880383
2.275959969
5.283851147
2.641925573
0
0
0
7.857330322
0
3.928665161
1.964332581
0
4.51038456
0
0
3.562606573
0
1.781303287
0
0
0
0
0
6.575898647
0
2.619879007
0
0
0
0
0
0
0
7.990959167
3.424697161
0
0
0
0
4.695224285
0
2.829040766
0
5.658081532
5.658081532
2.829040766
0
10.08950424
15.13425732
0
5.044752121
6.891107559
4.594071388
4.594071388
2.297035694
0
11.43284035
5.716420174
0
6.533051968
22.86568069
4.539381504
4.539381504
4.539381504
9.078763008
9.078763008
0
0
0
0
0
0
14.78970909
0
3.697427273
4.225631237
0
0
0
0
13.16675854
5.49176836
0
0
0
0
9.440555573
18.88111115
0
0
0
0
0
0
0
0
0
0
6.653869152
6.653869152
0
0
3.219800234
16.09900093
6.439600468
3.219800234
3.219800234
10.14392376
6.762615681
3.38130784
10.14392376
6.762615681
17.7369976
26.60549545
0
8.868498802
17.7369976
0
11.51260662
0
0
0
0
0
45.4041214
15.1347065
15.1347065
0
6.096336842
0
6.096336842
0
0
0
0
8.830554008
0
0
0
0
0
0
0
0
0
0
0
0
5.154572964
0
5.154572964
5.154572964
21.83843613
10.91921806
0
0
10.91921806
5.941193104
0
0
0
0
0
18.23277092
0
9.11638546
0
0
0
5.434250832
0
0
0
0
0
0
0
13.73322105
6.134625912
0
12.26925182
0
6.134625912
0
0
0
29.61728668
0
0
0
0
0
0
0
0
0
0
0
14.33188248
0
0
0
14.72250652
12.88219261
0
0
0
0
16.27501297
0
0
23.77024651
0
0
14.47251797
0
7.236258984
21.70877838
0
0
6.358891487
7.267304897
12.71778297
6.358891487
0
0
0
0
47.68944168
0
3.570216417
0
0
0
4.010760307
0
4.010760307
8.021520615
4.010760307
0
10.78893661
0
43.15574646
0
19.73963737
6.579879284
0
0
0
6.650375843
0
0
0
0
6.313384533
6.313384533
6.313384533
6.313384533
0
6.313384533
0
0
9.065263748
0
0
3.799496174
0
1.899748087
3.799496174
3.799496174
0
7.529955864
0
0
0
0
4.374418736
4.374418736
4.374418736
0
0
0
0
4.8866992
0
0
0
0
1.644556165
1.644556165
0
2.870091677
2.870091677
2.870091677
0
0
0
0
0
0
0
2.751630068
5.503260136
2.751630068
0
0
0
0
0
0
0
0
0
0
0
0
0
0
0
0
0
0
7
0
0
0
0
0
0
0
0
0
0
0
0
3.085713625
0
0
0
0
0
0
0
3.401827335
3.401827335
3.401827335
0
0
0
0
0
0
0
0
0
3.430838108
0
0
0
0
0
0
0
0
0
0
0
3.337092638
6.674185276
2.704856634
0
0
0
5.409713268
0
2.571794033
0
0
5.143588066
3.858834982
3.858834982
3.858834982
5.788252831
7.234055996
0
4.822703838
0
0
0
0
0
0
0
0
0
0
0
4.395437717
8.640688896
0
0
0
4.320344448
1.849013925
5.547041893
1.849013925
0
3.698027849
1.67901051
0
1.67901051
3.358021021
6.716042042
3.358021021
10.00610065
3.335366964
3.335366964
3.335366964
3.335366964
9.054682732
4.527341366
9.054682732
0
0
0
3.00716567
3.00716567
0
6.014331341
3.542521954
0
3.542521954
0
0
0
10.65516281
0
0
0
0
17.08409882
13.66727924
6.833639622
3.416819811
2.148618221
0
0
0
0
15.81301117
3.162602186
3.162602186
0
0
13.51951122
6.759755611
0
13.51951122
13.51951122
0
0
0
12.36219311
0
0
5.246754646
10.49350929
0
5.246754646
22.92713165
0
0
0
0
13.75627899
0
0
6.658857822
19.97657394
0
0
25.05195045
0
0
0
0
0
12.3589859
12.3589859
0
0
0
0
0
0
0
0
0
0
0
0
0
0
0
19.49102974
0
0
0
0
0
9.000888824
9.000888824
0
27.00266647
18.00177765
0
0
0
11.98627567
0
0
0
0
0
0
0
0
6.075512409
0
0
0
0
17.1246891
0
0
0
0
0
0
0
0
0
0
0
0
0
0
0
0
25.36107063
0
0
0
0
0
0
0
0
0
0
0
19.87377548
0
9.936887741
0
9.936887741
0
8.834182739
5.048104286
4.41709137
4.41709137
0
0
5.630356789
0
5.630356789
0
8.084899902
0
16.1697998
8.084899902
8.084899902
8.560941696
0
8.560941696
25.682827
8.560941696
0
0
0
12.71559048
0
17.80394936
0
0
17.80394936
0
0
0
11.05073738
5.52536869
5.52536869
4.179795265
0
8.35959053
4.179795265
4.179795265
12.1964922
0
0
4.065497398
0
0
0
0
0
14.61455154
0
0
4.409573555
4.409573555
0
0
0
0
21.24744415
0
7.082481384
0
0
4.946782112
0
0
0
7.433550835
0
0
0
0
0
0
0
0
6.050584316
0
6.050584316
0
6.050584316
0
0
0
4.027894974
8.055789948
7.50444603
0
0
0
0
0
0
0
0
0
0
0
3.633057594
0
0
0
9.508096695
0
0
0
0
0
0
0
0
0
0
0
0
4.491487026
4.323592663
0
0
0
8.041519165
0
0
7
4.322878361
0
0
0
0
0
0
0
0
0
0
0
0
0
0
0
0
0
0
0
0
0
0
0
0
0
0
2.487020016
2.487020016
0
0
0
0
2.679543734
2.679543734
0
7.219834328
0
0
7.219834328
0
0
6.749011517
3.374505758
0
0
0
0
0
0
0
7.63742733
0
0
0
7.63742733
1.437838197
0
2.875676394
3.582526684
1.791263342
3.582526684
3.582526684
0
2.672601938
0
6.108804226
2.672601938
8.017805099
5.874905109
6.714177608
11.74981022
5.874905109
5.874905109
0
4.524761677
4.524761677
9.049523354
13.57428551
3.645997286
0
0
3.645997286
0
7.600102901
0
0
0
0
7.600102901
2.254011631
0
0
4.508023262
2.254011631
0
1.781657934
0
0
1.781657934
7.661500931
7.661500931
0
15.32300186
7.661500931
0
0
0
2.625198126
13.78228951
0
11.3946209
11.3946209
0
3.798206806
0
0
0
17.79323769
17.79323769
6.834415913
0
0
13.66883183
6.834415913
5.980463982
5.980463982
0
5.980463982
5.980463982
0
0
0
0
0
0
10.8026619
10.8026619
0
0
0
15.37513447
0
0
0
11.88796902
17.83195496
0
0
11.88796902
11.88796902
0
12.58864784
0
0
12.58864784
0
0
0
8.084453583
16.16890717
26.21982956
8.739942551
0
8.739942551
17.4798851
0
0
8.819310188
0
0
10.46701717
0
9.158639908
9.158639908
0
0
0
0
0
0
0
0
0
0
0
0
0
0
0
0
0
0
19.36587906
0
0
10.67099762
0
0
0
10.67099762
0
0
8.759065628
0
17.51813126
0
0
0
0
0
0
0
0
0
0
0
0
0
0
0
0
0
16.14977074
0
0
0
0
0
0
0
0
0
0
0
0
0
13.16973209
0
13.16973209
26.33946419
0
0
18.82281876
0
0
0
12.54854488
0
0
5.792210579
0
5.792210579
0
0
0
0
0
0
0
0
0
0
0
0
13.87194061
27.74388123
0
0
32.57312393
8.143280983
8.143280983
0
0
9.653315544
0
0
9.653315544
15.51443672
0
0
0
15.51443672
0
0
0
5.167786121
5.167786121
0
9.02959919
9.02959919
9.02959919
9.02959919
0
0
0
0
0
0
0
0
10.04103947
0
0
11.0808382
0
9.695734024
9.695734024
4.847867012
0
0
0
0
0
0
0
0
0
0
0
0
0
0
0
0
0
0
0
5.791807652
5.062961102
2.531480551
0
0
2.531480551
9.330011368
0
0
0
0
4.834836483
0
0
0
4.834836483
3.759450912
0
0
0
0
0
0
0
0
0
0
0
0
0
0
0
0
0
0
0
0
0
7
0
0
0
0
0
0.849236667
2.547709942
0
0
0
0
1.005532742
0
1.005532742
1.005532742
0
0
1.636025071
0
0
0
0
0
0
0
0
0
2.237440586
4.474881172
4.474881172
0
0
0
0
0
0
0
0
3.083223343
0
3.083223343
2.349222183
0
0
4.698444366
2.349222183
9.041518211
2.260379553
0
0
0
2.067277431
2.067277431
0
0
0
1.228708625
0
1.228708625
7.166245937
0
3.583122969
3.583122969
3.583122969
5.469557762
10.93911552
0
10.93911552
0
0
0
0
3.634924173
1.817462087
0
0
0
3.611573219
10.83471966
6.217646599
9.326470375
0
0
0
3.35449934
3.35449934
0
0
0
6.70899868
0
6.789019108
6.789019108
10.18352795
3.394509554
5.638459682
0
0
0
0
6.133498192
3.066749096
3.066749096
6.133498192
0
5.170668125
7.756002903
5.170668125
5.170668125
0
0
0
0
6.674748421
13.34949684
0
4.552006721
13.65602112
4.552006721
9.104013443
0
13.0091753
0
0
0
8.910834312
13.36625195
4.455417156
0
22.27708435
6.557139874
0
19.67141724
6.557139874
13.11427975
17.38867569
0
4.347168922
13.04150867
13.04150867
0
0
10.65769863
0
5.328849316
4.208082676
0
8.416165352
0
8.416165352
0
0
7.494524479
22.48357201
0
0
0
11.08828545
11.08828545
22.17657089
11.08828545
8.44927597
0
0
0
25.34782791
0
0
7.586479664
0
15.17295933
0
13.56617928
13.56617928
13.56617928
0
0
0
0
6.942559719
0
0
0
0
0
12.9389782
0
7.095386028
7.095386028
0
0
0
0
0
30.21474075
0
0
7.64410162
0
0
0
0
0
0
0
0
0
0
7.67355299
7.67355299
0
15.34710598
28.57971954
28.57971954
14.28985977
0
0
0
0
0
0
0
0
0
0
0
11.51615715
0
0
4.782179832
0
0
0
0
0
0
0
21.36206245
0
0
0
0
10.68103123
24.85467911
0
24.85467911
0
0
9.010020256
27.03006172
9.010020256
0
0
9.38753891
9.38753891
4.693769455
4.693769455
9.38753891
0
0
0
0
0
0
17.15155029
8.575775146
0
8.575775146
0
5.35911274
5.35911274
5.35911274
5.35911274
0
5.998268604
0
5.998268604
0
0
0
0
15.99777889
0
27.72229767
0
9.240765572
0
0
6.366772175
6.366772175
0
31.8338604
0
0
9.750255585
0
0
0
0
0
0
11.76525593
0
0
3.404212713
3.404212713
3.404212713
3.404212713
0
0
0
1.539484978
0
0
0
0
0
0
0
0
0
0
0
0
0
0
0
0
0
0
0
0
0
0
3.642939091
3.642939091
3.642939091
0
0
0
0
0
0
0
0
0
0
0
0
0
0
0
0
0
0
0
0
0
0
0
0
0
0
0
0
0
7
0
0
0
0
0
0
0
0
0
0
0
0
0
0
0
0
0
0
0
0
0
0
0
0
0
0
0
0
4.190124035
4.190124035
0
0
0
0
0
0
2.569405079
2.569405079
7.708215237
5.138810158
5.138810158
1.975039601
0
0
0
0
0
0
0
0
3.447275639
0
0
5.965592384
0
0
0
0
0
0
0
0
0
0
0
0
7.15899086
0
0
0
0
0
0
0
3.354578018
0
6.709156036
3.354578018
0
0
0
10.98377037
0
3.661257029
12.80559826
0
0
0
12.80559826
0
6.306368351
12.6127367
0
6.306368351
31.53184128
0
20.93346405
0
10.46673203
0
0
0
7.461137772
0
7.461137772
6.972772598
3.486386299
13.9455452
0
0
7.244918823
10.86737919
0
0
3.622459412
7.496639729
7.496639729
3.748319864
7.496639729
3.748319864
12.28367615
24.56735229
0
18.42551231
6.141838074
0
2.196772814
2.196772814
0
4.393545628
13.89689732
0
0
18.52919579
4.632298946
0
0
0
0
2.346723318
15.05696583
5.018988609
5.018988609
0
5.018988609
0
6.859714508
0
0
0
0
0
26.1263504
8.70878315
17.4175663
0
0
11.80625629
0
0
11.80625629
3.667081833
0
7.334163666
0
0
0
0
0
0
19.64579391
0
0
11.20279598
22.40559196
0
0
0
22.5663681
0
0
0
0
0
0
0
0
0
0
0
0
0
5.788033962
0
0
0
38.30906677
0
0
0
25.53937912
16.17178154
0
16.17178154
0
32.34356308
0
37.28683853
0
0
0
0
0
0
0
0
0
0
0
0
0
0
18.02070999
0
18.02070999
0
0
0
0
0
0
24.91182518
0
0
0
0
0
7.037393093
14.07478619
14.07478619
0
14.07478619
28.14957237
28.58744812
0
19.05829811
19.05829811
9.529149055
0
0
12.24863243
36.74589539
0
19.02191925
19.02191925
0
0
0
0
0
0
28.61478615
28.61478615
20.12200737
0
10.06100368
30.18301392
30.18301392
0
0
29.21863556
0
0
0
0
0
0
0
0
0
16.69154739
0
0
18.38708115
0
0
0
0
0
5.06210804
10.12421608
5.06210804
5.06210804
0
0
7.942107201
7.942107201
3.9710536
9.988409042
9.988409042
0
9.988409042
9.988409042
0
0
4.152944088
0
4.152944088
2.076472044
0
0
0
0
0
0
0
2.941007853
0
2.941007853
0
0
0
0
7.778206348
0
0
0
0
5.347515583
0
0
0
0
0
0
4.65207386
4.65207386
13.95622158
0
0
0
0
0
0
0
0
0
0
0
0
0
0
0
0
0
0
0
0
0
0
0
0
0
0
0
0
7
0
0
0
3.407643557
3.407643557
0
0
0
0
0
0
0
0
0
0
0
0
0
0
0
0
0
0
0
0
0
0
0
0
0
0
0
0
0
0
0
0
0
3.515527248
0
0
0
0
0
0
0
0
0
0
0
0
0
0
0
0
3.145056248
0
0
1.405909538
2.811819077
0
1.695537686
0
5.086613178
3.391075373
0
3.248915911
0
1.624457955
3.248915911
2.507539988
7.522619724
2.507539988
0
0
0
2.072363138
4.144726276
2.072363138
0
2.947754622
2.947754622
2.947754622
2.947754622
0
4.439901352
0
4.439901352
8.879802704
0
13.31970406
5.591172695
5.591172695
5.591172695
0
2.795586348
6.036664486
3.018332243
3.018332243
0
3.018332243
6.378080845
0
6.378080845
3.189040422
0
0
13.00993538
0
0
0
0
0
27.89359474
0
0
0
6.766483784
3.383241892
6.766483784
0
0
3.546692371
10.64007759
0
3.546692371
0
0
2.630005836
5.260011673
0
12.93455982
0
12.93455982
4.3115201
0
7.145082951
4.763388634
7.145082951
7.145082951
2.381694317
10.81064892
0
0
10.81064892
21.62129784
0
0
24.23859978
18.17895126
0
18.17895126
0
0
18.59594917
0
0
0
0
0
10.09024239
0
0
0
22.75704384
11.37852192
0
6.083155155
6.083155155
0
0
0
0
0
12.61536407
25.23072815
0
6.400619507
12.80123901
19.20185852
6.400619507
19.20185852
5.495765686
5.495765686
5.495765686
5.495765686
0
0
0
0
0
0
0
10.33853149
0
20.67706299
0
0
0
16.39216423
16.39216423
0
8.148673058
24.44602013
0
0
8.148673058
17.5148983
29.19149399
0
0
17.5148983
11.6765976
0
0
20.79403877
0
0
0
18.33824539
18.33824539
0
0
0
0
0
0
0
0
0
0
0
0
5.684472084
5.684472084
0
5.684472084
17.05341339
0
0
20.47613716
13.65075874
0
6.825379372
9.257118225
9.257118225
0
4.628559113
0
0
0
0
0
18.9343853
20.65940094
0
0
10.32970047
0
0
11.23277378
11.23277378
0
11.23277378
6.684798717
20.05439568
6.684798717
0
6.684798717
10.3261776
30.97853088
10.3261776
0
0
9.110074043
0
9.110074043
0
4.555037022
12.93806171
0
0
6.469030857
0
4.640319347
0
4.640319347
9.280638695
4.640319347
13.78792858
20.6818924
6.893964291
0
0
0
0
6.615672588
0
0
0
0
0
10.90903473
0
5.454517365
0
0
10.1796627
0
0
0
0
0
0
0
0
0
0
0
0
14.81600761
0
0
0
0
0
0
0
0
0
0
0
0
0
0
0
6.258090973
12.51618195
12.51618195
0
0
0
0
0
0
0
4.769775867
0
2.384887934
0
4.804771423
0
0
0
0
0
0
0
0
0
0
0
0
0
0
0
0
7
0
0
0
0
0
0
0
0
0
0
0
0
0
0
0
0
0
0
0
0
0
0
0
0
0
0
0
0
0
5.038484097
5.038484097
0
2.90427351
0
0
0
0
8.769159317
4.384579659
4.384579659
0
4.059672356
0
0
4.059672356
4.059672356
0
0
6.563973904
0
0
0
5.72677803
0
2.863389015
5.72677803
7.039316177
0
0
0
0
0
0
0
0
18.79384613
18.79384613
0
0
8.376188278
8.376188278
12.56428337
0
0
0
0
3.600611687
3.600611687
3.600611687
4.890090942
0
2.445045471
2.445045471
4.890090942
4.634307861
9.268615723
0
9.268615723
0
13.90292358
10.6221571
15.93323708
0
5.311078548
0
6.638303757
13.27660751
6.638303757
6.638303757
0
0
0
25.14213943
0
0
7.346230984
0
14.69246197
14.69246197
0
0
2.608208179
0
7.824624062
0
0
0
0
0
0
8.376577377
12.56486702
8.376577377
0
8.376577377
13.48646355
4.495487213
4.495487213
13.48646355
13.48646355
3.062645197
0
0
3.062645197
0
0
3.42126441
0
6.84252882
0
0
0
0
3.466222286
13.86488914
0
0
0
7.59640789
7.59640789
0
0
0
0
14.54613972
7.273069859
0
0
14.50432682
7.25216341
21.75649071
45.13871384
0
9.02774334
0
9.02774334
10.50317669
0
0
31.50952911
0
5.92455864
5.92455864
0
5.92455864
0
13.25277901
6.626389503
26.50555801
0
6.626389503
0
0
0
57.94841003
0
13.38095188
0
13.38095188
26.76190376
13.38095188
0
0
11.49901295
0
0
0
0
0
0
0
9.675956726
0
0
0
9.675956726
0
0
0
0
0
7.574865818
0
0
0
0
0
18.17934608
0
0
0
6.059782028
0
15.60961914
0
0
0
0
5.415650845
5.415650845
0
16.24695206
0
0
0
0
9.111349106
0
0
17.89486885
8.947434425
0
0
0
0
0
0
0
0
0
0
27.60156059
0
5.901500702
5.901500702
11.8030014
0
17.70450211
12.95516968
0
0
0
25.91033936
0
0
0
0
0
0
8.308335304
8.308335304
0
0
0
0
0
3.702157259
7.404314518
0
8.591156006
8.591156006
0
0
0
0
4.584085941
13.7522583
4.584085941
0
0
0
3.147924185
6.29584837
5.271226406
5.271226406
5.271226406
0
0
0
8.726859093
8.726859093
4.363429546
0
0
6.909967422
3.454983711
3.454983711
3.454983711
3.454983711
3.811627865
0
0
0
3.811627865
5.046791553
5.046791553
5.046791553
0
5.046791553
0
0
0
0
0
0
0
0
0
0
0
0
0
0
0
0
0
0
0
0
0
0
0
0
0
6.253882885
6.253882885
0
0
0
0
0
0
0
0
5.736121655
0
0
0
0
4.614041805
0
0
0
0
0
0
7
0
0
0
0
0
0
0
0
0
0
0
0
0
0
4.274521828
0
0
0
0
0
0
0
0
0
0
0
10.27949524
0
0
0
0
0
0
0
0
0
0
0
0
0
3.084646225
5.499979019
10.99995804
0
21.99991608
0
0
4.485867023
2.242933512
0
6.728800297
3.633782387
3.633782387
1.816891193
0
1.816891193
1.703897953
1.703897953
0
0
4.393401146
4.393401146
0
0
0
0
10.22912979
20.45825958
15.34369564
3.013250113
9.039750099
3.013250113
3.013250113
6.026500225
0
0
2.948442221
8.845326424
2.948442221
0
0
0
0
0
0
6.266374588
0
0
6.266374588
0
4.389738083
4.389738083
8.779476166
0
0
8.700590134
0
0
0
8.700590134
0
2.427762508
0
7.283287525
7.283287525
2.719815254
5.439630508
0
2.719815254
8.159446716
3.986481428
11.95944405
0
7.972962856
0
0
0
9.114382744
0
0
8.691549301
13.037323
0
4.345774651
8.691549301
0
0
0
0
0
0
0
0
9.908224106
4.954112053
0
7.382095814
0
0
7.382095814
5.554042816
0
5.554042816
0
0
20.43139839
6.81046629
0
6.81046629
6.81046629
0
0
0
6.430869102
19.29260635
0
16.12062263
16.12062263
16.12062263
16.12062263
0
7.518823147
15.03764629
0
7.518823147
7.518823147
4.909816742
4.909816742
4.909816742
0
0
0
15.98356342
5.327854156
0
5.327854156
0
0
15.04665565
0
0
24.56604195
24.56604195
0
0
12.28302097
0
10.45496941
10.45496941
10.45496941
20.90993881
0
0
0
0
0
0
0
0
0
3.043795347
0
0
0
0
0
0
0
0
0
0
0
0
0
0
0
0
0
12.57976151
0
0
0
0
0
0
0
0
14.36672592
14.36672592
0
0
28.73345184
0
0
0
38.46024704
0
0
0
0
0
0
0
0
0
10.03919315
0
20.07838631
0
18.41005898
0
9.205029488
9.205029488
12.22311211
12.22311211
0
12.22311211
18.33466911
0
15.07506847
30.15013695
0
0
0
8.592479706
17.18495941
8.592479706
0
0
25.26103783
0
0
0
7.660366535
0
7.660366535
0
15.32073307
7.139201164
28.55680466
0
0
14.27840233
0
17.01842308
0
0
0
0
8.046208382
0
0
24.1386261
4.934885979
0
0
4.934885979
0
15.42987347
5.143290997
0
0
10.28658199
10.28658199
11.83649158
5.918245792
0
0
0
0
0
0
0
0
8.636465073
17.27293015
0
0
0
0
10.28359699
10.28359699
0
0
5.943131924
11.88626385
0
0
0
0
6.031669617
0
0
0
0
0
0
0
4.096356392
0
4.232590675
0
0
0
0
0
0
0
0
0
0
0
0
0
0
0
2.498881578
0
0
0
0
5.388476849
0
0
0
0
7
0
0
0
0
0
0
0
0
0
0
0
0
0
0
0
0
0
0
0
0
0
0
0
0
0
0
0
0
0
4.639611244
4.639611244
3.089666605
3.089666605
6.17933321
0
0
0
0
0
0
6.501378536
7.755475044
7.755475044
7.755475044
3.877737522
3.877737522
0
0
5.56111145
0
0
0
11.3849678
11.3849678
0
11.3849678
0
6.650019169
0
0
0
5.205259323
0
0
0
1.875562072
5.626686096
5.626686096
0
0
3.88859272
1.94429636
1.94429636
3.88859272
4.035263062
0
1.765427351
3.530854702
0
5.860418797
2.930209398
0
5.860418797
5.860418797
2.668272018
0
2.668272018
5.336544037
0
2.668272018
5.325117588
2.662558794
5.325117588
2.662558794
2.662558794
0
0
0
11.95643711
0
0
6.213037014
0
3.106518507
0
0
12.20300674
6.101503372
0
0
6.690924168
3.345462084
6.690924168
6.690924168
3.345462084
0
10.9867487
10.9867487
10.9867487
5.493374348
0
10.94999027
0
10.94999027
0
0
0
17.62838364
0
0
7.982098579
0
0
7.982098579
0
0
7.589081287
7.589081287
0
0
0
0
12.50350571
0
0
8.768568039
8.768568039
8.768568039
0
4.384284019
0
0
0
15.40006924
10.26671314
10.26671314
0
11.18191814
11.18191814
11.18191814
0
17.87830162
17.87830162
0
0
0
11.09789753
0
16.64684677
5.548948765
0
12.32944965
0
6.164724827
6.164724827
0
15.82713604
7.91356802
0
15.82713604
0
0
0
23.47380638
0
11.73690319
12.3478117
0
0
12.3478117
30.86952782
5.679107189
6.490408421
5.679107189
0
11.35821438
10.50297928
0
31.50893974
0
21.00595856
6.105487347
0
0
0
0
0
0
0
0
0
0
0
0
0
24.34824181
0
0
7.432593346
0
0
0
0
6.248781204
12.49756241
0
0
0
0
0
0
0
0
18.10429573
0
0
0
15.9191103
31.8382206
0
0
15.9191103
15.9191103
0
0
0
0
0
12.413517
0
14.18687725
0
0
0
0
11.17642879
5.588214397
0
4.396170139
13.18850899
4.396170139
8.792340279
0
8.679740906
0
17.35948181
8.679740906
0
0
25.49310875
0
8.497702599
8.497702599
19.88890266
0
9.944451332
0
0
0
8.059716225
24.17914963
8.059716225
16.11943245
6.498208523
12.99641705
19.49462509
6.498208523
6.498208523
5.763886929
11.52777386
11.52777386
5.763886929
5.763886929
0
21.38385773
0
14.25590515
14.25590515
22.67954826
0
0
0
0
0
2.59670949
2.59670949
0
0
0
0
0
0
0
0
0
0
6.311060905
0
0
6.182764053
0
0
0
0
0
0
0
0
0
0
0
0
0
0
0
0
0
0
0
0
0
0
0
0
0
0
0
0
0
0
0
0
0
0
0
0
0
2.351087093
0
3.120138884
0
0
0
0
0
0
7
0
0
0
0
0
0
0
0
0
0
0
0
0
0
0
0
0
0
0
0
10.22724247
0
0
0
0
0
0
0
0
0
0
0
0
0
0
0
0
0
0
0
0
0
0
0
0
0
0
0
8.976636887
13.46495438
0
7.223249912
3.611624956
7.223249912
0
0
1.338458776
1.338458776
1.338458776
1.338458776
2.540173769
5.080347538
0
5.080347538
5.080347538
2.801494598
0
0
5.602989197
2.801494598
0
0
0
0
0
0
0
0
0
0
0
0
0
1.4499681
4.349904537
0
0
0
3.474510431
10.42353153
0
0
11.3996706
11.3996706
0
0
8.676604271
4.338302135
13.01490593
13.01490593
4.338302135
0
4.446294308
13.33888245
4.446294308
0
3.49792695
10.49378109
0
3.49792695
3.49792695
0
0
0
4.60704422
18.42817688
0
0
0
0
4.128519535
2.874528646
2.874528646
2.874528646
2.874528646
0
0
0
5.080350876
2.540175438
0
5.399743557
0
16.1992321
21.59897423
0
9.523793221
9.523793221
0
0
0
3.095187902
0
0
1.547593951
4.642781734
0
0
4.499230862
8.998461723
4.499230862
8.998461723
5.628842831
16.88652802
0
0
11.25768566
0
0
7.44454813
0
0
0
10.27737617
0
10.27737617
0
12.58023453
25.16046906
0
0
12.58023453
16.52562523
0
0
16.52562523
0
21.64406776
10.82203388
10.82203388
0
0
9.65996933
9.65996933
19.31993866
0
0
0
23.51766205
0
0
0
0
0
0
15.72720242
15.72720242
0
0
0
0
0
0
8.551849365
0
0
0
0
0
0
0
0
12.82524204
0
0
0
0
0
0
0
0
0
0
0
0
0
0
0
0
0
13.07509995
0
0
0
17.48755836
0
0
0
0
0
29.81635284
0
0
0
0
0
0
0
9.406630516
9.907915115
19.81583023
0
0
0
6.979259491
0
0
0
0
0
0
0
0
18.69030952
0
9.99640274
9.99640274
0
0
7.504638672
52.5324707
0
15.00927734
0
0
0
2.009512663
6.028538704
2.009512663
11.25274467
0
0
5.626372337
11.25274467
0
0
0
0
8.667365074
0
11.76353836
0
11.76353836
0
17.58918953
17.58918953
17.58918953
17.58918953
0
12.21629524
12.21629524
0
6.108147621
0
0
2.188384771
2.188384771
2.188384771
0
0
0
0
2.952000856
8.856002808
5.904001713
0
5.161325455
0
5.161325455
0
0
0
0
4.153876305
0
0
6.469961643
3.234980822
0
0
2.297103167
0
0
0
0
0
3.293956518
0
0
0
0
0
0
0
0
9.88627243
4.943136215
0
0
0
0
0
0
0
0
0
0
0
0
0
0
0
0
0
0
0
0
7
0
0
0
0
0
0
0
0
0
0
0
0
0
0
0
0
0
0
0
0
0
6.829553604
0
0
6.829553604
0
0
0
0
0
0
0
0
0
0
0
0
3.734348297
0
0
0
0
0
4.127718449
0
0
0
0
0
0
0
5.708199501
2.854099751
0
0
8.562298775
1.425784469
1.425784469
2.851568937
2.805362225
2.805362225
5.610724449
8.416087151
5.610724449
0
0
3.481901884
10.44570541
0
0
0
3.749820471
1.874910235
1.874910235
0
0
0
0
3.653181791
5.314304829
2.657152414
2.657152414
2.657152414
0
12.26460552
0
6.132302761
0
0
0
0
0
0
0
0
3.385773659
0
10.15732098
3.385773659
0
0
2.111140728
8.444562912
2.111140728
0
0
4.378417015
6.567625523
2.189208508
6.567625523
0
7.355288982
3.677644491
0
0
12.57287025
0
0
4.190957069
0
4.264939785
0
0
17.05975914
4.264939785
3.17771697
0
6.355433941
0
3.17771697
11.84238529
0
0
0
0
0
8.33449173
8.33449173
4.167245865
0
0
6.447749138
6.447749138
0
0
2.182433367
5.821422577
3.032343149
1.091216683
2.182433367
0
10.05355453
5.026777267
5.026777267
0
5.026777267
12.06521893
0
12.06521893
12.06521893
0
0
0
0
0
12.62361813
0
0
0
0
0
0
0
0
0
0
0
0
0
12.48879528
0
0
0
17.24915886
11.49943924
5.74971962
0
0
10.20533466
0
0
3.795345545
7.59069109
3.795345545
3.795345545
0
0
0
0
0
0
0
0
0
23.71088791
0
0
0
0
0
0
0
0
0
0
0
0
0
0
0
0
0
0
0
0
0
0
0
0
0
0
0
0
0
0
0
0
0
0
0
26.22957611
13.11478806
0
0
0
0
0
0
0
28.76660347
14.38330173
0
0
0
0
0
10.33533192
0
0
0
0
15.63468647
7.817343235
17.53234482
0
26.29851723
0
0
0
22.34345436
0
0
0
0
8.061867714
8.061867714
0
0
11.17611217
0
5.588056087
0
0
8.638487816
0
0
0
0
0
16.13937759
0
5.37979269
0
0
0
0
0
0
0
8.896945953
0
8.896945953
0
0
6.05102396
0
0
0
0
0
0
0
0
0
0
0
0
0
0
0
0
0
4.2729702
8.545940399
0
0
10.39201736
0
10.39201736
0
0
0
0
0
0
5.073590279
0
0
0
0
0
0
0
1.773055077
0
0
0
5.719762325
0
0
0
0
0
0
0
0
0
0
0
0
0
0
0
0
5.358362198
0
7
0
0
0
0
0
0
0
0
0
0
0
0
0
0
0
0
3.518326998
3.518326998
0
0
0
0
0
0
0
0
0
2.208182573
0
4.416365147
8.832730293
0
0
0
0
0
0
0
0
4.138361931
4.138361931
0
0
0
7.668307781
0
2.791074276
0
2.791074276
0
2.791074276
0
0
0
0
12.79928493
0
3.115951061
6.231902122
0
0
0
0
5.316857338
5.442378044
8.163567543
2.721189022
0
5.442378044
4.427480221
0
4.427480221
0
0
4.543179989
7.788309574
2.271589994
6.814770699
6.814770699
0
8.01831913
2.672773123
0
0
4.401384354
8.802768707
13.20415306
0
0
13.20415306
0
0
0
0
0
3.43458724
3.43458724
0
0
0
0
0
11.47375488
0
0
6.273943424
6.273943424
12.54788685
0
6.273943424
2.348481655
4.69696331
4.69696331
2.348481655
0
3.911192894
0
0
3.911192894
11.73357868
0
0
0
0
9.618860245
11.36539173
6.819235325
4.546156406
2.273078203
2.273078203
2.824670076
5.649340153
5.649340153
8.474010468
5.649340153
0
0
0
7.315669537
3.657834768
4.699791431
0
4.699791431
0
0
5.689171314
5.689171314
0
17.06751442
0
0
18.59609604
0
0
18.59609604
18.59609604
28.92127228
0
0
0
0
0
20.33300018
0
0
0
6.739225388
13.47845078
6.739225388
0
0
0
0
0
28.23167038
0
0
0
12.12384415
6.061922073
0
0
0
13.78489399
41.35467911
0
0
0
0
0
2.36257863
0
0
0
0
0
40.21674728
0
0
0
0
0
0
0
0
0
0
0
0
0
0
3.18978405
0
0
0
0
0
0
0
0
0
0
0
0
0
0
0
0
0
8.417276382
25.25182915
0
0
0
0
0
0
41.40768051
0
0
13.80255985
0
0
0
0
0
0
30.83016777
0
0
0
11.95738792
0
6.906759262
13.81351852
0
0
6.906759262
22.26903343
7.423010826
22.26903343
0
22.26903343
0
0
0
37.15614319
0
25.25434113
0
0
0
12.62717056
0
0
5.509036541
5.509036541
0
0
0
7.693679333
0
0
0
0
7.799152851
7.799152851
0
0
5.108457088
5.108457088
5.108457088
0
0
0
0
0
25.72771454
7.628361702
0
0
0
0
7.628361702
0
0
0
2.736442327
2.736442327
0
0
0
3.873435497
7.746870995
2.930890083
2.930890083
0
0
0
0
3.3795259
3.3795259
0
0
0
0
0
0
0
0
0
0
0
0
0
0
0
0
0
0
0
0
0
0
0
0
0
0
0
0
11.06695366
0
0
0
0
0
0
0
0
0
0
0
0
0
0
0
7
0
0
0
0
0
0
0
0
0
0
0
0
0
0
0
0
0
0
0
0
0
0
0
0
4.00480938
6.428276062
0
0
0
0
0
0
0
3.329264879
3.329264879
0
1.477406979
1.477406979
0
0
0
4.532603741
2.26630187
0
0
4.532603741
10.51599884
0
5.25799942
0
0
0
0
0
0
0
0
0
0
0
0
0
2.546970129
5.093940258
0
0
5.317670822
0
0
0
10.18012905
0
5.090064526
0
10.09820175
13.46426868
6.732134342
0
6.732134342
5.79797554
11.59595108
0
5.79797554
28.9898777
0
10.41820145
10.41820145
0
0
10.41820145
0
0
0
2.519449472
0
0
7.887438297
7.887438297
7.887438297
0
12.67726803
8.451511383
0
0
0
0
0
7.111157894
0
3.555578947
3.628042459
3.628042459
10.88412666
3.628042459
0
3.957437754
0
7.914875507
7.914875507
3.957437754
6.532156467
3.266078234
6.532156467
3.266078234
6.532156467
0
0
0
0
6.356633663
0
3.146079063
3.146079063
12.58431625
3.146079063
0
6.850716591
20.55214882
0
6.850716591
0
0
12.89164829
0
0
4.534657478
0
0
0
0
4.534657478
0
7.089355946
14.17871189
7.089355946
14.17871189
0
21.20532036
0
14.13687992
0
0
0
10.32056236
0
0
0
0
0
0
35.71287537
0
0
0
0
0
0
5.293135166
5.293135166
0
0
0
17.00775146
0
0
8.503875732
0
0
0
8.71818924
26.15456772
10.25846958
0
0
5.129234791
0
0
0
3.844660282
0
0
0
0
0
0
0
0
0
0
0
0
0
0
0
0
0
0
0
0
0
0
0
0
0
0
0
0
0
0
0
0
0
18.14057922
0
18.14057922
0
0
0
0
0
0
0
27.31472015
0
0
0
0
0
6.33181572
0
0
0
0
14.13437748
0
0
14.13437748
0
10.83835506
0
0
0
0
6.127234936
0
0
18.38170433
12.25446987
0
0
11.09598637
0
11.09598637
0
0
0
0
9.8778162
0
29.98880005
19.99253464
0
0
4.572117329
0
0
4.572117329
0
0
0
0
9.692549706
0
15.67621899
7.838109493
0
0
15.67621899
0
0
0
7.753232956
15.50646591
7.753232956
14.31075382
14.31075382
0
0
0
0
0
0
0
0
0
0
0
0
0
18.95188522
0
0
0
0
0
0
0
0
0
0
0
0
0
0
0
0
0
0
0
0
0
0
0
0
0
0
2.613278627
0
0
0
0
0
0
0
0
0
0
0
0
0
0
0
0
0
3.155234098
0
7
0
0
5.455947876
0
2.727973938
0
0
0
0
0
0
0
0
0
0
0
0
0
0
0
0
0
0
0
0
0
0
0
0
0
0
0
0
0
0
0
0
0
0
0
0
0
0
0
0
0
0
0
0
0
0
0
0
0
0
0
0
0
7.317053795
4.878035545
6.263162613
0
0
0
12.52632523
3.623066425
0
0
3.623066425
0
5.66151619
11.32303238
11.32303238
22.64606476
0
0
22.88084602
22.88084602
0
15.25389767
0
0
6.366158485
12.73231697
6.366158485
0
30.76591682
0
0
0
0
3.514129877
10.54238987
0
0
10.54238987
5.410597801
2.705298901
0
5.410597801
5.410597801
0
5.945899963
0
5.945899963
8.918849945
0
5.769454479
0
0
2.88472724
0
0
0
9.669413567
0
5.353698254
2.676849127
10.70739651
0
0
0
0
0
0
6.549365044
11.57017708
5.785088539
0
5.785088539
0
0
12.09248066
0
0
18.13871956
29.15629578
9.718764305
9.718764305
0
0
5.61497879
16.84493637
16.84493637
0
0
0
0
0
0
0
0
0
9.672351837
0
0
9.672351837
0
7.523944378
0
15.04788876
7.523944378
0
15.75802994
0
0
15.75802994
5.977385521
0
0
5.977385521
0
0
0
0
0
0
0
14.72358131
0
0
7.361790657
7.938380718
0
7.938380718
0
0
6.336816311
0
0
12.67363262
6.336816311
0
0
0
2.525893211
0
0
0
0
11.49148369
11.49148369
0
4.190773964
8.381547928
20.95387077
4.190773964
0
0
0
0
0
0
0
0
0
0
0
10.30942154
0
0
0
0
0
0
0
0
0
0
0
0
7.893395901
0
0
0
0
0
0
0
25.3100071
0
0
12.65500355
12.65500355
6.634124279
3.31706214
0
3.31706214
3.31706214
0
0
0
0
30.29354286
0
7.965324879
15.93064976
7.965324879
0
0
16.41759682
0
0
16.41759682
0
0
25.00348663
12.50174332
37.50522995
51.55110931
0
0
0
0
7.353765965
14.70753193
0
0
0
0
0
20.76514053
0
0
16.9584465
0
0
8.479223251
0
0
0
0
0
0
0
7.376874924
7.376874924
3.688437462
0
0
0
0
0
0
7.160148144
0
11.54130363
0
0
0
0
0
0
0
0
0
0
0
0
0
0
0
0
0
0
0
0
10.36137199
0
0
0
5.191254616
0
0
5.191254616
1.409232974
0
0
0
2.818465948
0
1.852588773
1.852588773
0
0
0
6.381964207
0
0
6.381964207
0
0
5.597223282
0
0
0
0
0
0
0
0
0
0
0
0
0
0
7
0
0
0
0
0
0
0
0
2.224923849
0
0
0
0
0
0
0
0
0
0
0
6.063224316
3.031612158
0
0
0
0
0
0
0
0
6.701909542
4.378395557
0
0
0
0
0
0
0
0
0
0
0
0
0
0
0
0
0
0
0
0
0
0
4.553006649
4.553006649
3.138843536
0
1.046281219
2.467899561
0
3.701848984
2.467899561
0
5.514434814
0
0
2.757217407
0
0
0
0
0
0
0
0
0
0
8.076209068
1.571846843
1.571846843
1.571846843
6.287387371
3.143693686
4.781134129
2.390567064
0
2.390567064
4.781134129
0
3.526836157
3.526836157
10.58050823
3.526836157
0
10.19404793
6.796031952
6.796031952
3.398015976
0
0
7.793295383
0
7.793295383
7.793295383
11.91554928
0
11.91554928
11.91554928
11.91554928
5.648415089
0
0
0
16.94524574
0
5.124866009
0
0
0
0
7
0
0
0
0
0
0
0
0
0
0
0
0
0
0
0
0
0
0
0
0
0
5.261742115
0
0
0
0
0
0
0
5.221702576
0
0
0
0
0
0
2.230245829
2.230245829
0
0
0
0
0
0
0
0
0
0
3.499234915
0
0
0
0
0
0
15.2315321
9.664746284
0
0
4.718511105
0
0
2.359255552
4.718511105
0
4.295102596
2.147551298
2.147551298
2.147551298
10.25532818
5.127664089
0
0
5.127664089
0
3.038208246
1.519104123
1.519104123
1.519104123
0
5.072673798
10.1453476
0
0
0
0
0
0
4.397427559
0
0
0
0
5.201312542
10.40262508
4.619233131
0
2.309616566
0
6.928849697
0
0
0
5.777590752
5.777590752
5.290463924
0
5.290463924
5.290463924
5.290463924
0
4.657819748
0
0
0
0
0
2.139856815
4.279713631
4.279713631
3.259805202
6.519610405
6.519610405
0
6.519610405
9.345984459
0
4.672992229
0
9.345984459
37.63788605
0
18.81894302
0
0
5.463973045
10.92794609
0
0
0
0
0
0
0
4.992074013
0
3.252314806
0
3.252314806
3.252314806
0
0
4.211505413
0
0
0
17.4058075
0
8.702903748
17.4058075
8.702903748
0
0
0
0
19.76040649
4.81099987
4.81099987
4.81099987
4.81099987
4.81099987
0
0
14.3589325
0
0
0
0
9.10761261
0
13.66141987
7.407194138
0
7.407194138
0
14.81438828
0
0
7.076444626
0
7.076444626
6.145151138
18.43545341
0
18.43545341
0
0
22.03427887
0
0
22.03427887
0
0
12.03640079
12.03640079
12.03640079
0
11.30347157
0
0
0
0
0
0
0
0
0
0
0
0
0
0
0
17.98163223
8.990816116
0
0
0.577378809
2.355476379
2.62793541
5.826816559
11.60588932
27.88231277
13.94115639
0
6.970578194
0
0
0
0
5.156235695
15.46870708
0
0
0
0
49.10345078
0
0
0
23.01857185
0
0
0
22.65323067
0
0
0
9.57984066
0
19.15968132
0
0
10.34799385
10.34799385
20.6959877
0
10.34799385
0
0
0
0
24.08202171
13.83065987
4.610219479
4.610219479
9.220438957
0
0
0
21.01412582
0
0
4.295034885
8.590069771
0
0
8.590069771
11.06914902
0
0
0
0
0
2.638777971
7.916334152
5.277555943
0
0
0
10.57853031
7.052352905
0
0
0
0
0
0
0
4.919695854
4.919695854
0
0
0
0
0
0
0
0
0
0
0
6.322622776
3.161311388
0
0
0
0
0
0
0
0
0
0
0
0
0
0
0
0
0
0
0
0
0
0
0
0
0
0
0
0
0
0
0
0
3.892235756
0
0
0
0
0
4.164493084
0
0
