19790101
-99
-99
-99
-99
-99
-99
-99
-99
-99
-99
-99
-99
-99
-99
-99
-99
-99
-99
-99
-99
-99
-99
-99
-99
-99
-99
-99
-99
-99
-99
-99
-99
-99
-99
-99
-99
-99
-99
-99
-99
-99
-99
-99
-99
-99
-99
-99
-99
-99
-99
-99
-99
-99
-99
-99
-99
-99
-99
-99
-99
-99
-99
-99
-99
-99
-99
-99
-99
-99
-99
-99
-99
-99
-99
-99
-99
-99
-99
-99
-99
-99
-99
-99
-99
-99
-99
-99
-99
-99
-99
-99
-99
-99
-99
-99
-99
-99
-99
-99
-99
-99
-99
-99
-99
-99
-99
-99
-99
-99
-99
-99
-99
-99
-99
-99
-99
-99
-99
-99
-99
-99
-99
-99
-99
-99
-99
-99
-99
-99
-99
-99
-99
-99
-99
-99
-99
-99
-99
-99
-99
-99
-99
-99
-99
-99
-99
-99
-99
-99
-99
-99
-99
-99
-99
-99
-99
-99
-99
-99
-99
-99
-99
-99
-99
-99
-99
-99
-99
-99
-99
-99
-99
-99
-99
-99
-99
-99
-99
-99
-99
-99
-99
-99
-99
-99
-99
-99
-99
-99
-99
-99
-99
-99
-99
-99
-99
-99
-99
-99
-99
-99
-99
-99
-99
-99
-99
-99
-99
-99
-99
-99
-99
-99
-99
-99
-99
-99
-99
-99
-99
-99
-99
-99
-99
-99
-99
-99
-99
-99
-99
-99
-99
-99
-99
-99
-99
-99
-99
-99
-99
-99
-99
-99
-99
-99
-99
-99
-99
-99
-99
-99
-99
-99
-99
-99
-99
-99
-99
-99
-99
-99
-99
-99
-99
-99
-99
-99
-99
-99
-99
-99
-99
-99
-99
-99
-99
-99
-99
-99
-99
-99
-99
-99
-99
-99
-99
-99
-99
-99
-99
-99
-99
-99
-99
-99
-99
-99
-99
-99
-99
-99
-99
-99
-99
-99
-99
-99
-99
-99
-99
-99
-99
-99
-99
-99
-99
-99
-99
-99
-99
-99
-99
-99
-99
-99
-99
-99
-99
-99
-99
-99
-99
-99
-99
-99
-99
-99
-99
-99
-99
-99
-99
-99
-99
-99
-99
-99
-99
-99
-99
-99
-99
-99
-99
-99
-99
-99
-99
-99
-99
-99
-99
-99
-99
-99
-99
-99
-99
-99
-99
-99
-99
-99
-99
-99
-99
-99
-99
-99
-99
-99
-99
-99
-99
-99
-99
-99
-99
-99
-99
-99
-99
-99
-99
-99
-99
-99
-99
-99
-99
-99
-99
-99
-99
-99
-99
-99
-99
-99
-99
-99
-99
-99
-99
-99
-99
-99
-99
-99
-99
-99
-99
-99
-99
-99
-99
-99
-99
-99
-99
-99
-99
-99
-99
-99
-99
-99
-99
-99
-99
-99
-99
-99
-99
-99
-99
-99
-99
-99
-99
-99
-99
-99
-99
-99
-99
-99
-99
-99
-99
-99
-99
-99
-99
-99
-99
-99
-99
-99
-99
-99
-99
-99
-99
-99
-99
-99
-99
-99
-99
-99
-99
-99
-99
-99
-99
-99
-99
-99
-99
-99
-99
-99
-99
-99
-99
-99
-99
-99
-99
-99
-99
-99
-99
-99
-99
-99
-99
-99
-99
-99
-99
-99
-99
-99
-99
-99
-99
-99
-99
-99
-99
-99
-99
-99
-99
-99
-99
-99
-99
-99
-99
-99
-99
-99
-99
-99
-99
-99
-99
-99
-99
-99
-99
-99
-99
-99
-99
-99
-99
-99
-99
-99
-99
-99
-99
-99
-99
-99
-99
-99
-99
-99
-99
-99
-99
-99
-99
-99
-99
-99
-99
-99
-99
-99
-99
-99
-99
-99
-99
-99
-99
-99
-99
-99
-99
-99
-99
-99
-99
-99
-99
-99
-99
-99
-99
-99
-99
-99
-99
-99
-99
-99
-99
-99
-99
-99
-99
-99
-99
-99
-99
-99
-99
-99
-99
-99
-99
-99
-99
-99
-99
-99
-99
-99
-99
-99
-99
-99
-99
-99
-99
-99
-99
-99
-99
-99
-99
-99
-99
-99
-99
-99
-99
-99
-99
-99
-99
-99
-99
-99
-99
-99
-99
-99
-99
-99
-99
-99
-99
-99
-99
-99
-99
-99
-99
-99
-99
-99
-99
-99
-99
-99
-99
-99
-99
-99
-99
-99
-99
-99
-99
-99
-99
-99
-99
-99
-99
-99
-99
-99
-99
-99
-99
-99
-99
-99
-99
-99
-99
-99
-99
-99
-99
-99
-99
-99
-99
-99
-99
-99
-99
-99
-99
-99
-99
-99
-99
-99
-99
-99
-99
-99
-99
-99
-99
-99
-99
-99
-99
-99
1.915504932
0
0
0
0
0
0
0
0
0
0
0
0
0
0
0
0
1.369012475
0
0
0
0
1.679374218
0
0
3.582293034
2.388195515
0
0
0
0
0
0
0
1.32578373
0
0
0
0
0
1.665155292
0
0
0
0
2.138831854
0
0.733923733
0.388547868
0
10.92251205
0
0
0.752368569
3.932835579
0.410382867
0
1.239281893
0
0
0
0.753518283
13.18298244
0
0.302275896
1.057965517
0
10.50408745
1.632289648
1.426967263
4.404389858
3.924160004
1.852313519
27.41423798
14.93126202
0
1.143063188
1.143063188
0
0
0
0
5.668072701
2.901513577
3.840503454
1.980259538
10.14132977
11.46150303
0
0
13.29677486
1.086337805
0.608349204
0
1.433966041
6.545258999
2.669776917
0
1.162644744
2.798959494
8.316880226
0
0
0
0
0
0
0.834475875
3.17100811
8.177863121
1.642371655
4.944587231
0.891073942
0
0.716353536
0
0
0.334088206
20.07099533
13.36352921
10.72256565
36.9468956
21.07749939
0
0
4.309371471
2.787253857
3.044235229
3.973320246
5.811721802
3.185104132
5.910137177
0
0
1.769502163
0
0
3.555241346
10.59389973
5.09943676
13.04862118
19.34067154
15.54010391
2.955997944
6.503196239
11.40035915
4.566811085
0
4.800151825
2.000063419
2.866757393
0
0
10.41533661
0
6.700776577
0
6.802907467
3.171625853
2.8958323
4.274799824
14.15800285
0
6.762975216
5.846497536
0
0
5.769790173
4.055751801
10.0186739
7.314838886
15.97480869
6.431416988
0
22.65518188
11.61804199
10.42426586
8.606079102
6.242438793
8.363654137
0
7.584839344
4.819096565
0
14.87634277
5.280053139
16.19778442
0
49.7227478
8.856771469
6.687159061
8.467330933
0
6.670021057
16.77490425
0
22.02397156
0
0
0
0
0
0
13.17745399
4.861016273
0
9.496601105
16.46077347
0
0
0
0
9.647589684
3.848492384
4.454761982
9.990263939
6.668962955
9.602269173
0
7.979816914
6.48980999
4.966691017
8.306196213
12.30827332
6.569446087
0
6.342914104
0
0
29.69817543
22.40862465
0
0
0
0
0
0
0
0
0
0
0
21.19957161
11.07211208
3.929611921
7.043642998
0
4.671048164
9.955991745
3.113222599
10.98319721
0
7.522304535
4.313660622
0
0
0
21.9649601
7.07158041
3.804234266
7.332354546
6.304598808
4.141706467
5.134011745
32.89844894
0
10.62017536
3.021097422
0
5.714599133
8.421513557
0
5.534137249
5.419680595
3.450898647
9.954514503
0
0
6.946440697
0
8.220787048
6.196825027
4.29779768
0
8.945732117
4.453503132
20.29248238
4.298598289
3.963873625
1.961504579
0
0
4.229494095
0
1.404891729
4.264849663
4.465548515
6.271838188
11.03608799
0
10.34633255
0
5.518044472
22.5894928
4.33411932
1.733647466
0
0
0
0
0
0
4.812791824
0
0
0.960254073
0
1.536406636
0
1.580308795
0
0
0
0
0
0
0
0
0
0
0
1.629531264
0
0
0
0
0
0
0
0
0
0
0
0
0
0
7.960326195
0
0
0
0
0
0
0
0
0
0
0
0
0
0
1.636796474
0
0
0
0
0
0
1.754565477
0
0
0
0
0
0
0
0
0
0
0
4.330319881
0
0
0
0
3.285954952
1.346053958
0
0
0
0
0
0
0
0
0
0
0
0
0
1.789758921
0
0
0
0
0
0
0
0
4.781050205
0
2.362069368
1.998674393
10.72016144
1.090186
3.088860035
26.41595268
7.669147968
0
0
7.669147968
3.810447454
1.270149112
2.540298223
12.96302128
0
0
0
0
0
0
0
0.342543781
1.623911262
5.33217907
0
0.858051777
0
0.674183547
7.604772091
9.919267654
12.72972775
18.51597023
1.983853817
0
10.62885094
0
0
0
0
0
0
0
2.406293631
0
0
0
4.456641674
4.456641674
0
2.016444683
2.688592911
3.024667025
0.672148228
10.75437164
8.535042763
0
0
0
1.490245461
0
0
2.402068853
0
10.18708706
4.815607548
7.120009422
0.915851891
0.38406691
1.536267519
8.17915535
0
4.089577675
9.347606659
9.347606659
16.04755783
0
0
0
0
4.214641094
14.75124264
3.687810659
7.375621319
0
0
0
0
11.98736191
0
0
0
0
11.71495152
0
0
0
2.521326542
0
3.398653746
1.633909106
6.040512562
0.990247905
3.020256281
7.575397015
5.149289131
0
6.440704823
0
14.35988331
0
0
0
0
9.614783287
6.457690239
0
0
0
0
0
0
9.993878365
31.76398659
9.357325554
0
0
1.180186033
0.916196942
1.801336408
2.98152256
13.36252308
0
0
15.27145576
0
0
0
0
24.67069817
28.97372246
0
0
19.84305954
0
0
13.60506153
0
13.60506153
0
0
0
0
0
0
0
16.55773544
0
0
0
0
0
0
1.357239723
0
0
1.820489049
4.938493729
4.451288223
0
0
0
0
0
0
0
0
0
21.9372654
0
0
0
25.33707237
28.95665741
0
0
0
0
0
21.39133263
0
0
0
0
0
0
0
0
12.0076561
14.2384119
5.272696018
5.64626646
0
7.272010326
0
0
6.694234371
10.87813091
4.835708618
2.680426598
3.249333382
6.881584644
2.789831877
0
0
1.964010119
1.425491333
18.2462883
0
0
4.377777576
13.73989487
0
0
5.774810314
0
0
8.175574303
0
6.807636261
13.61527252
6.807636261
0
1.617485404
6.523857594
1.274382472
0
3.979994535
43.83400726
0
0
6.495241165
6.246789455
20.60235405
0
9.013528824
9.013528824
0
0
7.530000687
0
0
7.530000687
7.117357731
0
0
0
0
6.227687359
0
7.189313412
0
12.58129883
0
0
0
0
0
0
0
5.687523842
0
6.500026703
0
0
0
0
0
0
0
0
0
0
0
0
0
0
0
7.907160759
0
0
0
0
0
0
0
0
0
0
0
0
0
0
0
0
0
0
0
2.719775915
0
0
0
0
0
0
3.911638021
0
0
0
0
0.2
7
0
0
0
0
0
0
0
0
0
0
0
0
0
0
0
0
0
0
0
0
0
0
0
0
0
0
0
0
0
0
0
0
0
0
0
0
0
0
0
0
0
0
0
0
0
0
7.194929123
0
0
3.197746038
0
0
0
0
0
0
0
0
0
0.683874369
0.683874369
0.683874369
0.683874369
0.683874369
0
0
0
0
0
0
0
0
0
0
0
0
0
0
0
6.391182423
0
0
0
0
0.760293841
1.520587683
13.68528938
2.280881643
6.335782528
4.308331966
16.68635178
11.03452396
0
0
0
0.65465641
8.338254929
1.722780108
0
0
7.55218029
0
0
0
0
4.872798443
11.13782501
4.872798443
9.745596886
16.70673752
0
0
3.117842913
0
0
1.498662591
0
7.493311882
0
10.31936169
0
5.78218174
2.89109087
3.304103851
0
2.687352419
0
2.351433277
0
0
0
0
0
2.24243927
21.01811409
22.68706512
0
0
12.18901062
3.522835493
0
0
0
6.861752987
6.004033566
7.30033493
0
25.02972031
0
16.68647957
0
14.66292858
21.9943924
36.65732193
0
14.66292858
0
0
5.252324581
15.13905144
32.63744354
6.728327274
10.6763525
0
13.40104675
21.51952362
0
5.517315865
2.206926107
3.335468292
10.15687561
0
0
0
0
0
0
0
0
0
0
0
4.79875803
0
0
0
21.16364479
18.51819038
42.32728958
18.51819038
0
16.13705635
10.13815117
0
7.73858881
0
0
0
0
0
0
0
0
0
0
0
0
0
0
0
0
0
0
0
0
0
0
0
0
0
0
16.89071465
0
0
0
0
0
0
0
0
0
0
0
0
0
0
11.06106186
0
0
0
21.76156044
0
0
7.770664215
0
0
7.770664215
15.54132843
0
0
15.62065411
0
0
8.370430946
0
9.566206932
0
8.370430946
21.35556221
0
0
11.648489
14.29096985
0
13.83917427
13.83917427
0
27.67834854
0
0
0
17.310709
0
5.345368385
2.866356611
0
17.81789589
0
0
0
0
7.69574976
7.69574976
0
0
17.27218437
8.636092186
0
0
0
0
0
0
0
0
0
0
0
0
0
0
5.849369049
2.359409094
0
0
0
0
0
5.635740757
0
0
0
0
5.288025856
0
0
0
0
11.72041512
1.634488821
0
0
0
0
0
0
0
0
0
5.160392284
10.32078457
0
0
5.160392284
0
0
8.641296387
2.343402386
0
0
0
0
0
0
5.656702042
2.474807262
0
0
0
0
0
1.968284607
3.936569214
0
0
0
0
0
0
0
0
0
0
0
0
0.2
7
0
0
0
0
0
0
0
0
0
0
1.257425666
0
0
0
0
0
0
0
0
0
0
0
0
0
0
0
0
0
0
0
3.383651972
0
0
0
0
0
0
0
0
0
0
0
0
0
0
0
0
1.813149571
0
0.604383171
0
0
0
0
0
2.773098707
3.261470795
0
0
0
2.819463253
0
0
3.222244024
6.444488049
0
0
0.674579263
8.634614944
0.404747605
6.245135784
1.309463739
0
0
24.37617111
2.026151896
7.344800472
0
3.292496681
21.02132607
0
8.309735298
22.66291237
0
0
0
7.96851778
0
0
2.324151039
0
17.55884552
8.77942276
0
17.55884552
0
8.905883789
0
0
8.905883789
0
3.659203529
3.659203529
7.318407059
0
0
0
6.444237709
0
5.883870125
0.980644941
20.72481155
13.81654167
0
0
13.81654167
5.437900543
0
0
3.021055937
0
0
0
2.699901342
4.499835014
0
0
3.286569357
0
3.286569357
0
0
2.068913937
20.17191124
0
2.068913937
35.58086395
13.58273697
0
0
0
1.256468892
0
0
0
5.267503738
0
0
0
0
0
57.93508148
0
0
0
0
5.709614277
0
20.35414505
0
7.070387363
0
2.86825633
1.779196739
5.445299625
0
1.140919924
7.752153873
7.752153873
15.50430775
0
15.50430775
1.628100157
3.04869771
1.61213851
0
0
4.991309643
11.52314663
0
0
9.643704414
9.075971603
9.075971603
9.075971603
0
18.15194321
5.11207962
0
0
4.792575359
25.72015572
0
0
11.10268688
33.30805969
11.10268688
0
31.23908615
38.01966476
33.05531311
0
64.63598633
0
24.6232338
21.54532814
43.09065628
0
0
4.030141354
0
14.1442461
7.401509285
43.48365402
30.45771027
13.15364552
14.36684322
10.47183418
6.043606281
0
0
4.986800194
10.27082825
0
8.133546829
7.571474552
0
9.191571236
15.28414536
15.28414536
0
0
30.56829071
30.8361969
0
0
0
0
7.518503666
8.184700966
5.868874073
13.95840359
15.92527103
0
0
0
2.672572374
0
10.15577507
0
0
11.70200634
5.134553909
8.955618858
6.229584694
12.45916939
0
24.91833878
0
0
43.3081131
3.745939016
9.744037628
0
16.67803764
0
8.339018822
0
0
5.531274319
6.321456909
11.06254864
5.531274319
0
6.581769466
12.87151623
9.861423492
5.166577339
7.480304241
0
5.51078701
0
11.02157402
0
6.276299953
10.98352528
0
0
10.98352528
7.1848979
0
6.286785603
0
0
8.47506237
0
0
8.47506237
8.47506237
6.94863224
0
6.94863224
13.89726448
6.94863224
0
1.95328939
0
0
0
1.95328939
0
0
0
0
4.106034279
0
0
0
0
7.69584322
0
8.646440506
4.323220253
0
4.940823555
0
0
0
2.83750248
0
0
2.672392607
0
0
0
0
0
0
0
0
0
0
0
0
0
0
0
0
0
0
0
0
0
0
0
0
0
0
0
5.054424286
0
3.684208632
0
0
0
0
0.2
7
0
0
0
0
0
0
0
0
0
0
0
0
0
0
4.01049614
2.843748808
0
0
0
0
0
0
0
0
0
0
0
3.194329262
0
0
0
0
0
0
0
0
0
0
0
0
0
0
0
0
0
0
0
0
0
0
0
0
0
0
0
4.73608017
8.682686806
0
0
0
0
0
0
6.668559074
4.685945511
0
0
4.100202084
8.200404167
2.473657131
3.477122068
1.07347393
3.757158756
0
9.076084137
0
4.538042068
0
9.076084137
1.98589015
0
1.98589015
2.269588709
6.808766365
4.288096905
4.900682449
4.288096905
0
4.288096905
4.288096905
5.489580631
0.256106198
1.302801251
9.832252502
12.50466442
0
0
0
0
13.50483036
0
24.16277122
1.328952551
10.99406052
0
2.636003017
0
3.012574673
0
2.636003017
0
0
2.932220936
1.675554872
1.675554872
4.839652538
0
12.09913063
0
2.765515804
15.48958397
30.97916794
15.48958397
5.163194656
0
8.211266518
16.42253304
8.211266518
0
0
3.087442875
0
7.027770996
4.827327728
2.251615524
0.956913173
1.266502619
36.02496338
3.546207428
0
0
0
8.742126465
8.742126465
0
0
3.886029959
7.772059917
0
0
0
20.9533329
0
9.167081833
0
0
0
0
11.46326923
0
0
33.06465149
11.02155018
11.02155018
0
0
0
20.13298225
0
0
20.13298225
9.954398155
0
0
9.954398155
9.954398155
0
5.821639061
11.64327812
0
0
40.2889595
13.42965317
0
26.85930634
0
27.88343811
27.88343811
27.88343811
13.94171906
41.82515717
0
0
37.73587036
113.2076111
0
0
0
29.13161659
0
0
0
0
0
0
0
14.57790947
13.72334194
23.52573013
12.41635799
0
23.02303886
6.726984501
6.10233593
2.498594046
5.029221535
5.573787212
0
8.600123405
0
15.50564098
21.54267311
12.97874546
12.97874546
14.83285332
25.95749092
12.97874546
16.27554893
0
16.27554893
48.82664871
0
0
0
0
5.350034714
10.70006943
0
0
7.755738258
0
0
7.755738258
18.32678986
16.15521049
11.38432407
13.29267979
6.350215912
13.11817741
0
13.11817741
26.23635483
0
0
34.62943649
31.04132652
23.11410713
0
0
4.277702332
0
15.30356216
12.70046711
0
0
0
13.07056904
49.62776947
0
5.554098606
15.74983311
8.41049099
0
3.814122677
0
0
8.71799469
4.358997345
0.559248328
0
0
1.294260263
1.222356915
7.757109165
7.757109165
0
0
0
9.296774864
0
0
0
0
0
0
0
0
0
0
7.762712002
15.525424
7.762712002
15.525424
8.871671677
0
0
3.295861006
3.295861006
0
5.248244286
10.49648857
0
5.248244286
0
2.12133646
2.12133646
0
0
0
0
2.853165388
0
3.260760546
0
0
0
0
1.447677374
0
0
0
0
0
4.096358776
0
0
4.172242165
0
0
0
0
0
0
0
0
0
0
5.330855846
0
0
0
0
0
0
0
0
0
0
0
0
0
0
0
0
0
0.2
7
0
0
0
0
0
0
0
0
0
0
0
0
0
0
0
0
0
0
0
0
0
0
0
0
0
0
0
2.752058268
2.752058268
0
0
0
0.316103697
0
0
1.708465338
0
3.615015745
3.163138628
0
0
0
2.795789242
0
0
8.387368202
0
5.389276505
3.079586983
0
2.694638252
0
0
0
0
3.561914682
3.45144701
6.90289402
0
0
6.390412331
3.651664257
3.195206165
0
13.44227409
13.44227409
13.44227409
6.721137047
0
1.292314172
0.516925693
0
0
1.163082838
19.3509655
0
0
0
0
5.300785065
0
0
5.300785065
2.650392532
0
0
0
0
8.773923874
7.677184105
11.65554428
0
17.48331642
0
0
4.66037035
0.685348511
0
0
0
1.009289384
0
3.027868032
1.640095115
3.658674002
0
0
6.028309345
5.314430237
3.014154673
0
0
20.18109512
17.6584568
8.829228401
0
7.390232563
4.222990036
3.695116282
0
11.85687065
17.78530502
6.775354385
17.78530502
11.85687065
0
7.100946903
0
3.550473452
3.550473452
7.991407394
3.261799097
0
1.712444544
0
13.30279922
13.30279922
13.30279922
0
6.651399612
12.8877964
0
6.443898201
0
6.443898201
21.08477402
8.873514175
0
0
0
2.442251682
33.81035233
0
0
0
0
0
12.57953167
0
0
18.86929703
0
0
13.52086163
0
19.92547989
7.689300537
0
0
0
10.67543697
13.05147743
0
0
0
0
0
0
0
0
0
44.65714645
44.65714645
0
0
66.98571014
0
0
0
17.04581642
0
0
24.43201637
0
0
0
0
0
0
0
37.32625961
0
11.32459164
0
0
0
0
0
0
0
0
0
3.935206652
0
0
1.414214969
0
0
18.71998024
0
0
0
0
0
0
0
0
0
0
0
10.17403316
0
0
22.47536087
6.99590683
0
0
14.04640007
0
0
0
0
0
0
0
0
13.00775433
0
0
0
25.79217529
0
8.597392082
10.5680542
0
0
21.1361084
10.5680542
8.236894608
0
0
0
8.236894608
16.06271553
0
0
0
32.12543106
12.1773653
0
0
0
24.35473061
9.103341103
0
18.20668221
27.31002235
0
7.82490778
0
0
0
7.82490778
0
0
6.071497917
0
0
0
0
0
36.80256271
0
0
0
0
6.022997856
0
0
4.408668518
4.408668518
8.817337036
4.408668518
0
0
3.932522058
3.932522058
7.865044117
0
0
4.856296539
6.996358871
0
0
0
0
0
1.977590203
0
0
0
0
0
0
0
12.0226593
0
0
0
0
0
0
0
0
0
0
0
0
0
0
0
0
0
0
0
0
0
0
0
0
0
0
0
0
0
0
0
0
1.941928267
0
3.214932919
0
0
0
0
0.2
7
0
0
0
0
0
0
0
1.443408251
0
0
0
0
0
0
0
0
0
1.038157105
1.038157105
0
0
0
0
1.247598767
0
0
0
2.4895854
0
0
0
0
0
0
5.59577179
0
0
0
0
0
0
0
0
4.607370377
4.607370377
4.607370377
0
4.147238255
0
0
2.30402112
0
0
3.951008558
1.975504279
4.515438557
7.03804636
2.346015453
0
0
0
0
0
0
0
3.650582552
0
3.650582552
0
0
0
0
0
21.01861954
16.4876976
0
0
0
2.7479496
7.179530621
3.141044378
3.58976531
0
6.282088757
7.082660675
2.360886812
4.721773624
4.721773624
4.721773624
0
7.926055908
15.85211182
11.88908386
7.926055908
0
3.966675043
3.966675043
0
0
0
0
0
9.800065994
0
1.837512255
3.559961081
10.679883
3.559961081
4.068527222
0
0
0.310905039
0.621810079
4.04176569
0.310905039
0
9.782115936
4.891057968
0
0
4.139799595
4.139799595
12.41939926
8.27959919
12.41939926
9.224646568
6.149764061
0
0
3.07488203
0
0
6.802731991
0
0
0
0
5.867497921
0
0
0
0
0
0
19.63903999
0
17.57607651
0
35.15215302
0
0
12.12506866
0
0
0
12.12506866
0
0
0
17.84082985
0
3.014839172
0
0
0
10.71713161
0
6.848613262
7.63131094
27.85102654
11.80570316
10.91278458
0
10.91278458
12.47175407
0
10.64409065
17.56274796
10.20864964
0
0
0
0
0
0
0
0
0
13.35292816
13.35292816
0
7.55980587
0
15.11961174
0
7.55980587
11.85439873
0
23.70879745
0
0
0
0
0
49.84333038
0
0
0
9.034912109
0
5.475703716
17.62492371
0
9.493569374
28.48070908
14.24035454
0
0
0
27.16989708
0
27.16989708
0
17.42499924
0
52.27499771
0
0
35.43293381
0
0
0
0
38.04793167
12.6826458
38.04793167
0
0
0
0
16.29166985
24.43750381
0
7.982907295
7.982907295
15.96581459
0
39.91453934
12.35581017
0
12.35581017
12.35581017
0
8.763092041
8.763092041
0
8.763092041
8.763092041
9.309185982
0
13.03286076
8.766150475
6.16733551
55.13423157
25.42366982
0
0
0
10.21935368
10.21935368
0
10.21935368
0
7.275466919
0
8.314819336
0
7.275466919
8.711082458
0
0
0
0
16.84283829
19.24895859
0
0
8.421419144
0
7.02512455
0
0
0
0
0
4.070386887
0
0
6.26068306
0
0
0
0
0
0.626425087
2.370777845
1.358860731
0
1.60943079
0
2.461801767
8.543899536
0
0
0
0
0
0
0
0
0
0
0
0
0
0
0
0
0
0
0
0
0
0
0
6.775530815
0
0
0
0
2.685203552
0
0
0
0
0
0
0
0
0
0
0
0
0
0
0
0
0
0
0
0
0
0
1.566527009
0
0.2
7
0
0
0
0
0
0
0
0
0
0
0
0
0
0
0
0
0
1.338124037
0
0
0
0
0
0
2.835874796
0
0
0
2.867875338
2.867875338
4.301812649
0
0
0
0
0
0
5.168503284
5.168503284
5.168503284
0
0
0
0
0
0
0
0
0
0
0
0
0
0
0
0
0
0
2.504198551
2.504198551
3.647889853
3.191903353
3.647889853
3.191903353
3.191903353
0
13.39229584
8.928197861
0
0
1.536274791
4.032721043
2.688480377
1.344240189
0
0
2.416950464
2.416950464
4.833900928
7.250851631
2.803575993
8.410728455
2.803575993
0
2.803575993
1.053765535
3.709069014
3.179864883
0
0
0.194969848
3.314738035
0
3.314738035
0
6.62947607
12.00560188
10.50490093
0
0
6.002800941
8.700178146
4.350089073
4.350089073
4.350089073
4.350089073
0.498550802
2.492753983
0.598260999
23.13275719
0
10.05064011
0
6.700426579
0
6.700426579
4.642484665
4.642484665
9.28496933
9.28496933
0
3.964092255
3.964092255
9.060782433
0
4.530391216
3.675753832
0
0
3.675753832
0
0
0
0
17.18726158
5.729087353
8.369571686
16.73914337
16.73914337
8.369571686
0
0
16.48216248
0
16.48216248
8.241081238
0
8.54839325
0
0
0
7.479844093
7.762041569
0
0
15.52408314
7.762041569
16.47973633
16.47973633
0
32.95947266
0
0
0
8.489653587
6.620371819
6.698258877
11.47553635
11.47553635
0
0
13.11489964
9.650258064
0
0
0
9.650258064
0
0
9.510409355
16.17929649
10.26428413
0
27.84514427
13.92257214
0
0
0
0
0
91.81061554
0
0
0
30.81576347
0
0
7.823307514
3.788866282
9.121346474
5.683299541
0
0
0
4.858700275
4.140937805
9.49655056
0
0
15.85823631
0
0
0
0
0
0
0
8.16781044
0
0
0
0
0
7.864957333
0
0
0
0
0
6.865154266
7.638256073
0
0
7.454205036
14.90841007
0
0
14.90841007
0
0
11.66982365
0
0
0
0
0
10.97596931
12.54396629
0
0
7.813832283
0
0
7.986036777
0
5.211380482
8.042255402
4.503662109
6.24078989
18.60960579
0
0
0
9.304802895
15.25841331
38.14603424
0
15.25841331
15.25841331
0
10.95787525
0
0
0
0
0
14.60973072
7.30486536
7.30486536
0
7.093447208
14.18689442
0
7.093447208
3.28932929
4.265284538
0
0
3.144743681
0
0
7.660433292
0
3.337533236
0
14.56549931
7.282749653
0
0
0
0
10.86944962
3.623149872
3.623149872
0
3.738872528
0
6.91691494
0
0
0
0
0
0
0
0
0
0
0
1.442930222
2.458021879
1.84351635
3.379779816
0
0
0
0
0
0
0
0
3.951159239
0
0
7.902318478
0
0
0
0
0
5.994371891
2.997185946
2.997185946
0
2.997185946
0
4.77790451
0
0
0
0
0
0
0
0
0
0
0
0
0
0
0
0
0
0
0
0.2
7
0
0
0
0
0
0
0
0
0
0
0
0
0
0
0
0
0
0
0
0
0
0
0
0
0
0
0
0
0
0
0
0
0
0
0
0
0
0
0
0
0
0
0
0
0
0
0
0
0
0
0
0
0
0
0
0
0
0
13.73308945
2.4047997
0
0
0
4.8095994
6.615875244
0
6.615875244
2.205291748
4.410583496
6.744717121
11.80325413
0
0
5.901627064
3.680618763
11.04185677
8.412842751
7.361237526
3.680618763
8.740480423
5.826986313
5.826986313
2.913493156
2.913493156
0
2.678999662
8.036998749
3.061713934
2.678999662
2.678999662
0
0
2.459143877
7.377431393
7.377431393
0
0
2.39585042
4.79170084
4.79170084
4.704627037
2.058274269
0
2.058274269
0
0.986801505
0.67391324
11.16770554
4.597051144
7.148293972
14.48658466
0
0
0
9.657723427
10.78557396
10.78557396
2.69639349
0
0
13.95542145
13.95542145
0
0
9.303614616
0
0
21.64710617
10.82355309
5.411776543
6.994653225
6.994653225
0
0
0
0
0
0
0
7.004802704
0
3.111689806
0
0
3.556217194
0
0
8.551801682
4.275900841
4.886744022
0
0
0
5.731515884
5.731515884
11.46303177
28.31552887
0
18.87701988
31.31869316
0
0
10.33148193
0
10.33148193
0
0
28.32390213
0
0
19.64399529
24.76597977
11.13218403
11.50742626
37.02389145
0
10.70963955
13.22032452
15.73100758
23.41998291
0
44.00579453
0
14.66859818
50.29233932
0
0
0
0
11.8063755
11.8063755
25.45072937
12.72536469
12.72536469
0
0
0
34.53584671
0
0
0
0
10.27487469
0
0
0
19.29864311
0
0
19.29864311
19.29864311
9.649321556
0
0
20.5399456
17.97245026
0
0
0
0
0
0
0
0
8.502901077
34.01160431
8.502901077
0
0
0
38.25815582
0
0
11.05757999
22.11515999
22.11515999
22.11515999
18.53022575
18.53022575
0
0
0
0
0
0
8.263255119
8.263255119
8.263255119
0
0
14.69315338
29.38630676
0
0
0
23.47976112
0
0
10.71201801
0
12.24230671
10.71201801
10.71201801
0
0
16.59649277
0
0
0
22.08315659
0
11.04157829
11.04157829
0
5.850883484
5.850883484
0
0
15.91961479
6.083929062
7.959806919
12.21855831
0
0
13.50477123
0
0
6.752385616
9.390107155
0
9.826857567
6.114488602
0
14.01843834
24.53226662
12.26613331
0
0
0
0
0
5.940023899
0
0
1.473402619
0
0
0
0
0
0
0
0
4.573888302
0
0
0
0
0
0
0
0
0
0
0
0
0
0
0
0
0
0
4.746750355
0
3.895272493
0
0
0
0
0
0
0
0
0
0
0
1.274046421
1.274046421
0
0
0
0
0
0
0
0
0
0
0
0
0
3.185358763
0
0
0
0.2
7
3.278221607
0
0
0
0
0
0
0
0
0
0
0
0
2.034238577
0
0
0
0
2.049768209
2.049768209
0
0
0
0
0
0
0
0
0
0
0
0
0
1.831184983
0
0
0
0
0
0
0
0
0
0
0
0
0
0
2.456715822
9.366229057
0.636113942
4.457562923
0
0
1.981138825
0
0
0
0
0
0
0
0
0
0
0
0
0
0
0
0
0
0
0
0
0
10.07715893
0
0
0
0
0
0
0
0
0
0
3.947576284
6.908257961
6.908257961
5.15532589
10.31065178
5.891801357
0
0
0
4.825375557
2.412687778
0
0
0
0
2.963354349
5.926708698
8.890062332
0
2.985593081
18.61388206
10.94717598
0
0
0
12.00064373
0
48.00257492
0
0
5.442711353
9.524744987
4.762372494
9.066117287
0
0
18.13223457
0
0
0
3.516290903
0
4.018618107
0
0
14.70654202
13.57526875
0
0
12.52224636
0
0
0
8.393815994
0
0
0
2.797938585
0
7.07806778
0
7.07806778
7.07806778
7.07806778
13.87871838
0
6.939359188
0
0
0
0
0
0
0
12.56010723
12.56010723
12.56010723
0
0
18.81285095
0
0
12.54190254
12.54190254
0
0
0
23.81746101
0
39.79019547
0
0
0
0
8.588608742
0
0
0
8.588608742
0
43.87202072
65.80802917
0
0
0
7.930798531
18.12754059
0
7.930798531
0
0
9.602772713
0
0
0
0
0
17.17100525
17.17100525
15.04779434
30.09558868
0
0
0
0
0
0
0
0
0
0
0
17.22749901
8.613749504
0
0
0
0
0
0
0
8.05441761
8.05441761
0
0
0
0
0
0
0
8.343994141
8.343994141
16.68798828
0
0
8.343994141
11.39988422
0
0
11.39988422
11.39988422
0
56.71269989
0
0
0
21.25374222
0
10.62687111
10.62687111
0
11.33169174
11.33169174
11.33169174
11.33169174
0
0
0
0
12.40261269
24.80522537
0
0
0
25.54025459
0
0
0
19.53207016
6.510690689
6.510690689
13.22837257
6.614186287
6.614186287
0
6.614186287
20.07344818
0
0
0
0
17.29209328
0
0
8.646046638
0
0
0
5.356318474
10.71263695
0
8.914790154
8.914790154
8.914790154
0
0
10.1883316
0
0
0
0
0
3.147351027
0
0
6.294702053
0
0
0
0
4.446011066
8.892022133
3.453859091
0
0
3.453859091
3.453859091
3.236514568
6.473029137
3.236514568
0
3.236514568
3.067855358
3.067855358
0
0
3.067855358
0
3.320952177
0
0
0
1.417709708
1.417709708
0
0
0
2.148717642
2.148717642
2.148717642
2.148717642
2.148717642
7.683791161
0
0
0
0
2.906566858
0
5.813133717
5.813133717
0
0
0
0
0
0
0
0.2
7
0
0
0
0
0
0
0
0
0
0
0
0
0
0
0
0
0
0
0
0
0
0
0
0
0
0
0
7.847951412
0
0
0
0
0
0
0
0
0
0
0
2.744667768
2.744667768
0
8.82117939
0
0
0
0
3.816993237
0
0
0
0
3.797808409
0
7.595616817
3.797808409
2.370104551
4.740209103
2.370104551
4.724520206
2.362260103
0
0
2.362260103
5.655735493
0
5.655735493
2.827867746
2.827867746
4.800258636
4.800258636
0
0
4.800258636
0
7.963550568
0
0
3.981775284
4.529260159
6.793889999
2.264630079
2.264630079
4.529260159
4.720821381
2.36041069
0
7.081231117
2.36041069
4.720821381
11.73938751
10.244277
0
38.01457596
2.159604549
4.431830406
8.863660812
0
4.431830406
13.29549122
0
7.592150688
0
17.35348892
0
0
0
0
0
13.37193203
0
0
0
0
0
5.814005852
0
19.93373299
0
13.28915596
0
0
10.19616127
0
17.84328079
8.613105774
0
4.306552887
8.613105774
12.91965866
0
19.12242699
28.68364143
9.561213493
0
7.898732662
9.901760101
8.862453461
14.75815678
16.04311943
0
12.65357971
6.326789856
12.65357971
12.65357971
11.63920116
0
11.63920116
11.63920116
0
0
5.637575626
0
11.27515125
11.27515125
0
0
0
0
11.67874336
0
0
0
26.19223785
0
0
0
12.79243374
12.79243374
0
12.79243374
0
38.68966675
19.34483337
0
0
0
13.83846474
6.919232368
6.919232368
0
17.87818336
71.51273346
17.87818336
17.87818336
0
0
0
23.222229
23.222229
0
0
17.42424011
29.87012672
8.712120056
8.712120056
0
0
0
0
0
15.20950985
0
0
0
30.4190197
0
0
0
0
0
0
0
30.83026505
0
0
0
0
32.33349228
0
0
0
0
0
59.8264389
0
0
28.93676376
0
0
0
0
0
0
0
0
0
0
0
0
0
0
0
9.733802795
9.733802795
0
38.93521118
9.733802795
34.49298859
0
17.24649429
0
0
0
22.62418175
0
11.31209087
0
0
0
0
20.6703186
0
0
0
0
12.94992352
0
28.12389565
0
0
14.06194782
14.06194782
0
33.80500412
6.76100111
6.76100111
0
10.07336044
50.36680222
40.29344177
0
0
0
0
0
10.55294037
10.55294037
0
9.344593048
0
9.344593048
0
0
0
0
0
7.447580814
0
0
8.179258347
8.179258347
8.179258347
8.179258347
0
0
0
0
0
0
0
0
0
0
0
0
0
0
0
0
0
9.521958351
0
0
0
0
0
0
0
0
5.016946793
0
5.016946793
0
3.615115166
3.615115166
0
7.230230331
0
0
0
0
0
0
0
0
0
0
0
0
0
0
0
0
0
0
0
0
0
0
0
0
0
0
0
0.2
7
0
0
0
0
0
0
0
0
0
0
0
0
0
0
0
0
0
0
0
0
0
0
0
0
0
0
0
0
0
0
0
0
0
0
0
0
7.484251499
0
0
0
3.74212575
0
0
0
0
0
0
0
0
0
0
0
0
0
0
0
0
0
0
0
10.27610302
0
0
0
0
0
3.192129374
0.364814788
0.364814788
0
0
0
11.19812489
0
0
0
0
0
0
0
2.289371729
0
0
0
2.003200293
3.299782991
3.299782991
3.299782991
0
0
0
0
3.802385569
3.802385569
9.981262207
3.802385569
9.38141346
10.72161579
5.360807896
9.38141346
4.69070673
0
2.337129831
2.337129831
0
0
7.933504581
18.13372612
0
0
0
4.562583923
0
0
0
0
0
2.276299
0
4.552598
2.276299
0
0
0
3.865352154
7.730704308
0
5.775611877
17.32683563
0
11.55122375
0
10.44587803
10.44587803
0
0
4.75899601
4.75899601
9.51799202
4.75899601
19.03598404
19.11389732
4.778474331
14.33542442
0
4.778474331
16.32531929
0
0
0
0
8.162659645
0
20.21210098
0
0
10.10605049
12.00602722
12.00602722
0
12.00602722
0
0
0
0
0
17.40858078
12.15825939
12.15825939
12.15825939
0
0
0
0
0
0
0
16.43041229
0
0
0
0
0
16.11977768
0
0
0
0
0
0
66.5128479
0
0
9.28894043
3.853189945
8.532063484
5.538960934
4.402468681
0
0
0
1.698414326
14.4440546
0
0
0
0
0
0
0
0
0
0
0
0
0
0
0
0
0
0
0
0
0
0
0
0
0
0
0
0
0
0
0
0
0
0
20.02224731
43.98872757
0
0
0
0
0
0
0
0
0
0
10.64346886
0
10.64346886
10.64346886
0
0
0
0
0
0
0
11.7058239
0
23.4116478
11.7058239
15.84391594
31.68783188
0
0
0
0
0
2.992465496
20.77122879
18.67650414
0
5.860173225
5.860173225
0
0
0
4.119082928
0
4.119082928
0
8.749312401
4.3746562
0
0
4.3746562
0
19.07226944
0
19.07226944
9.53613472
6.620955944
6.620955944
0
0
0
0
7.827351093
0
0
0
0
0
3.64541769
0
0
7.290835381
3.503168583
0
3.503168583
7.006337166
3.503168583
3.432552814
3.432552814
0
0
0
0
0
4.769064426
0
0
0
0
0
0
0
0
0
0
0
0
0
0
0
0
0
0
0
0
0
0
13.18956852
0
0
0
0
0
0
0
0
0
0
0
0
0
0
0
0
0
0
0
0
0.2
7
0
0
0
0
0
0
0
0
0
0
0
0
0
0
0
0
0
0
0
0
0
0
0
0
0
0
0
0
0
0
0
0
0
3.17821908
3.17821908
0
0
0
0
0
0
0
0
0
1.825366378
3.194391012
0
0
0
0
0
0
0
0
0
2.154829741
0
0
2.200790405
0
1.920252323
0
1.920252323
3.840504646
2.694227219
0.35658893
6.577083588
2.179154158
4.199825287
0
3.680609226
0
7.361218452
0
0
0
0
12.25625992
0
0
0
0
0
0
5.242668152
5.242668152
7.864002228
2.99581027
2.621334076
8.987431526
0
2.7625103
8.287530899
5.525020599
8.287530899
3.303124428
4.954686165
0
3.303124428
0
4.055732727
4.731688023
5.182324409
0
4.731688023
3.733767509
0.691438437
1.751644254
14.70459175
0
0
0.539225459
13.38259506
0
0.245102495
0.585140288
10.10696888
0.691529393
0
0
0
3.611153603
4.12703228
7.222307205
0
8.22347641
2.741158724
2.741158724
2.741158724
5.482317448
0
3.214217663
0
5.624879837
2.812439919
1.910828233
0
3.821656466
1.910828233
0
0
0
2.952634096
2.952634096
5.167109013
0
0
23.04875374
0
0
9.597351074
8.668506622
0
8.668506622
0
34.67402649
8.026077271
0
8.026077271
16.05215454
24.07823372
0
0
0
0
18.04117775
17.33626556
8.668132782
0
0
0
22.63285637
0
11.31642818
0
0
0
0
18.1344986
0
9.067249298
13.24326134
26.48652267
0
13.24326134
13.24326134
11.79007816
0
23.58015633
0
0
0
0
0
0
0
6.517990589
0
0
0
0
0
0
0.538648665
0.38653034
0.960091412
5.735641956
5.543385983
4.037378788
0
14.77168083
5.190915585
0
12.2691021
12.2691021
0
24.53820419
0
0
0
0
0
0
0
6.528460979
0
0
45.79330826
0
0
0
15.26443672
6.613069534
6.613069534
6.613069534
19.8392086
13.22613907
0
0
17.63978767
17.63978767
0
0
0
0
7.82682085
7.82682085
0
8.603872299
9.832997322
0
0
8.603872299
0
11.37962151
0
11.37962151
11.37962151
9.247020721
0
9.247020721
9.247020721
27.74106216
0
0
25.49183273
12.74591637
12.74591637
10.16961098
0
10.16961098
10.16961098
10.16961098
0
0
0
23.69982719
0
5.116346359
5.116346359
15.34903812
20.46538544
5.116346359
0
0
10.46457481
0
0
0
3.68295598
5.652909756
0
1.627352595
0
17.12831688
17.12831688
0
0
11.42510796
11.42510796
0
0
0
5.712553978
0
0
0
0
0
0
1.911408782
0
0
0
0
0
0
1.630622387
3.261244774
0
0
4.698159218
9.396318436
0
0
4.344317913
0
0
2.172158957
5.677137375
22.7085495
0
0
0
2.889342546
5.778685093
2.889342546
2.889342546
2.889342546
2.656563759
0
0
0
0
0
0
0
0
0
0
0
0
0
0
0
0
0
0
0
0
0
0
0
0
0
0.2
7
0
0
0
0
0
0
0
0
0
2.604394197
2.460252047
1.230126023
0
0
0
0
0
0
0
2.439831734
0
0
0
0
0
0
0
0
0
0
0
0
0
0
0
0
0
0
0
0
0
14.36937237
0
0
0
0
0
0
0
0
0
0
0
0
0
0
0
0
0
0
0
0
9.500146866
9.500146866
0
0
0
0
9.95238781
13.48932838
0
0
0
0
0
1.432257891
2.864515781
1.636866093
1.432257891
2.670761824
0
0
2.670761824
0
1.799152374
0
0
3.598304749
5.397457123
1.799152374
3.209287643
26.916605
3.726914406
14.39003086
0
0
0
7.921721935
0
0
0
0
0
0
3.332263708
15.47131252
0
0
0
0
0
7.566490173
15.13298035
6.620678902
0
6.554320812
3.277160406
3.277160406
0
6.554320812
4.737993717
14.21398163
4.737993717
4.737993717
9.475987434
0
10.00111294
0
10.00111294
0
0
7.133673668
12.48392868
6.24196434
0
0
0
3.230938196
0
6.461876392
5.527369499
22.109478
0
0
11.054739
7.618532658
7.618532658
0
15.23706532
0
0
6.819892406
0
6.819892406
0
27.27956963
0
11.58000183
11.58000183
34.74000549
0
0
0
0
0
0
0
19.15527153
0
0
0
0
0
0
0
17.04911041
0
0
0
0
0
0
0
0
11.57718277
0
0
0
0
15.34269619
0
14.49272537
0
0
0
0
0
0
0
11.76433086
0
0
0
13.53956223
0
0
0
0
0
0
0
0
0
0
0
0
0
0
0
0
0
0
0
0
0
0
0
0
0
0
0
18.57539177
0
27.86021042
13.93010521
27.86021042
0
0
14.43960094
0
14.43960094
0
0
18.7197876
18.7197876
0
0
18.7197876
0
0
0
0
0
0
0
0
11.24044418
0
6.605566025
0
0
0
6.605566025
0
27.08931351
18.05954361
27.08931351
9.029771805
0
7.985200882
7.985200882
15.97040176
7.985200882
0
9.903308868
4.951654434
4.951654434
0
4.777288914
4.777288914
9.554577827
4.777288914
0
7.978331089
15.95666218
15.95666218
0
7.978331089
8.450090408
8.450090408
8.450090408
25.35027122
16.90018082
4.910734177
0
0
0
0
20.34238815
0
0
20.34238815
0
0
0
0
10.51485538
7.009904385
7.009904385
2.26757288
2.26757288
0
0
0
0
0
0
0
0
0
2.795880318
0
0
0
0
0
0
0
0
0
0
0
0
0
0
0
0
0
0
0
0
0
0
0
0
0
0
0
0
0
0
0
0
0
0
0
0
0
0
0
0
0
5.119124413
0
0
0.2
7
0
0
0
0
0
0
0
0
0
0
0
0
0
0
0
0
0
0
0
0
0
0
0
0
0
0
0
0
0
0
0
0
0
0
6.83495903
0
0
0
0
0
0
0
0
0
0
0
0
0
0
0
0
0
0
0
0
0
0
0
14.53380489
2.241665363
2.241665363
4.483330727
2.241665363
0
3.577321529
7.154643059
0
3.577321529
3.577321529
5.25562191
0
2.627810955
2.627810955
13.1390543
0
0
7.763980865
2.264494419
0
0
0
6.550120831
3.275060415
0
0
0
7.264369965
2.421456575
0
2.421456575
5.213152885
2.606576443
2.97894454
0
5.213152885
0
4.326565266
2.472323179
2.163282633
4.326565266
0
2.293357134
5.241959095
2.293357134
2.620979548
8.953186035
16.63641739
14.85847759
2.79390192
0
0
0
0
38.63239288
0
0
0
11.10549641
22.21099281
5.552748203
14.55459404
14.55459404
0
0
0
4.78270483
0
0
4.78270483
0
8.636598587
0
0
17.27319717
8.636598587
0
0
8.423062325
0
0
0
14.49792862
14.49792862
21.74689293
0
9.581439018
9.581439018
0
9.581439018
4.790719509
0
0
0
14.83328915
0
7.416644573
17.3723526
9.927059174
26.0585289
0
0
0
0
10.2944212
0
10.2944212
0
18.78193092
0
18.78193092
9.390965462
0
0
0
20.42807579
10.2140379
0
0
0
0
13.38986397
0
15.67842293
31.35684586
31.35684586
0
0
0
8.21407032
0
0
19.39504623
0
19.39504623
0
0
0
0
14.24138355
0
14.24138355
19.10106659
19.10106659
0
0
0
9.989369392
0
9.989369392
0
19.97873878
9.989369392
9.288505554
0
0
18.57701111
0
0
28.01203918
14.00601959
0
0
10.63205719
0
9.193132401
5.675759792
11.8711319
15.66938305
23.5040741
0
7.834691525
23.5040741
0
0
31.09388733
31.09388733
31.09388733
56.83351517
14.20837879
0
0
0
14.20837879
32.05844116
10.68614674
0
0
10.68614674
0
0
15.18701649
0
0
12.50367641
12.50367641
0
12.50367641
0
16.87406158
8.437030792
8.437030792
8.437030792
16.87406158
11.82645893
11.82645893
23.65291786
23.65291786
0
11.56457996
11.56457996
11.56457996
0
34.69374084
0
0
0
0
0
7.848417282
15.69683456
0
0
7.848417282
0
4.690098286
4.690098286
4.690098286
4.690098286
0
0
5.997437477
11.99487495
5.997437477
9.561574936
9.561574936
0
19.12314987
0
7.190522671
0
0
14.38104534
0
7.190522671
6.331591606
3.165795803
0
3.165795803
3.165795803
0
7.583763599
0
0
0
0
0
0
0
0
0
0
0
0
0
0
0
0
0
0
0
0
0
0
0
0
0
2.8674438
0
1.4337219
2.969477177
0
2.969477177
0
0
2.753752708
0
0
0
0
0
0
0
0
0
2.423066616
2.423066616
2.423066616
0
0
0
0
0
0
0
0
0.2
7
0
0
0
0
0
0
0
0
0
0
0
1.239631295
0
1.239631295
0
0
0
0
0
0
1.504307985
0
0
0
0
3.888540268
0
0
0
0
0
0
0
1.690282702
3.380565405
1.690282702
0
0
5.125389099
5.125389099
5.125389099
2.066894531
2.066894531
4.133789063
0
4.133789063
0
0
0
0
0
0
0
0
0
3.384913921
2.801177979
0
4.201766968
0
3.243225336
0
3.243225336
12.97290134
0
6.017388821
0
0
0
6.017388821
0
0
11.33797073
0
11.33797073
1.827175379
0
0
1.827175379
3.654350758
4.297874928
4.297874928
0
0
0
0
0
2.212727785
6.638183594
2.212727785
0
0
7.270030022
0
7.270030022
0
4.796472549
0
0
0
9.592945099
16.33683968
5.445612907
0
0
5.445612907
11.40468884
14.96865273
0
0
9.979102135
0
4.333663464
0
0
0
4.854982853
11.09710407
0
0
9.709965706
3.807122231
7.614244461
3.807122231
7.614244461
13.05299091
0
0
0
4.229243279
8.458486557
0
0
0
0
26.49152946
0
0
0
0
5.447181702
0
11.06790447
0
0
11.06790447
7.137662411
14.27532482
3.568831205
10.70649433
0
0
0
10.01942062
30.05826187
0
10.01942062
19.39242554
22.16277504
0
19.39242554
19.39242554
13.38922596
26.77845192
0
0
0
20.56399918
0
0
0
0
11.98108482
0
11.98108482
0
0
11.2561903
22.5123806
11.2561903
11.2561903
0
11.04189587
11.04189587
11.04189587
22.08379173
0
12.8726263
0
0
25.74525261
0
0
38.92465591
38.92465591
0
0
0
21.23953247
0
21.23953247
0
0
0
0
0
14.59741402
0
0
0
0
0
0
0
0
0
0
0
14.72303963
0
0
0
0
0
6.106604576
6.106604576
0
0
0
14.91530704
0
0
29.83061409
10.49965668
0
0
20.99931335
0
0
14.41504383
0
0
14.41504383
14.41504383
0
0
0
0
14.43970013
0
11.20126152
0
0
22.40252304
0
0
0
0
0
0
0
0
0
0
7.521907806
0
0
0
22.56572342
0
11.5638752
11.5638752
0
0
0
13.67690754
0
6.83845377
6.83845377
4.766973019
4.766973019
0
0
0
0
10.52872467
0
0
10.52872467
7.051590443
14.10318089
0
14.10318089
7.051590443
0
0
0
0
0
24.23694801
12.11847401
0
0
0
0
0
0
0
0
0
0
0
0
0
0
0
0
0
0
0
0
0
0
0
0
0
0
0
0
0
0
6.737436295
6.737436295
0
0
6.923863888
0
0
3.461931944
0
0
0
0
4.305502892
0
0
0
0
0
0
0
0
0
0
0
0
0
0
0
0
0
0
0
0
0
0
0.2
7
0
0
0
0
0
0
0
0
0
2.099712372
1.176439404
0
2.352878809
1.176439404
0
1.282104254
0
0
0
1.282104254
0
0
0
0
0
0
0
0
0
0
0
0
0
0
0
0
0
0
0
0
0
0
0
0
0
0
0
0
0
0
0
0
0
0
0
0
3.054670095
6.109340191
3.054670095
4.936156273
8.226926804
0
0
0
0
0
0
0
0
0
4.949069023
0
2.474534512
0
0
0
1.672697067
1.672697067
0
0
9.876200676
12.96251297
0
0
8.232563019
0
0
0
8.232563019
2.401164293
2.409793139
0
4.819586277
7.229380131
0
0
0
3.349219799
0
0
13.42808914
8.952058792
0
8.952058792
4.476029396
7.067050457
3.533525229
3.533525229
7.067050457
7.067050457
0
0
8.032953262
13.86580086
1.279132843
0
10.29941463
5.149707317
2.574853659
2.574853659
10.45273876
10.45273876
0
5.226369381
0
0
23.05791092
0
0
0
0
5.77741909
5.77741909
0
0
0
0
12.81020641
0
12.81020641
0
10.96964455
0
0
0
0
11.63948631
5.819743156
17.45922852
0
5.819743156
13.8562603
13.8562603
13.8562603
6.92813015
6.92813015
0
0
6.954385281
13.90877056
0
38.52673721
9.631684303
0
9.631684303
0
0
0
0
19.30394745
0
5.183093548
5.183093548
15.54928112
0
0
0
0
0
0
0
0
0
0
0
0
0
0
0
0
0
0
78.44715118
0
0
0
0
0
0
0
0
0
0
18.51959801
18.51959801
0
0
0
0
0
0
0
0
0
0
0
0
0
0
0
0
0
0
0
0
0
23.2778244
0
0
21.24131203
0
0
0
0
0
20.16565323
0
0
0
0
22.60419273
0
0
0
0
0
0
13.76785946
0
31.7320919
15.86604595
0
7.933022976
7.161075592
0
21.48322678
7.161075592
0
22.37082481
11.18541241
11.18541241
0
0
0
0
4.432973385
13.29892063
0
5.550080776
16.65024376
0
0
0
0
0
5.709578037
11.41915607
11.41915607
7.71953249
3.859766245
11.57929993
3.859766245
7.71953249
5.249536037
0
5.249536037
20.99814415
0
0
0
15.1812973
0
0
4.019679546
8.039359093
0
4.019679546
0
6.619427204
13.23885441
0
6.619427204
13.23885441
13.23885441
0
0
0
0
0
0
0
5.780324936
0
0
0
0
4.888934135
0
0
0
0
0
4.206629753
4.206629753
0
0
0
0
0
0
8.642347336
4.321173668
4.321173668
4.321173668
3.221642017
0
0
0
0
0
2.933376312
1.466688156
0
2.933376312
3.117279053
6.234558105
0
0
0
0
0
0
0
0
0
0
2.640758514
0
0
0
0
0
0
0
0
0.2
7
0
0
0
0
3.932823896
0
0
0
0
0
0
0
0
0
0
0
0
0
0
0
0
0
0
0
0
0
0
0
3.843585968
5.765379429
0
4.844564915
0
0
0
0
0
0
0
0
3.64562273
4.285377979
4.285377979
0
0
0
0
0
0
0
0
0
0
0
0
0
0
0
0
0
3.045629978
3.045629978
0
0
0
0
0
0
0
0
0
3.355714798
6.711429596
0
0
0
0
0
0
0
0
0
0
0
0
0
0
0
4.461554527
2.230777264
12.29762745
3.074406862
3.074406862
3.074406862
6.148813725
3.774687529
7.549375057
3.774687529
11.32406235
7.549375057
2.72691083
8.180732727
0
5.453821659
0
0
1.700240612
9.138792038
2.125300646
0
7.41245985
14.8249197
7.41245985
0
0
5.227852821
15.68355846
5.974689007
10.45570564
20.91141129
11.87197304
11.87197304
0
11.87197304
0
29.4971714
0
21.04257011
7.890963554
7.703083038
0
0
0
0
0
15.30398369
0
0
11.56301022
0
0
0
19.40141487
0
0
0
0
11.27302456
0
11.27302456
0
9.857872963
5.071508408
19.85831642
4.379014015
15.15342617
0
0
11.44617271
0
0
0
11.53368282
0
5.766841412
5.766841412
11.15353203
0
33.46059799
0
0
24.43696404
0
6.109241009
0
0
0
0
0
14.43146133
0
0
10.37382793
0
0
0
35.98070526
17.99035263
0
0
0
14.96811676
7.48405838
0
0
7.48405838
0
0
0
0
23.58089638
0
0
0
12.96391296
0
0
0
0
0
0
0
0
0
0
0
0
0
0
0
0
15.73803902
16.34001541
0
16.34001541
0
0
0
0
17.84700203
0
0
0
0
0
0
0
0
0
0
9.831299782
0
9.831299782
0
0
0
0
0
0
0
0
20.26512146
0
14.99662971
0
0
14.99662971
0
0
0
0
0
0
0
23.29551506
0
0
0
12.30494976
0
0
0
0
0
0
0
5.943273067
6.792312145
0
0
31.71469498
0
0
13.63237858
20.44857025
0
0
0
0
14.09726906
21.14590263
7.048634529
7.048634529
0
4.656748295
9.31349659
0
0
0
4.81133461
0
0
4.81133461
0
0
0
0
0
0
4.514528751
0
0
4.514528751
0
0
0
0
0
0
0
0
0
4.051527977
0
0
0
0
0
0
0
3.501389027
0
3.063715219
0
0
0
0
0
3.617179632
0
0
0
2.235759735
0
0
2.44076848
1.22038424
0
0
0
0
0
0
0
0
0
0
0
0
0
0
1.670750976
0
1.670750976
0
0.2
7
4.112818718
0
0
0
4.112818718
0
0
0
0
0
0
0
0
0
0
0
0
0
0
0
0
0
0
0
0
0
0
0
0
7.510164738
0
0
0
6.840253353
0
0
0
0
0
0
0
0
0
0
0
7.451774597
8.547717094
5.698478222
2.849239111
0
0
0
0
0
5.063250542
0
0
4.331906796
4.331906796
0
0
6.760450363
3.863114834
10.14067554
0
2.478504896
4.957009792
4.957009792
7.435514927
5.82961607
8.744423866
11.65923214
0
0
4.506335258
3.943042994
9.012670517
3.943042994
9.012670517
0
0
4.705431938
4.11725235
0
3.511607647
3.511607647
0
0
0
3.511607647
1.254836082
20.73467064
0
0
0
8.198916435
16.39783287
12.29837513
0
0
0
0
5.777777195
5.05555439
5.05555439
9.317562103
13.97634506
0
0
5.324321747
4.603567123
0
0
4.603567123
0
4.874559402
9.749118805
7.311839104
0
0
0
3.072100639
0
3.072100639
0
4.653823376
0
4.653823376
9.307646751
4.653823376
0
0
5.406527996
12.35778046
10.81305599
0
0
8.30632782
8.30632782
7.268036842
0
0
0
3.896470308
0
6.573465347
6.573465347
7.512532234
6.573465347
0
0
0
0
22.10007477
7.366691589
7.366691589
0
15.13221359
0
0
0
9.068703651
0
7.935114861
15.87022972
7.935114861
0
9.739203453
8.521802902
17.0436058
0
0
8.143082619
8.143082619
18.61276054
0
0
12.91598225
0
6.457991123
12.91598225
40.13684845
30.58045769
0
0
26.75790024
0
15.64112473
15.64112473
0
62.5644989
31.45101738
15.72550869
0
31.45101738
31.45101738
17.12426758
17.12426758
0
34.24853516
17.12426758
0
16.87044716
16.87044716
33.74089432
0
0
0
22.27886772
22.27886772
0
0
0
0
0
0
0
0
0
0
0
24.6523819
11.32451057
0
0
0
0
0
41.30919266
0
0
27.53946114
0
37.43391418
0
0
24.95594025
0
0
0
30.04307938
30.04307938
15.02153969
0
7.061038971
21.18311691
0
0
0
0
0
0
0
0
0
16.01350594
8.006752968
8.006752968
0
37.11865234
0
0
12.37288284
23.30568695
34.95853043
11.65284348
0
23.30568695
0
0
0
13.04619312
26.09238625
4.727006435
9.454012871
0
14.18101883
9.454012871
0
0
13.92325592
0
0
6.110582829
6.110582829
6.110582829
0
6.110582829
0
6.435353756
6.435353756
6.435353756
6.435353756
0
6.772336483
13.54467297
13.54467297
13.54467297
0
10.7144146
32.14324188
0
0
0
2.588529825
2.588529825
5.17705965
5.17705965
0
0
0
0
0
2.947614431
0
0
0
0
0
0
4.437655926
0
0
4.437655926
0
4.951402187
0
0
0
3.757836819
3.288107157
3.288107157
3.288107157
3.288107157
0
0
0
0
0
0
0
0
0
0
0
0
0
0
0
0
0
0
0
3.91533494
0
0
0
0
0
3.813052177
0
0
0
0
0
0.2
7
0
2.082014322
0
0
0
0
0
0
0
0
1.012045264
0
0
2.024090528
0
0
0
0
1.539479256
0
0
0
0
0
0
0
0
0
0
0
0
0
0
0
0
0
0
0
0
0
0
0
0
0
0
0
0
0
0
0
0
9.525835991
0
0
0
0
0
0
0
0
0
0
0
0
0
0
0
0
0
0
0
0
0
0
0
6.75773859
6.75773859
13.51547718
0
20.27321434
1.916682243
0
3.833364487
1.916682243
1.916682243
6.453866005
12.90773201
0
0
12.90773201
0
5.929889679
5.929889679
2.964944839
5.929889679
5.929889679
0
0
0
0
0
14.86373234
0
2.972746372
3.963661909
2.972746372
0
6.876636028
3.438318014
6.876636028
10.3149538
8.491281509
12.73692322
0
0
0
0
9.170269966
9.170269966
4.585134983
4.585134983
10.41553307
0
0
12.15145588
3.03786397
6.002523899
9.003785133
3.00126195
6.002523899
9.003785133
9.778476715
9.778476715
9.778476715
0
0
13.24132442
0
0
0
0
0
0
9.419762611
9.419762611
0
14.45025539
0
0
0
0
7.225127697
25.20547867
0
0
0
6.301369667
0
0
0
14.07264137
0
0
26.86352921
0
0
0
29.68540192
19.79026794
9.895133972
9.895133972
9.895133972
2.616044044
2.616044044
2.616044044
5.232088089
0
0
0
0
0
16.34202576
0
0
4.887333393
4.887333393
0
39.87799454
13.29266453
13.29266453
26.58532906
0
0
0
0
21.32956314
0
0
0
0
0
0
0
0
0
0
0
0
14.04526234
28.09052467
14.04526234
0
0
62.41636658
0
15.60409164
0
0
0
0
9.675776482
9.675776482
0
0
0
0
14.68805504
0
0
0
0
0
0
0
10.33156395
10.33156395
0
0
0
0
0
0
0
0
0
0
0
0
13.79494858
0
22.18242645
0
0
36.97071075
17.46684647
0
8.733423233
8.733423233
0
0
33.42811584
0
0
0
0
0
0
0
0
0
9.220328331
0
0
0
11.17952251
11.17952251
5.589761257
0
0
8.965937614
8.965937614
8.965937614
0
0
0
0
0
0
5.857657433
0
9.958267212
19.91653442
0
0
3.841044188
3.841044188
7.682088375
3.841044188
0
0
7.909477234
7.909477234
7.909477234
0
15.81895447
5.032739639
0
0
0
2.51636982
0
0
0
0
0
0
0
0
2.118919849
4.237839699
0
0
2.497223854
4.994447708
4.994447708
0
0
0
5.512298107
0
0
0
0
0
0
0
0
0
0
0
0
0
0
0
0
0
0
0
0
0
0
0
0
0
0
3.767491579
0
1.88374579
0
0
0
0
0
0
0
4.598823071
0.2
7
0
0
0
0
3.808672428
0
0
0
0
0
0
0
0
0
0
0
0
0
0
0
2.911181927
0
0
0
0
0
0
0
0
0
0
0
0
0
0
0
0
0
0
0
0
0
0
0
0
0
0
0
0
0
0
0
0
0
0
4.074794769
0
2.95800209
2.95800209
1.777522087
0
0
3.555044174
5.332566261
0
0
1.975898623
0
0
1.845440626
0
3.690881252
7.381762505
1.845440626
3.290225267
1.645112634
0
4.93533802
0
3.212955952
1.606477976
1.606477976
0
1.606477976
4.991473675
0
9.98294735
0
0
4.991473675
14.23609734
14.23609734
28.47219467
0
4.74536562
1.538809538
1.758639574
0
0
0
2.236696243
4.473392487
4.473392487
2.236696243
0
6.544848919
6.544848919
9.81727314
3.272424459
0
4.821445942
4.821445942
0
4.821445942
19.28578377
7.623643398
0
0
11.43546486
0
0
4.495261192
17.98104477
13.48578358
0
0
9.483546257
0
14.22532082
0
0
4.756953716
0
9.513907433
19.02781487
4.632054806
0
0
0
13.89616394
0
0
0
21.39987946
10.69993973
0
17.78485107
5.928283691
11.85656738
17.78485107
0
6.61197567
0
0
0
13.22395134
0
0
7.059727192
0
0
0
0
16.74510574
0
0
0
0
18.58017159
0
0
9.9637537
0
19.9275074
19.9275074
0
0
7.552799225
0
7.552799225
0
0
9.428739548
18.8574791
0
9.428739548
0
0
0
0
0
0
0
0
0
0
0
0
0
0
0
44.79376984
0
0
0
0
0
0
0
0
0
0
0
0
0
0
0
0
0
0
0
0
0
20.40154076
0
0
0
0
0
0
0
0
0
0
0
11.27192688
0
0
0
4.905793667
0
0
0
0
0
0
0
0
0
0
21.7785759
10.88928795
0
0
37.68225479
0
9.420563698
0
0
10.40937042
10.40937042
0
0
12.91488361
12.91488361
0
0
12.91488361
0
7.865613937
0
0
8.989273071
0
0
0
7.788461208
7.788461208
0
0
0
0
0
0
2.818207026
0
0
2.818207026
6.541807175
14.95270348
6.541807175
0
0
0
7.946950436
0
3.973475218
0
0
0
0
0
0
0
0
0
0
3.388901234
3.388901234
0
0
8.045622826
8.045622826
0
0
0
0
0
0
0
0
0
0
0
4.85671854
0
0
4.85671854
0
0
0
0
0
0
2.906214714
2.906214714
0
0
0
0
0
0
0
0
0
0
0
0
0
0
0
0
0
2.464639664
0
0
0
0
0
0
0
0
0
0
0
0.2
7
0
0
0
0
0
2.974470377
2.974470377
0
0
0
1.683367848
0
0
0
0
0
0
0
0
0
0
0
0
4.129181862
0
0
0
0
0
0
0
0
0
0
0
0
0
0
0
0
0
0
0
0
0
0
0
0
0
0
0
0
2.330467463
2.330467463
2.330467463
2.330467463
1.722644091
0
1.722644091
0
1.8177495
0
0
0
2.509930134
2.509930134
5.019860268
5.019860268
5.019860268
2.70126605
2.70126605
0
0
2.70126605
3.27346158
3.27346158
6.546923161
0
0
0
1.508932233
0
0
1.508932233
0
3.593336582
7.186673164
10.78001022
0
3.593336582
0
0
3.278488874
6.556977749
0
4.201795578
12.60538769
24.01026344
16.80718231
0
6.272782803
0
9.409173965
0
9.409173965
10.22847652
10.22847652
0
20.45695305
0
0
0
2.235017061
0
0
4.61399889
7.909712315
0
2.306999445
2.306999445
10.46719074
20.93438148
0
10.46719074
0
20.70924187
0
0
20.70924187
0
10.80719662
5.403598309
0
10.80719662
0
0
23.61233139
5.903082848
11.8061657
0
0
9.691642761
4.845821381
0
0
4.890334606
14.67100239
4.890334606
4.890334606
0
0
0
15.21302319
22.8195343
7.606511593
0
49.52989578
0
0
19.81195641
19.81195641
0
0
0
11.71270943
0
0
0
10.67807579
21.35615158
10.67807579
10.78971863
0
0
0
0
15.1464777
30.2929554
0
0
0
0
0
35.56523895
0
35.56523895
0
0
0
19.25471115
0
21.67285919
0
0
0
0
18.74837494
0
0
0
0
9.60839653
0
19.21679306
0
0
0
0
8.185976982
8.185976982
0
16.37195396
0
0
0
34.04247665
34.04247665
10.2283802
0
0
20.45676041
0
0
0
0
0
0
0
0
0
0
0
16.15796089
0
0
0
0
0
0
0
0
0
0
0
0
0
9.062533379
0
24.8460598
0
0
12.4230299
0
0
0
0
0
0
0
0
6.379680157
7.291063309
0
0
0
0
25.23142242
0
0
0
0
3.430416346
0
0
4.981957436
4.981957436
4.981957436
0
16.28307343
0
0
16.28307343
0
0
9.670802116
0
0
9.670802116
0
13.48491859
0
13.48491859
0
13.09032631
6.545163155
6.545163155
0
13.09032631
0
7.268576622
7.268576622
0
0
0
0
3.491503239
0
10.47450924
6.983006477
7.703001022
0
0
0
6.740125179
0
0
0
0
0
3.129373074
0
0
0
0
0
0
2.907066345
0
0
0
0
0
0
2.22734499
0
0
0
1.399750471
5.599001884
2.183930635
0
0
2.183930635
0
0
0
0
0
0
0
0
0
0
0
0
0
0
0
0
0
0
0
0
0
0
0.2
7
0
0
0
0
0
0
0
0
0
0
2.269598961
0
0
0
0
0
0
0
0
0
0
0
1.52335608
3.04671216
0
0
0
0
0
0
0
0
0
0
0
0
0
0
0
0
6.004822254
1.452718019
0
0
4.35815382
1.452718019
2.809315443
2.809315443
0
0
0
5.875730991
0
4.406797409
1.468932748
1.468932748
3.570180893
0
0
4.732212067
0
0
0
0
0
0
0
5.944725513
0
3.105211735
0
0
0
0
0
0
0
8.518099785
3.6506145
0
0
0.942266226
0.942266226
2.826798677
0
3.881361961
0
7.762723923
3.881361961
0
4.567588329
7.993279934
11.98991966
0
3.996639967
5.818861961
3.879241467
7.758482933
1.939620733
0
19.03339195
0
0
7.250815868
19.03339195
13.15035534
8.766902924
4.383451462
8.766902924
8.766902924
0
0
0
0
0
0
17.42471313
0
4.356178284
0
0
0
0
0
12.47496033
0
0
0
0
0
8.956220627
17.91244125
0
0
0
0
0
0
12.58431816
0
0
0
3.289522648
9.86856842
0
0
2.278627872
11.39314079
4.557255745
4.557255745
2.278627872
10.50721169
7.004807949
0
10.50721169
3.502403975
18.857687
18.857687
0
9.428843498
18.857687
0
13.93486309
0
0
0
0
0
47.80818939
15.93606377
15.93606377
0
12.31863594
0
0
0
0
0
0
10.59667587
0
2.992649317
0
0
0
0
0
0
0
0
0
0
6.471136093
12.94227219
6.471136093
0
30.68367958
10.22789288
0
0
30.68367958
6.170892239
0
0
0
0
0
0
0
26.95884514
0
0
0
7.504834175
0
0
0
0
0
0
0
12.72173882
9.279112816
9.279112816
18.55822563
0
9.279112816
0
0
0
34.68511963
0
0
0
0
0
0
10.64556789
0
0
0
0
10.64556789
0
0
0
0
0
0
0
0
31.66159248
0
0
0
13.27617836
4.425392628
4.425392628
9.347941399
0
0
28.04382324
0
0
0
9.731548309
17.03020859
8.515104294
24.47303391
0
0
0
24.47303391
0
4.188723087
0
4.188723087
0
9.438317299
0
4.719158649
9.438317299
0
0
11.82466793
11.82466793
35.47400284
0
18.24853516
13.68640137
0
0
0
10.71588039
0
0
0
0
5.70563221
5.70563221
5.70563221
5.70563221
5.70563221
5.70563221
0
0
8.065970421
4.03298521
0
4.144473553
0
0
8.288947105
0
0
0
0
0
0
0
4.930679798
4.930679798
4.930679798
0
0
0
0
0
0
0
0
0
4.850423336
0
0
1.646307349
1.646307349
1.646307349
0
0
0
0
0
0
0
2.73952961
2.73952961
2.73952961
0
0
0
0
0
0
0
0
0
0
0
0
0
0
0
0
0
0.2
7
0
0
0
0
0
0
0
0
0
0
0
0
2.108014822
0
0
0
0
0
0
1.702587605
2.223848104
2.223848104
2.223848104
0
0
0
0
0
0
0
0
2.899311304
0
0
0
0
0
0
0
0
0
0
0
0
1.864037395
5.592112541
3.25351119
0
0
0
3.25351119
4.621479034
0
0
0
4.621479034
1.792732477
3.585464954
3.585464954
5.378197193
4.982986927
0
4.982986927
0
0
0
0
0
0
0
0
0
0
0
4.639153481
12.41052818
0
0
0
0
2.081532478
4.163064957
2.081532478
0
2.081532478
0
0
1.34026742
2.68053484
4.020802498
2.68053484
8.32256794
4.16128397
4.16128397
4.16128397
4.16128397
4.882327557
4.882327557
9.764655113
0
0
0
3.172756433
6.345512867
0
6.345512867
0
0
4.951945782
2.475972891
0
0
9.473607063
0
0
0
0
24.1961937
8.065397263
8.065397263
4.032698631
3.630219698
0
0
0
0
14.6858387
0
5.874335289
0
0
15.54192924
7.770964622
0
7.770964622
15.54192924
0
0
0
6.922564507
6.922564507
0
7.622150421
7.622150421
0
7.622150421
33.01403046
0
0
0
0
6.602806568
0
0
8.183221817
24.54966545
0
0
30.47067261
0
0
0
0
0
0
21.16150475
0
0
0
0
0
0
0
0
0
0
0
0
0
0
0
24.27996826
0
0
0
0
0
13.59747028
13.59747028
0
54.38988113
13.59747028
0
0
0
16.45068741
0
0
26.63236618
0
0
0
0
0
20.74836922
0
0
0
0
0
0
0
0
0
0
0
0
0
0
0
11.43697453
0
0
0
0
0
21.51473045
0
0
0
0
0
0
0
13.71443844
0
15.67364502
0
0
0
13.32999802
0
13.32999802
0
16.95443535
9.688249588
0
0
0
0
8.556611061
0
0
0
0
0
13.6175518
13.6175518
13.6175518
17.2918911
0
17.2918911
17.2918911
8.645945549
0
0
0
12.93246174
0
10.8832531
0
0
10.8832531
10.8832531
7.160316467
7.160316467
7.160316467
14.32063293
0
3.765670061
3.765670061
7.531340122
3.765670061
11.29701042
15.35011292
0
0
5.116704464
0
0
0
0
0
11.21657276
0
0
0
7.078691006
0
0
5.748687267
0
17.24606133
0
5.748687267
0
0
4.092422485
0
0
0
4.654169083
0
0
0
0
2.504236221
0
2.504236221
0
6.087510586
0
6.087510586
0
6.087510586
0
0
0
3.399536848
3.399536848
4.085491657
0
0
0
0
0
0
0
0
0
0
0
2.462269783
0
0
0
7.540329456
0
0
0
0
0
0
0
0
0
0
0
0
0
2.628567457
1.278136492
0
0
1.278136492
0
0.2
7
7.023524284
0
0
0
0
0
0
0
0
0
0
0
0
0
0
0
0
0
0
0
0
0
0
0
0
0
0
0
0
0
0
0
0
0
4.080136776
0
6.699131966
2.233044147
0
2.233044147
0
0
5.829540253
2.914770126
0
0
0
0
0
0
0
4.062052727
0
0
0
8.124105453
2.134890795
0
2.134890795
3.665424109
0
3.665424109
3.665424109
0
3.063139677
0
7.001462936
3.063139677
3.063139677
5.738253593
6.558004379
11.47650719
5.738253593
5.738253593
0
4.32648325
4.32648325
8.652966499
8.652966499
3.19888258
0
0
3.19888258
0
8.08907032
0
0
0
0
8.08907032
4.301876068
0
0
4.301876068
4.301876068
0
5.29518795
0
0
0
8.675686836
8.675686836
0
17.35137367
8.675686836
0
0
0
0
13.71209145
3.433106899
10.29932117
10.29932117
3.433106899
3.433106899
0
0
0
28.67290688
19.11527061
4.534570694
0
0
4.534570694
9.069141388
0
6.916032314
0
6.916032314
0
0
0
0
0
0
0
10.19437122
10.19437122
0
0
0
16.24495125
0
0
0
13.24046993
13.24046993
0
0
13.24046993
13.24046993
0
0
0
0
22.23314857
0
0
0
8.695637703
17.39127541
36.08241272
0
12.02747059
0
12.02747059
0
0
6.226000786
0
0
9.490699768
0
8.304362297
8.304362297
0
0
0
0
0
0
0
19.08702087
0
0
0
0
0
0
0
0
0
0
13.31789684
0
0
14.22648335
14.22648335
0
0
14.22648335
0
0
0
0
19.07849693
0
0
0
0
0
0
0
0
0
0
0
0
0
0
0
0
0
32.32154083
0
0
0
0
0
0
0
0
0
0
0
0
0
20.37401962
0
20.37401962
40.74803925
0
0
17.85359573
0
0
0
17.85359573
0
0
0
0
0
7.439648628
0
0
0
0
0
0
0
0
0
0
0
15.02090645
15.02090645
15.02090645
0
34.08018112
6.816035748
13.6320715
6.816035748
0
0
0
0
13.82047558
0
0
9.863893509
9.863893509
9.863893509
0
0
0
12.37751007
0
7.787541389
7.787541389
7.787541389
7.787541389
7.787541389
0
0
0
6.415072441
0
0
0
0
9.698581696
0
0
11.61744976
0
10.1652689
5.082634449
5.082634449
0
0
0
0
0
0
0
0
0
0
0
0
0
0
0
0
0
0
0
3.313990355
4.877867699
0
0
0
0
5.257815361
0
2.628907681
0
0
2.827510357
0
0
0
2.827510357
2.845949411
0
0
0
0
0
0
0
0
0
0
0
0
0
0
0
0
0
0
0
0
0.2
7
0
0
0
0
1.582580447
1.577749014
1.577749014
0
0
0
0
0.73040992
0
0.73040992
0.73040992
0
0
1.143674135
0
0
0
0
0
0
0
1.274681449
0
1.274681449
2.549362898
2.549362898
0
0
0
0
0
0
0
0
2.297575712
0
2.297575712
1.552415133
0
0
3.104830265
1.552415133
5.216032982
1.304008245
1.304008245
0
0
1.060130477
2.120260954
0
0
0
2.303113699
0
0
7.272426605
0
3.636213303
3.636213303
3.636213303
10.08767033
5.043835163
0
10.08767033
0
0
2.314545631
0
4.629091263
0
0
0
0
4.056714535
12.17014408
8.041447639
12.06217194
0
0
0
3.976486921
0
0
0
0
7.952973843
0
3.108819008
6.217638016
9.326457977
3.108819008
4.082700729
0
0
0
0
2.927080631
5.854161263
2.927080631
5.854161263
0
6.321650982
9.482477188
6.321650982
3.160825491
3.160825491
0
0
0
3.902365923
11.70709801
0
3.344810486
10.03443241
3.344810486
10.03443241
0
0
0
9.947089195
0
0
14.64541626
4.88180542
0
29.29083252
7.088667393
0
21.26600266
7.088667393
7.088667393
22.27920151
0
0
16.70940208
11.13960075
0
0
12.59806728
0
6.299033642
0
0
10.75978279
0
10.75978279
0
0
12.93591022
25.87182045
0
0
0
0
22.55341339
22.55341339
11.2767067
6.997460842
0
0
0
20.99238205
0
0
9.63730526
0
19.27461052
0
11.7580595
11.7580595
23.516119
0
0
0
0
8.982208252
0
0
0
0
0
14.90761566
0
25.57574081
0
0
0
0
0
0
43.6486969
0
0
13.09471512
0
0
0
0
0
0
0
0
0
0
18.05842209
0
0
36.11684418
36.85611343
36.85611343
12.28537083
0
0
0
0
0
0
0
0
0
0
0
17.97698975
0
0
11.10811329
0
0
0
0
0
0
0
27.26155472
0
0
0
0
13.63077736
23.97105408
0
23.97105408
0
0
11.34306717
34.02920151
0
0
0
8.143505096
16.28701019
0
8.143505096
16.28701019
0
0
15.60377026
0
0
0
11.98163986
11.98163986
0
0
10.03186417
10.03186417
0
0
0
0
0
10.39489174
10.39489174
0
0
0
0
9.442867279
4.72143364
16.76437187
8.382185936
8.382185936
0
0
0
0
15.47558594
38.68896484
0
0
6.454453945
6.454453945
0
0
0
7.279953003
0
0
0
7.279953003
5.496282578
2.748141289
0
2.748141289
2.748141289
1.358034492
0
1.358034492
0
0
0
0
0
0
0
0
0
0
0
0
0
0
0
0
0
0
0
0
0
0
3.826043844
0
3.826043844
0
0
0
0
0
0
0
0
0
0
0
0
0
0
0
0
0
0
0
0
0
0
0
0
0
0
0
0
0.2
7
0
0
0
0
0
0
0
0
0
0
0
0
0
0
0
0
0
0
0
0
0
0
0
0
0
0
0
0
0
3.000493526
3.000493526
0
0
0
0
0
0
3.203634977
9.610904694
6.407269955
0
0
0
0
0
0
0
0
0
0
3.901976585
1.657129765
1.657129765
1.657129765
0
0
0
0
0
2.807821035
0
0
0
0
0
0
2.395082951
2.395082951
2.395082951
0
0
0
0
0
3.365992069
0
6.731984138
3.365992069
0
0
0
6.433990002
3.216995001
3.216995001
11.93358707
0
0
0
11.93358707
0
6.777959824
20.33387947
0
0
27.11183929
0
17.31552696
0
8.657763481
0
0
0
6.810301304
2.270100355
4.54020071
3.647878885
7.295757771
10.94363689
0
0
5.869325638
8.803987503
0
0
5.869325638
10.44082165
10.44082165
3.480273724
6.960547447
0
6.15869379
24.63477516
0
18.47608185
18.47608185
0
0
3.767852545
0
7.53570509
30.92268753
0
0
15.46134377
0
0
0
0
0
0
22.79417229
0
9.117669106
0
4.558834553
0
11.83598137
0
0
0
0
0
32.97470856
0
13.18988419
0
0
7.583665371
0
0
15.16733074
0
0
9.977970123
0
0
0
0
0
0
15.82495308
0
0
0
29.9793129
0
0
0
23.78403854
0
0
0
0
0
0
0
0
0
0
0
0
0
12.34862995
0
0
0
50.7213974
0
0
0
50.7213974
32.24209213
0
0
0
64.48418427
0
83.00739288
0
0
0
0
0
0
0
0
0
0
0
0
0
0
0
0
45.669487
0
0
0
0
0
0
30.29823875
0
0
0
0
0
7.681081772
23.04324722
15.36216354
0
30.72432709
23.04324722
15.88246536
0
23.82369614
23.82369614
7.941232681
0
12.91217613
12.91217613
38.7365303
0
23.32051468
11.66025734
0
11.66025734
0
36.05063248
0
0
18.02531624
18.02531624
19.41913033
9.709565163
19.41913033
19.41913033
29.12869644
15.50017738
0
15.50017738
0
0
0
0
0
0
0
6.172286034
0
12.34457207
0
0
5.814043999
0
5.814043999
0
0
0
3.905332088
7.810664177
11.71599674
3.905332088
0
0
9.601809502
4.800904751
4.800904751
7.852873325
7.852873325
7.852873325
7.852873325
7.852873325
0
0
2.659819603
0
5.319639206
2.659819603
0
0
0
0
4.032651901
0
0
0
0
4.688925266
0
0
0
0
6.748692036
0
0
0
0
0
1.125455976
0
0
0
0
0
3.393162489
6.786324978
6.786324978
0
0
0
0
0
0
0
0
0
0
0
0
0
0
0
0
0
0
0
0
0
0
0
0
0
0
0
0.2
7
0
0
0
2.688930511
2.688930511
0
0
0
0
0
0
0
0
0
0
0
0
0
0
0
0
0
0
0
0
0
0
0
0
0
0
0
0
0
0
0
0
0
0
0
0
0
0
0
0
0
0
0
0
0
0
0
0
0
0
6.256252289
2.938818932
0
2.938818932
0
1.25154531
1.25154531
0
3.754635811
3.754635811
0
1.909074545
0
1.909074545
3.81814909
3.264974594
4.897461891
3.264974594
0
0
2.046365023
2.046365023
4.092730045
2.046365023
0
2.209924221
4.419848442
0
4.419848442
0
3.296718597
3.296718597
6.593437195
6.593437195
0
9.890155792
3.289456844
6.578913689
3.289456844
0
3.289456844
5.590254307
2.795127153
2.795127153
0
2.795127153
3.832343102
0
7.664686203
3.832343102
0
0
12.99877167
0
0
0
0
7.424374104
14.84874821
0
0
0
12.40246201
0
6.201231003
0
0
4.137904644
8.275809288
0
4.137904644
0
0
6.068508625
0
0
11.94082355
0
11.94082355
5.970411777
0
10.11516666
3.371722221
6.743444443
3.371722221
3.371722221
10.46905422
0
0
10.46905422
20.93810844
6.16217947
0
24.64871788
6.16217947
0
24.64871788
0
8.626362801
8.626362801
0
0
3.650543213
0
0
1.825271606
1.825271606
0
0
18.92181015
9.460905075
0
0
0
10.61525249
0
0
0
0
18.40293121
27.60439682
0
0
27.11446381
18.0763092
0
27.11446381
9.806508064
9.806508064
4.903254032
4.903254032
0
0
0
0
0
0
0
0
0
33.93351746
0
0
0
42.49187851
0
0
21.3086338
42.61726761
0
0
21.3086338
44.45365906
44.45365906
0
0
11.11341476
11.11341476
0
0
24.97008133
0
0
0
16.41766167
16.41766167
0
0
0
16.05695534
0
0
0
0
0
0
0
0
7.533391476
7.533391476
0
7.533391476
22.60017776
0
0
18.55373001
9.276865005
0
18.55373001
0
13.80868912
0
0
13.80868912
0
0
0
0
18.93366051
16.13142014
0
0
16.13142014
0
0
13.28636742
13.28636742
0
13.28636742
6.67675066
13.35350132
13.35350132
0
13.35350132
11.87958241
35.63874817
11.87958241
0
0
8.437133789
0
5.624755859
0
2.81237793
14.43486881
0
0
0
7.217434406
7.235012531
0
7.235012531
7.235012531
0
7.141800404
21.42540169
7.141800404
0
7.141800404
0
0
6.39926815
0
0
0
4.935184956
0
9.870369911
0
4.935184956
0
0
8.921413422
0
0
0
0
0
0
2.855260611
0
0
0
0
0
6.04324913
0
0
0
0
0
0
0
0
0
0
0
0
0
0
0
0
11.81271935
5.906359673
0
0
0
0
0
0
1.100710034
2.201420069
0
1.100710034
0
2.538125515
0
0
0
0
0
0
0
0
0
0
0
0
0
0
0
0.2
7
0
0
0
0
0
0
0
0
0
0
0
0
0
0
0
0
0
0
0
0
0
0
0
0
0
0
0
0
0
5.358465195
2.679232597
0
1.836379528
0
0
1.836379528
0
4.337173939
4.337173939
4.337173939
0
3.458105803
0
0
3.458105803
3.458105803
0
0
5.467123032
0
0
0
4.311294079
2.155647039
2.155647039
4.311294079
7.877458572
0
0
0
0
0
0
0
5.344955444
5.344955444
16.03486633
0
0
10.12482834
5.062414169
10.12482834
0
0
1.786354065
0
3.57270813
1.786354065
1.786354065
3.015294075
0
3.015294075
0
6.03058815
3.880388498
7.760776997
0
3.880388498
0
15.52155399
10.00436306
7.503272533
0
7.503272533
2.501090765
6.708690166
13.41738033
6.708690166
6.708690166
0
0
5.537246227
16.6117382
0
0
7.679004192
7.679004192
15.35800838
7.679004192
0
2.990641117
0
2.990641117
2.990641117
0
0
6.534430027
0
0
0
10.12405491
10.12405491
10.12405491
0
5.062027454
17.73334122
0
0
11.82222748
17.73334122
2.153006315
0
0
4.30601263
2.153006315
0
2.593889713
0
7.78166914
0
0
0
0
4.654609203
13.96382713
0
0
0
6.256147385
12.51229477
0
0
0
0
24.10430908
0
0
0
0
12.70237064
25.40474129
46.97979736
0
0
0
9.395959854
9.595952988
0
0
28.78785896
9.595952988
7.730361462
0
0
7.730361462
7.730361462
15.64769745
0
23.47154427
0
7.823848724
27.20649529
0
0
54.41299057
0
17.2321682
0
17.2321682
34.4643364
17.2321682
0
0
17.40106773
0
0
0
28.8156929
0
0
0
0
0
0
23.73414421
0
0
0
0
0
0
0
0
0
35.47911072
0
0
20.86924553
0
0
0
10.43462276
0
19.37269974
0
0
0
7.689597607
7.689597607
7.689597607
0
23.06879234
0
0
0
0
3.808820486
0
0
35.45153427
0
0
0
0
0
0
0
8.280161858
12.4221611
0
0
12.4221611
0
6.873580933
0
20.62074089
0
6.873580933
9.406437874
0
0
0
9.406437874
0
0
0
0
10.6172533
0
10.24524403
10.24524403
0
0
2.994606256
0
2.994606256
0
5.989212513
0
10.84138584
5.420692921
0
0
0
0
6.894133091
6.894133091
6.894133091
0
0
0
4.282052994
4.282052994
11.13484573
5.567422867
5.567422867
0
0
0
5.69177103
11.38354206
5.69177103
0
0
6.128241062
3.064120531
6.128241062
6.128241062
3.064120531
4.533459187
0
0
0
9.066918373
0
4.013680458
4.013680458
0
4.013680458
0
0
0
0
0
0
0
0
0
0
0
0
0
0
0
0
0
0
0
0
0
0
0
0
0
2.933240891
5.866481781
0
0
0
1.545846462
0
0
0
0
2.976946354
0
0
0
0
0
0
0
0
0
0
0.2
7
0
0
0
0
0
0
2.13267684
0
0
0
0
0
0
0
2.486660242
0
0
0
0
0
0
0
0
0
0
0
5.02315712
0
0
0
0
0
0
0
0
0
0
0
0
0
0
4.112312317
12.3369379
0
16.44924927
0
0
2.351936579
0
0
7.055809975
6.2832551
3.14162755
0
0
0
0
3.304027319
0
0
3.050925493
6.101850986
0
0
0
0
8.878146172
22.195364
13.31721783
3.22879076
6.45758152
3.22879076
3.22879076
6.45758152
2.973543167
0
2.973543167
2.973543167
5.947086334
0
0
0
0
0
0
0
4.272343636
4.272343636
4.272343636
4.272343636
3.576384068
3.576384068
7.152768135
0
0
7.852122307
0
0
0
7.852122307
0
2.66037631
0
5.320752621
7.981129646
5.196751118
5.196751118
0
2.598375559
7.795126915
5.213988304
10.42797661
0
5.213988304
0
2.602535725
0
5.205071449
0
2.602535725
10.10538387
15.15807533
0
0
10.10538387
0
3.791493654
0
0
0
0
0
0
9.818264008
9.818264008
9.512522697
9.512522697
0
0
9.512522697
3.057703018
0
3.057703018
3.057703018
0
22.61091805
7.536972523
0
7.536972523
7.536972523
0
0
0
5.855158806
17.56547546
0
17.25191689
17.25191689
17.25191689
17.25191689
0
6.512308598
0
6.512308598
6.512308598
13.0246172
0
0
13.19816971
0
0
0
17.59560776
5.865202427
0
5.865202427
0
0
16.52440643
0
0
35.73876953
35.73876953
0
17.86938477
17.86938477
0
12.36477089
24.72954178
12.36477089
24.72954178
0
0
5.162847042
0
5.162847042
0
0
0
0
3.716451883
0
0
0
0
0
0
0
0
0
0
0
0
0
0
0
0
0
19.47687149
0
0
0
0
0
0
0
0
12.9734745
12.9734745
0
0
38.92042542
0
0
0
46.82712173
0
17.73697853
0
0
0
0
0
0
0
13.27737141
0
13.27737141
0
23.9414196
0
11.9707098
11.9707098
15.06289387
15.06289387
0
15.06289387
15.06289387
0
27.10781097
0
13.55390549
13.55390549
0
19.73446083
0
19.73446083
0
0
14.15216923
14.15216923
0
0
5.564982891
0
11.12996578
5.564982891
11.12996578
6.618914127
19.85674286
0
6.618914127
19.85674286
0
10.56402302
10.56402302
5.282011509
0
0
9.017773628
9.017773628
0
18.03554726
6.570899963
0
0
6.570899963
0
11.19580269
5.597901344
0
0
11.19580269
11.19580269
12.91276455
0
0
0
0
0
6.932900906
0
0
0
0
16.27494431
0
0
0
0
8.005335808
8.005335808
0
0
16.87131691
0
0
0
0
0
3.277774811
0
0
0
0
0
4.016664505
0
0
3.609470367
0
0
0
0
0
0
0
0
0
0
0
0
0
0
0
0
0
0
0
0
0
0
0
0
0
0.2
7
0
0
0
0
0
0
0
0
0
0
0
0
0
0
0
0
0
0
0
0
0
0
0
0
0
0
0
0
0
3.256368399
3.256368399
2.169744968
4.339489937
4.339489937
0
0
0
0
0
0
0
0
8.470981598
8.470981598
4.235490799
4.235490799
0
0
6.363426208
0
0
0
8.505842209
8.505842209
0
12.75876236
0
7.210960865
0
0
0
4.53056097
0
0
0
1.402044058
2.804088116
4.206131935
0
1.351588368
2.703176737
2.703176737
1.351588368
2.703176737
3.373270988
1.475805879
1.475805879
2.951611757
0
5.111043453
0
0
5.111043453
5.111043453
2.010951757
0
4.021903515
4.021903515
0
0
6.728429794
3.364214897
3.364214897
0
0
0
0
0
4.290950775
4.290950775
0
5.708248615
0
2.854124308
0
0
12.14840031
6.074200153
0
0
3.44289279
0
6.88578558
6.88578558
6.88578558
0
13.67150402
13.67150402
13.67150402
0
0
12.66331387
4.221104622
8.442209244
0
0
0
15.52675819
5.1755867
5.1755867
0
0
0
0
0
0
6.569449902
6.569449902
6.569449902
0
0
0
12.01643562
0
0
12.17272758
12.17272758
12.17272758
0
6.086363792
0
0
0
12.45594501
6.227972507
12.45594501
0
9.112300873
13.66845131
9.112300873
0
19.05617332
19.05617332
0
0
0
15.02044964
0
15.02044964
0
0
15.22595882
0
7.612979412
7.612979412
0
20.44515228
10.22257614
0
0
20.44515228
0
0
30.8302803
0
10.2767601
11.54256439
0
0
23.08512878
46.17025757
9.790036201
11.18861294
0
0
19.5800724
0
0
65.40570068
0
43.60379791
10.21109295
0
0
0
0
0
0
0
0
0
0
0
8.677079201
0
8.677079201
8.677079201
10.11226463
10.11226463
0
0
0
0
6.282473087
12.56494617
0
0
0
0
0
0
0
0
29.95330048
0
0
0
0
24.37889862
0
0
24.37889862
0
0
0
0
0
10.51865292
18.17473984
0
0
0
0
0
0
9.376458168
4.688229084
0
4.941464901
14.82439518
4.941464901
4.941464901
0
6.910030842
0
13.82006168
13.82006168
6.910030842
14.8209362
14.8209362
0
0
0
7.850877762
0
15.70175552
0
7.850877762
0
18.32059669
18.32059669
0
27.48089409
0
8.491129875
25.47339058
8.491129875
8.491129875
7.30571413
7.30571413
14.61142826
0
14.61142826
0
17.84261703
0
17.84261703
17.84261703
15.44592285
0
0
0
0
0
0
5.942974567
0
0
0
0
2.904022455
0
0
0
0
0
3.434210062
0
0
5.050888538
0
0
0
0
0
0
0
0
0
0
0
1.912631631
0
0
0
0
0
0
0
0
0
0
0
0
0
0
0
0
0
0
0
0
0
0
0
0
0
0
0
0
0
0
0
0
0
0.2
7
0
0
0
0
0
0
0
0
0
0
0
0
0
0
0
0
0
0
0
0
4.643163204
2.933782101
0
0
0
0
0
0
0
0
0
0
0
0
0
0
0
0
0
0
0
0
0
0
0
0
0
0
9.51099205
9.51099205
0
12.91094303
6.455471516
0
0
0
0
2.516340733
2.516340733
0
2.260152817
4.520305634
0
4.520305634
2.260152817
6.056963444
0
0
6.056963444
0
0
0
0
0
0
0
0
3.199617863
0
0
0
0
0
1.110287666
3.330862999
0
0
0
3.215046644
9.645140648
0
0
9.787783623
9.787783623
0
0
8.421792984
0
8.421792984
16.84358597
4.210896492
0
6.249453545
18.74835968
0
0
3.15335536
9.460065842
0
3.15335536
3.15335536
0
0
0
5.253352642
15.7600584
0
0
0
0
4.00198698
6.855886459
0
6.855886459
0
0
0
0
5.013519287
2.506759644
0
6.200579166
0
6.200579166
24.80231667
0
5.639540672
5.639540672
0
11.27908134
0
9.488929749
0
0
0
4.744464874
0
0
6.033094406
12.06618881
6.033094406
12.06618881
5.662145615
16.98643684
0
0
11.32429123
0
0
8.130235672
0
0
0
7.347827435
0
14.69565487
0
13.45668316
26.91336632
0
0
13.45668316
8.37884903
0
0
16.75769806
8.37884903
14.27273655
14.27273655
14.27273655
0
0
7.303724289
14.60744858
14.60744858
0
0
0
50.21707916
0
0
0
0
10.49734211
0
20.99468422
20.99468422
0
0
0
0
0
0
6.156657696
0
0
0
0
0
0
0
0
11.0346899
0
0
0
0
0
0
0
0
0
0
0
0
0
0
0
0
0
26.70440102
0
0
40.14598846
0
0
0
0
0
0
0
0
0
0
0
0
0
0
0
10.98712158
10.98712158
0
10.98712158
0
8.780916214
0
0
0
0
0
0
0
11.10375595
11.10375595
0
9.620249748
9.620249748
0
0
9.300737381
55.80442429
0
0
0
0
0
7.106298447
7.106298447
0
9.387246132
0
0
9.387246132
9.387246132
0
0
0
0
8.555033684
0
10.6830101
3.561003685
7.12200737
3.561003685
26.07770538
13.03885269
26.07770538
13.03885269
13.03885269
8.805503845
8.805503845
0
8.805503845
4.402751923
0
1.909375072
1.909375072
3.818750143
0
0
0
0
7.436450481
4.957633495
2.478816748
4.78784132
2.39392066
0
2.39392066
0
0
0
0
4.096579075
0
0
3.861619949
1.930809975
0
0
2.736708403
0
0
0
0
0
1.188284993
0
0
0
2.0911057
2.0911057
2.0911057
0
0
2.411820173
2.411820173
2.411820173
0
0
0
0
0
0
0
0
0
0
0
0
0
0
0
0
0
0
0.2
7
0
0
0
0
0
0
0
0
0
0
0
0
0
0
1.90480876
0
0
0
0
0
0
0
3.505761147
0
3.505761147
0
0
0
0
0
0
0
0
0
0
0
0
1.213181853
1.213181853
0
0
0
0
3.090345383
0
0
0
0
0
1.519358277
0
4.307974815
2.153987408
0
0
4.307974815
1.211079478
1.211079478
2.422158957
3.41836071
3.41836071
6.83672142
6.83672142
6.83672142
0
0
3.097142458
9.291426659
0
0
0
3.285490036
1.642745018
3.285490036
0
0
0
0
4.45376873
5.812086582
2.906043291
2.906043291
0
0
8.475993156
0
8.475993156
0
0
4.237996578
0
0
0
0
0
3.080441236
3.080441236
6.160882473
6.160882473
0
0
2.013367891
6.040103436
0
2.013367891
0
2.995246649
8.985739708
0
5.990493298
2.690337896
5.380675793
5.380675793
0
0
14.45031261
0
0
0
0
5.415932655
0
0
21.66373062
0
8.052297592
0
4.026148796
0
4.026148796
8.136126518
0
0
4.068063259
0
0
10.87028313
10.87028313
5.435141563
0
0
6.451602459
6.451602459
0
0
1.955371261
6.292158127
3.429165602
1.955371261
3.910742521
0
9.981538773
4.990769386
4.990769386
0
4.990769386
14.66361523
0
14.66361523
14.66361523
0
9.877737045
0
0
0
0
0
0
0
0
0
0
0
0
0
0
0
0
0
8.944856644
0
0
13.7172327
20.57585144
13.7172327
0
0
0
0
0
0
0
9.291423798
9.291423798
9.291423798
0
0
0
0
0
0
0
0
0
32.96816635
0
0
0
0
0
0
0
0
0
0
0
0
0
0
0
0
0
0
0
0
0
0
0
0
0
0
0
0
0
0
0
0
0
0
0
39.61625671
13.20541954
0
0
0
0
0
16.24311638
0
23.61826706
11.80913353
11.80913353
0
0
0
0
10.24283791
0
0
0
0
11.02706623
11.02706623
8.367763519
0
16.73552704
8.367763519
0
0
14.15005875
0
0
0
12.03230381
0
9.024227142
0
0
17.15043259
0
0
0
0
7.042390347
0
0
7.042390347
0
0
22.12316322
0
0
0
0
0
0
0
0
3.459275961
6.918551922
0
3.459275961
3.459275961
0
5.218785286
0
0
0
0
0
0
0
0
0
0
0
2.012959719
2.012959719
0
0
0
2.208916903
0
4.417833805
0
0
5.711045742
2.855522871
5.711045742
0
0.951771677
0
0
0
0
3.186301231
3.186301231
0
0
0
0
0
0
0
1.774220228
0
0
1.774220228
0
0
0
0
0
0
0
0
0
0
0
0
0
0
0
0
3.729296923
0.2
7
0
0
0
0
0
0
0
0
0
0
0
0
0
0
0
0
2.451529026
2.451529026
0
0
0
0
0
0
0
0
0
0
0
5.823346138
3.882230759
0
0
0
0
0
0
0
0
3.256537914
0
0
1.118288994
0
2.236577988
0
3.525755644
0
0
0
0
0
0
0
0
11.86534691
0
2.349125385
4.698250771
0
0
0
0
5.390798092
6.793344975
3.396672487
3.396672487
0
6.793344975
3.784389973
0
3.784389973
0
3.784389973
4.409916878
7.559857368
2.204958439
4.409916878
4.409916878
0
6.49411726
0
4.329411507
0
0
9.611810684
14.41771603
0
0
14.41771603
0
0
5.844311237
0
0
0
0
0
3.287238121
0
0
0
10.72345066
0
0
5.86040163
5.86040163
11.72080326
0
5.86040163
0
4.567340851
4.567340851
4.567340851
0
8.098452568
0
0
0
8.098452568
0
0
0
0
10.63111973
14.98965263
7.494826317
9.993102074
4.996551037
0
0
0
6.013634682
9.020452499
9.020452499
0
0
0
9.503765106
4.751882553
0
0
6.563745499
0
0
14.5271101
7.26355505
7.26355505
7.26355505
7.26355505
0
20.21356392
0
0
30.32034683
20.21356392
36.31310272
0
0
0
0
0
16.27554131
0
0
0
5.355123997
10.71024799
5.355123997
5.355123997
0
0
0
0
29.96973419
0
0
0
13.05682659
6.528413296
0
0
0
16.56111908
49.68335724
0
0
0
0
0
0
0
0
0
0
7.39976263
57.12010574
0
0
0
0
0
0
0
0
0
0
0
0
0
0
0
0
0
0
0
0
0
0
0
0
0
0
0
0
0
0
0
0
0
39.21058655
0
0
0
0
0
6.963073254
46.63636017
0
0
11.65909004
0
11.65909004
0
0
0
0
34.89719772
0
0
0
0
0
0
18.06064796
0
9.030323982
0
19.7692318
0
39.53846359
0
19.7692318
0
0
22.34504318
22.34504318
0
18.59346962
0
0
9.29673481
9.29673481
0
0
12.92661095
0
0
3.900554895
0
3.900554895
0
0
4.519820213
0
9.039640427
9.039640427
0
4.484912395
4.484912395
0
4.484912395
0
0
0
0
0
26.89361572
5.693908691
0
5.693908691
0
0
5.693908691
0
0
0
2.089896917
2.089896917
0
0
0
3.732064247
3.732064247
4.172868252
0
0
0
0
0
1.87371397
1.87371397
0
3.74742794
1.376831889
1.376831889
0
0
0
0
0.730829597
0
0
0
0
0
0
0
3.901500702
0
0
0
0
0
0
0
0
0
0
0
4.19146347
0
0
0
0
0
0
0
0
0
0
0
0
0
0
0.2
7
0
0
0
0
0
0
0
0
0
0
0
0
0
0
0
0
0
0
0
0
0
0
0
0
0
6.80053997
0
0
0
0
0
0
0
4.551211834
0
0
0
1.16637671
0
0
0
4.034116268
1.344705462
0
0
2.689410925
5.988244057
1.996081471
1.996081471
0
0
0
1.592466235
0
0
0
0
0
0
0
0
0
2.682468653
2.682468653
0
0
0
4.699721336
0
0
9.564939499
4.782469749
4.782469749
0
9.571073532
9.571073532
6.380715847
0
6.380715847
11.21085739
5.605428696
0
5.605428696
28.02714157
0
9.283468246
13.92520142
0
4.641734123
4.641734123
0
0
0
3.879070997
0
0
6.85348177
6.85348177
6.85348177
0
9.90965271
6.606435299
3.303217649
0
0
0
4.649366379
4.649366379
4.649366379
0
0
4.182266235
8.364532471
4.182266235
0
8.491563797
0
8.491563797
4.245781898
4.245781898
5.471255302
2.735627651
5.471255302
5.471255302
5.471255302
0
0
0
0
6.924642086
0
0
6.560646057
13.12129211
6.560646057
0
6.452488899
19.35746574
0
6.452488899
0
0
11.35000324
0
0
5.463162422
0
0
0
0
5.463162422
6.345968723
12.69193745
19.03790665
6.345968723
12.69193745
0
28.86051941
0
9.620172501
0
0
0
12.30464745
0
0
0
0
13.47116947
0
26.94233894
0
0
0
0
6.116229057
0
9.134140968
0
0
0
0
33.70525742
0
0
11.23508549
0
0
11.87716579
11.87716579
35.63150024
23.8153286
0
0
0
0
0
0
6.47123003
0
0
0
0
0
0
0
0
5.806004524
0
0
0
0
0
0
0
0
0
0
0
0
0
0
0
0
0
0
0
0
0
0
0
0
0
0
44.71382523
0
0
0
0
0
0
0
38.55170822
0
0
0
0
0
6.825489998
0
0
0
0
20.24193192
0
0
10.12096596
0
10.09547329
0
0
0
0
7.651099682
0
0
15.30219936
15.30219936
7.777671814
0
7.777671814
0
7.777671814
0
0
0
6.608161449
0
0
31.19737244
20.79824638
0
0
12.03630257
0
0
0
0
0
0
0
11.18472004
0
20.04736328
0
0
10.02368164
10.02368164
0
0
0
10.79640579
21.59281158
10.79640579
0
7.087917805
0
0
0
0
0
0
18.99593353
0
0
0
0
0
0
11.15249634
0
0
0
0
0
0
0
0
0
0
0
0
0
0
0
0
0
0
0
0
0
0
0
0
0
0
0
0
0
0
0
0
0
0
0
0
0
0
0
0
0
0
0
0
0
0.2
7
0
0
0
0
5.073831081
0
0
0
0
0
0
0
0
0
0
0
0
0
0
0
0
0
0
0
0
0
0
0
0
0
0
0
0
0
0
0
0
0
0
0
0
0
0
0
0
0
0
0
0
0
0
0
0
0
0
0
0
2.031568289
4.063136578
4.063136578
5.829000473
0
0
0
11.65800095
3.491342068
3.491342068
0
0
0
4.697446346
4.697446346
9.394892693
23.48723221
4.697446346
6.312123299
12.6242466
18.93636894
0
18.93636894
0
0
5.471776485
10.94355297
10.94355297
0
16.27947235
0
8.139736176
0
0
8.136365891
12.20454979
0
0
4.068182945
8.372048378
0
0
4.186024189
8.372048378
0
8.275963783
0
4.137981892
12.41394615
0
3.313019514
0
3.313019514
3.313019514
0
0
0
9.002264023
0
5.727493763
0
8.591240883
0
0
0
2.365124941
2.365124941
0
0
11.50988483
0
5.754942417
0
5.754942417
0
12.44571209
0
0
12.44571209
27.41285706
13.70642853
6.853214264
0
0
18.73625374
12.49083614
6.245418072
0
0
8.552337646
0
8.552337646
0
0
0
0
0
0
0
21.31912613
0
10.04619122
0
20.09238243
10.04619122
0
26.70640755
0
0
13.35320377
0
0
0
13.52808762
6.764043808
0
0
0
0
0
0
19.25979424
0
0
9.629897118
6.241909504
6.241909504
6.241909504
0
0
12.3834219
0
0
12.3834219
0
0
0
0
3.240372896
0
0
0
0
18.73375893
18.73375893
0
6.9057827
20.7173481
27.6231308
6.9057827
0
0
0
0
0
0
0
0
0
0
0
16.20165443
0
0
0
0
0
0
0
0
0
0
0
0
23.28125381
0
0
0
0
0
0
0
36.65649414
0
0
18.32824707
18.32824707
8.834923744
4.417461872
0
0
4.417461872
0
0
0
0
32.78545761
0
9.369031906
18.73806381
18.73806381
0
0
0
0
14.08335972
28.16671944
0
0
39.40089798
19.70044899
19.70044899
23.24302292
0
23.24302292
0
23.24302292
11.04570007
11.04570007
0
0
0
0
5.831171513
10.20454979
5.102274895
0
9.87497139
0
4.937485695
4.937485695
0
0
0
8.344477654
0
0
6.756956577
6.756956577
3.378478289
0
0
0
0
0
0
3.621985197
0
0
8.696440697
2.174110174
0
0
2.16273427
0
0
0
0
0
0
0
0
0
0
0
2.829067469
0
0
0
4.408872604
4.408872604
0
0
0
5.415430069
0
0
0
0
0
0
0
10.99907684
4.859572887
0
0
0
0
0
0
0
0
0
0
0
4.874732018
0
0
0
0
0
0
0
0
0
0
0
0
0
0.2
7
0
0
0
0
0
0
0
0
0
0
0
0
0
0
0
0
0
0
0
0
2.107222319
4.214444637
0
0
0
0
0
0
0
0
5.642370224
1.787027478
0
0
0
0
0
0
0
0
0
0
0
0
0
0
0
0
0
0
0
0
0
0
3.61469245
3.61469245
2.588936329
0
0.862978697
2.451356411
0
3.677034378
2.451356411
0
6.385709763
0
0
3.192854881
0
0
0
0
0
0
0
0
0
0
6.497617722
2.888821602
2.888821602
1.444410801
5.777643204
1.444410801
2.084410429
2.084410429
0
2.084410429
6.253231525
0
3.186401606
3.186401606
9.559205055
3.186401606
0
5.989789963
5.989789963
11.97957993
5.989789963
0
0
4.518468857
0
4.518468857
9.036937714
6.639630318
0
13.27926064
13.27926064
13.27926064
4.787577152
0
0
0
14.36273193
0
0
0
0
0
0.2
7
0
0
0
0
0
0
0
0
0
0
0
0
0
0
0
0
0
0
0
0
0
0
0
0
6.443164825
0
0
0
0
0
0
0
0
0
0
0
2.986961365
0
0
0
0
0
0
0
0
0
0
0
0
0
0
0
0
3.377012491
3.377012491
6.754024982
9.894378662
0
0
7.213876247
0
0
3.606938124
0
0
2.075755119
2.075755119
4.151510239
2.075755119
13.08711338
6.54355669
0
0
0
0
3.276667833
3.276667833
0
0
2.489810228
2.489810228
4.979620457
2.489810228
2.489810228
0
0
0
0
5.303818703
0
0
0
0
3.06301403
9.189042091
6.879573345
0
0
2.293191195
6.879573345
0
0
0
7.135908604
7.135908604
5.532478809
5.532478809
2.766239405
2.766239405
5.532478809
0
3.98885417
0
0
0
0
0
1.554008365
3.108016729
6.216033459
3.286268711
3.286268711
6.572537422
0
6.572537422
6.806188107
0
6.806188107
0
6.806188107
24.03284645
0
18.02463531
0
0
6.195109367
12.39021873
0
0
0
0
0
0
0
5.865186214
0
6.846288204
0
3.423144102
0
0
0
5.794409275
0
0
0
9.963330269
0
9.963330269
19.92666054
9.963330269
0
0
0
0
23.01646996
4.600626469
4.600626469
9.201252937
4.600626469
4.600626469
11.08254337
0
0
0
0
0
0
13.15363598
4.384545326
13.15363598
0
0
11.60235023
0
23.20470047
0
10.48397255
10.48397255
0
10.48397255
19.65719032
19.65719032
9.828595161
29.48578644
0
34.15725708
0
0
0
34.15725708
0
0
21.27987099
21.27987099
10.63993549
0
0
16.83628654
0
0
0
0
0
0
0
0
0
0
0
0
0
0
13.95703316
27.91406631
0
0
1.13143158
6.110267162
5.777172089
12.00372314
25.6397419
40.88310623
13.62770176
0
13.62770176
0
0
0
0
18.45816994
18.45816994
0
13.17415714
0
0
26.34831429
13.17415714
0
0
11.9314537
0
11.9314537
0
10.95389652
10.95389652
0
10.95389652
0
0
20.78886604
0
10.39443302
9.900210381
9.900210381
19.80042076
0
9.900210381
0
0
9.461797714
9.461797714
18.92359543
12.52020264
0
6.260101318
12.52020264
0
6.499642849
0
19.49892807
0
0
5.499038219
10.99807644
0
0
5.499038219
10.67369747
0
0
0
0
0
5.527768612
8.291652679
5.527768612
0
0
0
9.987787247
9.987787247
0
0
0
0
0
0
0
4.466823101
4.466823101
0
0
0
0
1.39916873
0
0
1.39916873
0
0
0
5.2521348
2.6260674
0
0
0
0
0
0
0
0
0
0
0
0
0
0
0
0
0
0
0
0
0
0
0
0
0
0
0
0
0
0
0
0
2.780052662
0
0
0
0
0
2.976958036
0
0
