19790101
-99
-99
-99
-99
-99
-99
-99
-99
-99
-99
-99
-99
-99
-99
-99
-99
-99
-99
-99
-99
-99
-99
-99
-99
-99
-99
-99
-99
-99
-99
-99
-99
-99
-99
-99
-99
-99
-99
-99
-99
-99
-99
-99
-99
-99
-99
-99
-99
-99
-99
-99
-99
-99
-99
-99
-99
-99
-99
-99
-99
-99
-99
-99
-99
-99
-99
-99
-99
-99
-99
-99
-99
-99
-99
-99
-99
-99
-99
-99
-99
-99
-99
-99
-99
-99
-99
-99
-99
-99
-99
-99
-99
-99
-99
-99
-99
-99
-99
-99
-99
-99
-99
-99
-99
-99
-99
-99
-99
-99
-99
-99
-99
-99
-99
-99
-99
-99
-99
-99
-99
-99
-99
-99
-99
-99
-99
-99
-99
-99
-99
-99
-99
-99
-99
-99
-99
-99
-99
-99
-99
-99
-99
-99
-99
-99
-99
-99
-99
-99
-99
-99
-99
-99
-99
-99
-99
-99
-99
-99
-99
-99
-99
-99
-99
-99
-99
-99
-99
-99
-99
-99
-99
-99
-99
-99
-99
-99
-99
-99
-99
-99
-99
-99
-99
-99
-99
-99
-99
-99
-99
-99
-99
-99
-99
-99
-99
-99
-99
-99
-99
-99
-99
-99
-99
-99
-99
-99
-99
-99
-99
-99
-99
-99
-99
-99
-99
-99
-99
-99
-99
-99
-99
-99
-99
-99
-99
-99
-99
-99
-99
-99
-99
-99
-99
-99
-99
-99
-99
-99
-99
-99
-99
-99
-99
-99
-99
-99
-99
-99
-99
-99
-99
-99
-99
-99
-99
-99
-99
-99
-99
-99
-99
-99
-99
-99
-99
-99
-99
-99
-99
-99
-99
-99
-99
-99
-99
-99
-99
-99
-99
-99
-99
-99
-99
-99
-99
-99
-99
-99
-99
-99
-99
-99
-99
-99
-99
-99
-99
-99
-99
-99
-99
-99
-99
-99
-99
-99
-99
-99
-99
-99
-99
-99
-99
-99
-99
-99
-99
-99
-99
-99
-99
-99
-99
-99
-99
-99
-99
-99
-99
-99
-99
-99
-99
-99
-99
-99
-99
-99
-99
-99
-99
-99
-99
-99
-99
-99
-99
-99
-99
-99
-99
-99
-99
-99
-99
-99
-99
-99
-99
-99
-99
-99
-99
-99
-99
-99
-99
-99
-99
-99
-99
-99
-99
-99
-99
-99
-99
-99
-99
-99
-99
-99
-99
-99
-99
-99
-99
-99
-99
-99
-99
-99
-99
-99
-99
-99
-99
-99
-99
-99
-99
-99
-99
-99
-99
-99
-99
-99
-99
-99
-99
-99
-99
-99
-99
-99
-99
-99
-99
-99
-99
-99
-99
-99
-99
-99
-99
-99
-99
-99
-99
-99
-99
-99
-99
-99
-99
-99
-99
-99
-99
-99
-99
-99
-99
-99
-99
-99
-99
-99
-99
-99
-99
-99
-99
-99
-99
-99
-99
-99
-99
-99
-99
-99
-99
-99
-99
-99
-99
-99
-99
-99
-99
-99
-99
-99
-99
-99
-99
-99
-99
-99
-99
-99
-99
-99
-99
-99
-99
-99
-99
-99
-99
-99
-99
-99
-99
-99
-99
-99
-99
-99
-99
-99
-99
-99
-99
-99
-99
-99
-99
-99
-99
-99
-99
-99
-99
-99
-99
-99
-99
-99
-99
-99
-99
-99
-99
-99
-99
-99
-99
-99
-99
-99
-99
-99
-99
-99
-99
-99
-99
-99
-99
-99
-99
-99
-99
-99
-99
-99
-99
-99
-99
-99
-99
-99
-99
-99
-99
-99
-99
-99
-99
-99
-99
-99
-99
-99
-99
-99
-99
-99
-99
-99
-99
-99
-99
-99
-99
-99
-99
-99
-99
-99
-99
-99
-99
-99
-99
-99
-99
-99
-99
-99
-99
-99
-99
-99
-99
-99
-99
-99
-99
-99
-99
-99
-99
-99
-99
-99
-99
-99
-99
-99
-99
-99
-99
-99
-99
-99
-99
-99
-99
-99
-99
-99
-99
-99
-99
-99
-99
-99
-99
-99
-99
-99
-99
-99
-99
-99
-99
-99
-99
-99
-99
-99
-99
-99
-99
-99
-99
-99
-99
-99
-99
-99
-99
-99
-99
-99
-99
-99
-99
-99
-99
-99
-99
-99
-99
-99
-99
-99
-99
-99
-99
-99
-99
-99
-99
-99
-99
-99
-99
-99
-99
-99
-99
-99
-99
-99
-99
-99
-99
-99
-99
-99
-99
-99
-99
-99
-99
-99
-99
-99
-99
-99
-99
-99
-99
-99
-99
-99
-99
-99
-99
-99
-99
-99
-99
-99
-99
-99
-99
-99
-99
-99
-99
-99
-99
-99
0
0
0
0
0
0
0
0
0
0
0
0
0
0
3.391386986
0
3.629835367
0
0
0
0
0
4.134606838
0
0
0
0
0
0
0
0
0.44478932
0.44478932
0.44478932
0.44478932
0.44478932
0
0
0
0
0
0.581652105
0.581652105
0.581652105
0.581652105
0.581652105
0
0
0
2.893222809
12.41674709
0
0
0.675390661
5.808359146
0
0.545933902
0.545933902
0.545933902
0
0
2.33529377
15.38996696
1.378206134
0
0.787913799
0
9.533756256
5.318417549
15.79881859
1.953365207
1.601759553
1.086071014
26.54232979
23.23145103
0
1.405800581
2.76394701
0.452715486
0
0
0
0.247780547
8.492115974
26.41567993
0
1.097203016
1.304222345
0
0
19.99680901
0.613109767
0
0
0.707434297
10.45683479
1.686586142
0.393536776
0.449756294
1.517927527
7.56351757
0
0
0
0
0.710323334
0
2.426937819
3.965972185
0.295968026
0.09006983
3.566765785
0.126097769
1.351047635
1.441117287
0.937258482
0
0.539633691
16.18901253
9.088567734
12.98672867
46.71142578
7.071307659
2.311773539
0
4.834388256
3.916466475
3.304518461
0
7.067998409
6.262613773
3.953670502
0
0
0
0
0
1.498648405
17.79164696
0
8.112658501
15.15658379
6.509557724
0
18.36278534
5.100038052
12.0642271
1.547597647
2.251051426
1.231043577
2.708296061
0
0
15.39673424
0
0
0
9.646081924
0
0
6.896716118
19.22769165
0
4.503327847
0
0
0
4.467848301
9.503642082
2.839734077
10.75312424
11.59116554
0
21.11815262
9.156492233
10.9560318
9.643427849
0
0
6.952239513
11.21328926
7.226416111
9.216299057
0
7.78497982
0
0
0
57.71797943
0
0
6.842335224
0
0
15.71598816
0
16.19663429
0
0
0
0
0
0
7.185092926
0
5.369912148
0
19.01556396
0
0
0
0
0
6.649461269
0
8.857186317
8.357821465
4.753417969
0
6.581655979
4.680288315
5.960054874
8.008572578
0
0
0
12.9222002
0
0
33.64468002
0
0
0
6.400019646
0
0
0
0
0
10.33440018
0
0
8.407646179
12.89775467
4.427587032
6.128037453
0
5.293854237
5.098063946
0
26.34976387
3.398709297
8.067050934
4.350946903
13.79342842
0
0
14.9505949
2.930536032
6.432883263
8.112581253
15.58187199
5.861071587
4.24272871
41.71607971
0
11.98019028
6.033013344
0
5.525272846
11.78237057
0
8.013475418
6.200354576
0
9.689624786
6.200354576
0
8.163389206
0
0
0
0
4.052777767
6.19386816
0
24.31666946
5.543894291
0
0
8.192811012
9.363213539
0
2.987144709
0
0
7.196304321
7.332082748
18.05412102
0
10.502635
0
4.600327969
13.28019428
8.011597633
0
0
0
0
0
0
0
5.484640121
1.020398021
0
0
0
3.108507872
0
0
0
0
0
0
0
0
0
0
0
0
0
0
0
0
0
0
0
0
0
0
3.830811262
0
0
0
0
0
6.405930519
0
0
0
0
3.291423559
0
0
0
0
0
0
0
0
0
0
0
0
0
0
0
0
0
0
0
0
0
0
0
0
0
0
0
0
0
0
3.819812298
0
1.562650561
6.540613174
0
0
0
0
0
0
0
0
0
0
0
0
0
0
0
0
0
3.269651651
0
0
0
0
0
9.011481285
0
0
0
4.878967762
19.27592087
0
8.397760391
0
0
0
33.59104156
6.109809875
4.009562492
3.054904938
1.00476253
0
6.530956268
0
0
0
0
0
0
1.665118933
4.489860058
0
2.739575624
0
1.598085761
0.706127763
0
28.16945267
26.45457077
0
0.443831354
13.06528568
0
0
0
0
0.981931269
0
0.245482817
1.472896695
0
0
0
5.438480854
2.175392389
4.350784779
0.862385631
6.985323906
9.486243248
0.517431378
18.54129219
12.06656265
0
0
1.138355017
0
0.524164021
0
0
0.602788746
6.932070732
0
11.5411911
2.524635315
2.524635315
0
7.295804024
0
0
16.67612267
8.338061333
5.42295599
5.42295599
5.42295599
0
5.42295599
4.589702129
12.04796791
8.031978607
8.031978607
0
5.782416344
5.782416344
0
0
0
0
0
0
11.91627789
0
0
0
10.11412907
0
5.057064533
3.64909029
13.17232323
0
1.513037205
5.96314621
2.047050476
0
6.765604496
0
23.00739288
0
0
0
0
13.33734894
5.378978252
0
0
0
0
0
3.21374011
9.023194313
10.25924778
0
0
0
1.997315168
3.837443829
0
0
23.60497284
11.80248642
0
13.48855686
0
0
0
0
31.92990303
23.74275208
0
0
0
0
0
18.66005325
0
0
21.32577705
0
0
0
11.1426506
0
12.73445797
0
15.75860596
0
0
0
0
0
0
0
0
0
0
0
0
0
0
0
0
0
0
0
0
9.927671432
19.85534286
0
0
0
30.70963287
0
0
0
0
0
13.21556282
0
0
0
31.02073669
0
0
0
0
5.933834553
4.474229813
0
1.070204854
0
17.5987854
0
0
0
0
6.702171326
0
4.59923172
7.594783306
11.15011215
0
0
0.553024113
0
8.614242554
0
0
0
6.203474998
2.400096416
0
0
0
0
20.60170364
0
0
9.162848473
0
0
2.783475161
10.10840893
1.873090386
0
6.979615688
50.36942291
0
0
0
0
0
0
0
20.64085007
11.79477215
0
7.780945778
3.890472889
0
8.892510414
10.60678864
0
0
0
0
9.280940056
0
0
0
12.51828575
0
0
0
5.380428314
5.380428314
0
0
0
0
12.35473251
0
0
0
8.308804512
0
0
0
0
0
0
0
0
0
0
0
8.34910965
0
0
0
0
0
0
0
0
0
0
0
0
0
0
0
0
0
0
3.22813797
0
0
0
6.429188251
0
0
0
0
0
0
0
0
-0.2
7.2
0
0
0
2.6937747
2.6937747
0
0
0
0
0
0
0
0
0
0
0
0
0
0
0
0
0
0
0
0
0
0
0
0
0
0
0
0
0
0
0
0
0
0
0
0
0
0
0
0
0
0
0
0
0
12.32822895
0
0
0
0
0
0
0
0
0.515708804
0.515708804
0.515708804
0.515708804
0.515708804
0
0
0
0
0
0
0
0
0
0
0
0
0
0
0
0
10.64181995
0
0
0
0
8.860658646
20.16563797
0
10.6938982
3.972019196
6.53507185
0
6.53507185
0
0
0
6.783001423
0.589826226
3.760142326
4.276240349
8.605025291
0
0
0
0
13.51366615
4.504555225
4.504555225
13.51366615
9.009110451
0
0
9.423764229
0
0
4.762393951
9.524787903
4.762393951
0
0
3.351518154
3.351518154
0
3.83030653
0
6.245282173
0
0
0
0
0
0
0
8.60744381
8.60744381
30.11228561
3.345809698
0
5.313932419
5.117120266
10.55057144
0
0
10.55057144
4.019265175
11.11835766
2.413853884
11.41094494
2.925883293
13.53221226
9.801709175
15.58980942
15.58980942
38.97452545
0
7.794904709
0
0
0
12.11057377
40.79351425
17.7167511
14.76395988
0
12.549366
16.11732101
0
11.03762817
4.540797234
15.99757576
2.934053421
0
0
0
0
0
0
0
0
0
0
0
0
0
0
0
0
0
0
0
0
0
0
48.59505844
0
0
0
0
0
0
0
0
0
0
0
0
0
0
0
0
0
0
0
0
0
0
0
0
0
0
0
0
0
0
0
0
0
0
0
0
0
0
0
0
0
0
0
0
0
0
34.07048416
0
0
0
7.523421764
0
7.523421764
7.523421764
0
0
0
15.2774868
0
22.76411247
7.588037491
17.34408569
0
0
22.97846985
16.57940292
0
0
14.03431892
0
26.63142395
0
13.31571198
13.31571198
0
0
15.4945755
0
15.4945755
2.377188921
0
0
0
7.48677969
0
0
0
7.063175201
7.063175201
0
0
16.54960251
0
0
0
4.888715267
0
4.888715267
11.17420864
7.068086147
0
7.068086147
0
0
0
0
0
0
0
0
0
0
0
0
0
0
0
0
0
0
0
0
0
0
12.83043385
7.350617409
0
0
0
0
0
9.372659683
0
0
0
0
13.52524471
0
0
6.762622356
0
0
10.70606136
0
0
0
0
0
0
0
0
8.529818535
0
0
0
0
0
3.693943024
0
0
0
3.572721958
0
0
0
0
0
0
0
0
0
-0.2
7.2
0
0
0
0
0
0
0
0
0
0
0
0
0
0
0
0
0
0
0
0
0
0
0
0
0
0
0
0
0
0
5.673894405
0
3.0479846
0
0
0
0
0
0
0
0
0
0
0
0
0
0
0
0
0
0
0
0
0
0
4.082317352
0
0
0
0
0
0
0
3.698294163
7.396588326
0
0
1.308431387
7.454094887
5.630219936
5.219221115
0
0
0
24.70027161
0
20.02232361
0
0
20.77788353
1.7216717
1.967625141
41.07417297
0
0
0
6.320165157
0
0
0
3.160082579
0
0
11.81256199
16.496521
0.622389197
0
0
0
9.829358101
0
0
3.750556946
11.25167084
0
0
0
2.737539768
0
6.7385602
2.105799913
12.35276985
18.52915573
6.176384926
0
6.176384926
1.275071621
0.991722286
0
0
3.541864872
0
7.204395771
0
0
0
0
0
0
6.808866501
0
0
0
25.22125053
0
0
21.75537682
4.795914173
0
29.95708656
0
0
0
0
0
8.012324333
0
0
0
0
0
53.10355759
7.15355587
0
0
0
0
0
0
30.25853157
0
0
4.910036564
0.88317591
6.529193401
0
0
26.31571388
8.771904945
8.771904945
0
8.771904945
0
0
0
0
0
5.418363094
17.3482666
0
0
4.230125427
13.96106911
0
0
6.980534554
0
0
6.53762579
8.320615768
0
13.93702984
0
0
7.246225357
21.73867416
7.246225357
8.25404644
16.50809288
24.76214027
16.50809288
0
12.99711227
12.99711227
0
12.99711227
25.99422455
3.53253603
0
0
0
7.469293118
8.137134552
34.07520676
29.93804741
0
0
18.27875519
4.746338367
0
0
0
14.13195419
0
7.397751331
4.647801876
0
6.623118401
0
10.50518227
0
0
31.5155468
24.55483055
0
0
0
0
10.72493553
10.7629652
0
8.024684906
15.09857845
0
0
0
3.234092712
0
10.52488804
0
0
13.35866833
6.896801472
6.617200851
0
0
6.892692089
20.67807579
0
0
29.97311592
5.005948067
15.99817562
3.69188714
16.69623947
0
8.348119736
0
0
5.93180418
20.33761597
5.93180418
11.86360836
0
7.960711956
14.6075182
14.24684048
4.740359306
2.962724447
5.380746365
5.380746365
0
10.76149273
0
0
15.76678944
0
7.883394718
0
13.77399445
0
12.05224419
0
0
9.422495842
0
0
9.422495842
0
0
0
22.95663452
0
0
0
5.526797295
0
0
0
2.763398647
0
0
0
0
5.125243187
0
0
3.833097696
3.833097696
11.49929237
0
6.365103722
12.73020744
0
0
0
0
0
4.268606663
0
3.969296932
0
0
0
0
0
0
0
0
0
0
0
0
0
0
0
0
0
0
0
0
0
0
0
0
0
0
0
5.145922661
5.145922661
0
0
0
0
0
0
-0.2
7.2
0
0
0
0
0
0
0
0
0
0
0
0
0
0
3.307404995
3.37898016
0
0
0
0
0
0
0
0
0
0
0
0
0
5.178376198
0
0
0
0
0
0
0
0
0
0
0
0
0
0
0
0
0
0
0
0
0
0
0
0
0
3.288231134
9.613526344
0
0
0
0
0
6.936780453
3.468390226
5.359636307
0
0
4.68968153
5.359636307
3.111269951
3.745606184
1.721770525
4.833040237
0
15.23204517
0
0
0
0
0
2.027436256
4.054872513
2.317069769
6.082309246
4.972655773
0
4.972655773
0
4.972655773
9.945311546
14.17116451
0.123062871
0
18.61089325
5.765022278
0
0
6.915604591
0
6.915604591
0.76851964
5.949829578
0
19.5352726
4.685490608
2.290003061
2.617146492
5.234292984
0
4.580006123
0
0
4.78474617
1.59491539
1.822760582
5.99001503
2.620631456
10.48252583
0
2.995007515
5.471151829
16.41345596
5.471151829
0
0
9.439892769
9.439892769
10.78844929
0
0
6.456178188
0
0
0
7.378489494
0
1.364665627
44.48586273
4.664472103
0
0
0
0
8.589987755
0
0
0
4.331790447
0
0
0
16.2009182
0
0
0
0
9.089081764
0
10.3875227
9.089081764
10.3875227
21.97190857
21.97190857
0
0
0
0
0
0
0
37.38581085
9.55646801
0
0
9.55646801
9.55646801
0
10.29807186
5.149035931
0
0
34.93068314
17.46534157
0
8.732670784
0
8.567012787
17.13402557
17.13402557
0
25.70103836
0
0
10.55365562
42.2146225
0
0
0
9.705966949
0
0
0
0
7.932570457
0
0
8.883361816
6.389786243
17.72775841
10.01326275
0
12.11721706
12.1804285
9.49293232
0
0
11.55190182
8.174240112
6.607066154
0
11.94970703
13.67716217
14.48745441
7.243727207
16.55709076
21.73118019
14.48745441
15.05330276
15.05330276
0
0
0
0
4.80835247
4.80835247
4.80835247
4.80835247
0
0
8.310096741
0
8.310096741
0
7.244412422
15.84715176
13.10219955
14.26243877
0
22.36097527
0
0
22.36097527
11.18048763
0
25.27142525
34.20442963
13.11723328
4.914811134
7.899065018
8.294018745
0
11.70308971
12.70086479
0
0
0
7.744238853
95.94884491
0
5.772830009
26.3823719
0
0
10.00980377
0
0
11.43977642
5.71988821
1.169097185
0
0
1.159104943
1.438888907
0
19.20625114
0
0
0
6.018627167
6.018627167
0
0
0
0
0
0
0
0
0
13.78621578
13.78621578
0
27.57243156
0
0
0
0
3.559228182
0
10.47388935
10.47388935
0
0
0
0
0
0
0
0
0
3.074534655
0.981234431
0
0
7.513147354
0
0
13.66026878
0
0
0
0
0
4.586513996
0
0
9.895862579
0
0
0
0
0
0
0
0
0
0
0
0
0
0
0
0
0
0
0
0
0
0
0
0
0
0
0
0
-0.2
7.2
0
0
0
0
0
0
0
0
0
0
0
0
0
0
0
0
0
0
0
0
0
0
0
0
0
0
0
0
4.816827297
0
0
0
8.015305519
0
0
0
0
8.333415985
3.121805668
0
0
0
0
0
0
10.75207901
0
5.58710289
9.577890396
0
2.793551445
0
0
0
0
4.209990501
4.331684113
8.663368225
0
0
6.373469353
0
0
0
7.686485767
15.37297153
15.37297153
15.37297153
0
3.505112886
0
0
0
0.60087651
23.93776703
0
4.078896523
0
0
2.987139225
2.987139225
0
5.97427845
8.961418152
0
3.895314217
3.895314217
0
4.451787949
7.790628433
17.55015564
0
6.685773373
5.85005188
0
0.705756605
1.117447853
0
2.587774038
3.175904274
3.546245337
0
0
1.139864564
3.672896385
0
0.422033191
5.727593899
5.607013226
1.024937868
0
0
12.05054092
12.05054092
10.54422379
0
15.88335133
5.29445076
0
0
0
25.96756935
8.655856133
15.14774895
15.14774895
0
9.588824272
9.588824272
0
4.794412136
1.791362882
0
1.131386995
9.051095963
2.922749996
5.995007992
11.99001598
5.995007992
0
0
13.13156509
0
13.13156509
0
13.13156509
0
0
6.687135696
7.64244175
0
0
0
0
21.40449905
0
0
0
13.25378609
0
0
19.88068008
0
0
13.57908916
0
12.56787968
11.89869308
0
0
0
6.073291779
18.77528
0
0
0
0
0
0
0
0
0
17.67403984
35.34807968
0
0
17.67403984
0
0
0
0
0
0
16.87641907
0
0
0
0
0
0
0
26.30562401
8.378647804
0
0
0
0
0
0
0
0
0
19.14694595
17.12313652
0
0
0
14.68394566
0
16.18741608
0
0
0
0
0
0
0
0
0
0
0
0
0
0
29.47323799
0
0
0
0
0
0
0
11.51251221
0
0
0
0
9.144385338
18.28877068
0
0
26.72261047
0
8.907536507
0
10.16962624
0
10.16962624
20.33925247
11.50479317
0
0
0
0
30.44706917
0
0
0
0
0
0
0
11.65228939
23.30457878
10.66241741
0
21.32483482
21.32483482
0
9.878084183
0
0
0
9.878084183
5.852450371
5.852450371
0
0
0
0
27.5955658
12.50424004
0
0
0
0
0
0
0
0
11.53073978
11.53073978
11.53073978
5.765369892
0
4.818059921
0
0
0
0
0
2.457881212
14.69909286
0
0
0
0
0
2.256778717
0
0
0
0
0
0
0
1.490369916
0.604203999
0
0
0
0
5.106267452
0
0
0
0
1.967067719
0
0
0
0
0
0
0
0
0
0
0
0
0
0
0
0
0
0
0
0
0
0
4.662605762
0
0
0
0
0
-0.2
7.2
0
0
0
0
0
0
0
2.78498745
0
0
0
0
0
0
0
0
0
3.056441784
0
0
0
0
0
2.244818211
0
0
0
0
0
0
0
0
0
0
6.660601139
0
0
0
0
0
0
0
0
6.889380932
0
6.889380932
0
0
0
0
8.869072914
0
0
2.455366611
4.910733223
5.612267017
5.528223515
11.05644703
0
0
0
0
0
0
0
2.156929016
2.156929016
4.313858032
0
0
0
0
0
22.28294182
14.6286478
0
0
3.343691111
5.851459026
13.14794254
0
0
0
3.286985636
7.763435364
2.587811708
7.763435364
5.175623417
5.175623417
0
7.248396873
10.87259483
14.49679375
7.248396873
0
0
7.442177773
3.721088886
0
0
0
5.434644222
2.754545689
0.446683109
5.062408924
6.048992634
6.913134575
6.048992634
9.073488235
0
0
0
0
0
5.197824955
0
5.262497902
5.262497902
0
0
0
4.295842648
8.591685295
17.18337059
8.591685295
2.47847271
2.16866374
0
0
0
0
0
0
0
0
0
9.218484879
4.609242439
0
0
0
0
0
0
9.741924286
0
15.80539322
0
31.61078644
0
0
12.49146366
0
0
0
6.245731831
4.110748768
0
0
13.83617783
0
0
0
0
0
14.93425655
0
0
0
23.31698799
27.69870567
10.14367294
0
20.28734589
0
0
8.513612747
5.262960911
4.87597847
0
13.85396957
0
0
1.7544806
0
0
0
0
16.86008072
16.86008072
0
0
0
0
5.736207008
5.736207008
0
0
7.615256786
7.615256786
0
13.19133663
0
0
26.38267326
0
0
0
6.295563221
0
0
19.53557396
0
6.500206947
19.50061989
6.500206947
3.250103474
0
7.526177406
22.57852936
0
15.05235481
0
9.118457794
9.118457794
18.23691559
9.118457794
0
19.91114616
0
9.955573082
0
0
8.272458076
0
33.08983231
0
6.172431946
0
0
18.51729584
0
0
7.038334846
7.038334846
14.07666969
0
21.11500549
0
0
20.09850502
10.04925251
10.04925251
7.860700607
0
0
15.72140121
23.58210182
25.38430023
0
12.35734558
0
0
33.89601898
32.1590004
0
0
0
9.182364464
9.182364464
0
18.36472893
9.182364464
13.37021828
0
0
0
11.69894028
0
0
14.74189281
7.370946407
14.74189281
28.30682182
21.56710434
0
18.87121391
9.435606956
6.449588776
6.449588776
0
6.449588776
0
3.638108969
7.276217937
3.638108969
3.638108969
0
0
0
0
0
0
0
0.250702471
1.117260933
0.310653031
0
0.354253471
0
0
11.03496933
1.95410943
0
0
0
0
0
0
0
0
0
0
0
0
0
0
0
0
0
0
0
0
0
0
6.333213806
0
0
0
0
4.596655369
0
0
0
0
0
0
0
0
0
0
0
0
0
0
0
0
0
0
0
0
0
0
0
0
-0.2
7.2
0
0
0
0
0
0
0
0
0
0
0
0
0
0
0
0
0
0
0
0
0
0
0
0
2.354302645
0
0
0
3.396604776
2.972029209
3.396604776
0
0
0
0
0
3.136924267
3.136924267
6.273848534
9.410773277
0
0
0
0
0
0
0
0
0
0
0
0
0
3.043604136
0
0
0
0
1.590171814
4.770515442
10.718297
4.083160877
12.2494812
3.57276535
3.57276535
5.217614174
10.43522835
10.43522835
0
0
3.162406683
4.743610382
4.743610382
4.743610382
0
0
3.66548872
0
7.33097744
3.66548872
6.752558708
6.752558708
3.376279354
0
3.376279354
1.535710931
4.383060932
2.164204597
0
0.131163925
0
5.284430981
0
0
2.64221549
5.284430981
8.956541061
7.836972713
0
0
4.478270531
9.121936798
4.560968399
0
4.560968399
0
0
0.954395294
0
16.38378525
11.13461208
7.288062096
3.644031048
0
0
0
7.770518303
3.885259151
7.770518303
3.885259151
0
0
3.806299448
21.75028419
0
4.350057125
8.187507629
0
0
0
0
0
8.720399857
0
9.966172218
0
9.203113556
16.10544777
16.10544777
16.10544777
0
0
8.427462578
8.427462578
8.427462578
8.427462578
0
8.026463509
0
0
0
7.023155689
7.014438629
7.014438629
0
14.02887726
14.02887726
7.908563614
7.908563614
0
7.908563614
0
0
0
9.417757034
13.5124321
0
16.25593758
16.25593758
0
0
24.38390732
0
0
0
0
17.87314224
0
0
16.73757744
25.7783165
9.529424667
0
16.67949486
8.339747429
0
0
0
0
20.05382538
40.10765076
10.02691269
0
14.70685959
14.70685959
0
0
4.40702486
0
10.20789814
0
0
0
0
0
3.655746937
6.472468853
0
0
8.586086273
0
0
0
0
0
0
0
6.337863445
0
0
0
0
0
0
0
0
0
0
0
0
11.30338383
0
0
0
7.339352131
0
7.339352131
0
0
0
18.92871284
0
0
0
0
0
11.21661282
0
11.21661282
0
10.43016911
0
0
0
3.70743084
0
16.84120369
3.707431316
5.442825317
28.41473389
0
0
0
9.471578598
7.85206461
31.40825844
15.70412922
15.70412922
23.5561924
7.690712452
15.3814249
7.690712452
0
0
5.98830843
5.98830843
11.97661686
11.97661686
5.98830843
7.317723751
0
14.6354475
0
7.317723751
3.600334644
4.600427151
0
0
2.360219002
0
3.820384264
6.126382828
0
0
7.726475239
7.726475239
0
0
0
0
0
8.096364021
4.048182011
4.048182011
0
10.19804478
0
0
0
0
2.580044508
0
0
0
0
0
0
1.327176452
0
0
0
0.882681072
0.220670268
0
0
0
0
0
0
0
0
0
0
3.967134476
7.934268951
0
0
0
0
0
5.279613018
10.55922604
5.279613018
5.279613018
0
0
0
0
0
0
0
0
0
0
0
0
0
0
0
0
0
0
0
0
0
0
-0.2
7.2
0
0
0
2.606075764
2.606075764
0
0
0
0
0
0
0
0
0
0
0
0
0
0
0
0
0
0
0
0
0
0
0
0
0
0
0
0
0
0
0
0
0
0
0
0
0
8.966254234
0
0
0
0
0
0
0
0
0
0
0
0
0
0
0
7.183932304
2.372166634
0
0
0
4.744333267
5.057470322
0
5.057470322
5.779966354
2.889983177
5.155308723
9.021788597
9.021788597
9.021788597
9.021788597
9.953398705
6.63560009
11.37531376
3.317800045
0
2.957012177
0
5.914024353
0
5.914024353
0
2.805317402
6.412154198
3.206077099
2.805317402
2.805317402
0
0
4.906358719
4.906358719
4.906358719
3.736910582
3.736910582
0
0
3.736910582
2.397650003
2.097943544
0
2.097943544
0
6.985035896
0
3.991449118
0
7.982898235
12.08885384
0
0
0
6.044426918
0
0
13.21364403
5.344844818
6.977992058
10.65865326
13.98948097
0
0
9.326320648
0
0
14.80661488
9.871076584
9.871076584
0
6.522343159
6.522343159
0
0
0
1.121041894
0
1.793667078
2.242083788
0
5.58994627
0
0
6.388509274
7.273583412
0
3.636791706
3.636791706
8.312666893
0
0
0
0
10.04715919
20.09431839
45.03491211
0
0
16.15382767
0
0
17.74362373
17.74362373
8.871811867
0
9.465021133
11.59678268
0
0
16.20138741
58.31189346
0
0
33.17143631
18.50616837
3.995419264
18.85018539
8.605519295
23.28953934
5.395523071
29.39761353
0
9.799203873
33.59727097
0
0
0
0
14.54576778
0
15.48814201
7.744071007
0
0
0
0
19.51532745
0
0
0
0
14.39574242
0
0
0
11.1676712
0
0
11.1676712
5.583835602
16.75150681
0
0
20.03271103
8.764309883
0
0
0
0
0
0
0
0
0
11.48026371
5.740131855
0
0
0
11.75299644
11.75299644
0
0
16.0176506
16.0176506
0
12.0572319
0
12.0572319
0
24.11446381
0
0
16.74736977
0
8.373684883
16.74736977
14.10946369
0
0
24.69155884
0
15.37234592
0
30.74469185
0
0
20.01653671
0
22.87604141
0
10.00826836
0
0
27.83375931
0
0
10.38090897
31.1427269
0
10.38090897
0
0
10.94492531
5.472462654
5.472462654
0
15.40735912
6.740718842
6.740718842
13.48143768
0
0
12.15313148
6.076565742
6.076565742
6.076565742
6.036344051
0
2.757720709
2.3900249
0
0
0
21.70702553
10.85351276
0
0
0
0
0
0
0
1.177657127
0
0
0
0
0
0
0
3.875210762
0
0
0
0
0
0
0
0
0
0
0
0
4.892978191
4.892978191
0
0
0
0
0
4.465555191
0
4.49999094
0
1.619996786
0
0
0
0
0
0
0
0
0
0
0
0
0
0
0
0
0
0
0
0
5.12364006
0
0
0
0
0
0
0
-0.2
7.2
3.192410231
0
0
0
0
0
0
0
0
0
0
0
1.173162341
1.340757132
0
0
0
0
1.881582499
2.822373867
2.954116821
0
0
0
0
0
0
0
0
0
0
0
0
2.045843124
0
0
0
0
0
0
0
0
0
0
0
0
0
0
4.728878021
9.457756042
0
0
0
0
13.86118317
0
0
0
0
0
0
0
0
0
0
0
0
0
0
0
0
0
0
0
0
0
6.097412586
0
0
2.155178547
0
0
0
0
0
0
0
0
2.740406513
13.35948277
0
13.51778889
0
0
0
0
6.127251148
6.127251148
0
0
0
0
7.527071953
4.301184177
11.29060745
20.85406876
5.213517189
5.213517189
5.958305359
5.213517189
4.318936825
2.159468651
17.60797501
12.45847416
0
0
0
5.966335297
15.66162872
5.220542908
9.28144455
0
0
18.5628891
0
0
0
3.798768282
3.798768282
4.341449261
5.028971672
2.369974852
10.92500782
11.79207134
0
0
12.33731079
0
0
0
6.572387218
0
0
0
3.286193609
6.55954361
6.55954361
6.55954361
0
6.55954361
0
12.61967754
0
18.92951775
0
0
0
0
0
0
0
10.00458908
10.00458908
10.00458908
10.00458908
0
11.92435551
0
5.962177753
5.962177753
11.92435551
0
0
0
18.74020004
0
33.06464386
0
0
0
0
17.10797501
0
0
0
0
0
26.58066177
26.58066177
13.29033089
0
0
5.567351818
19.08806419
0
5.567351818
0
0
0
0
0
0
10.01042461
0
10.01042461
10.01042461
17.00820923
17.00820923
0
0
0
0
0
0
0
0
8.349061966
0
0
6.304531574
6.304531574
0
0
0
0
0
0
0
5.868824959
5.868824959
0
5.868824959
0
0
0
0
0
0
13.17255783
13.17255783
6.586278915
0
13.17255783
9.420791626
0
9.420791626
0
9.420791626
0
43.41576767
21.70788383
0
0
10.15653038
20.31306076
10.15653038
0
0
0
0
11.98223019
11.98223019
0
0
0
0
11.27203274
11.27203274
9.620191574
0
0
9.620191574
19.24038315
7.518380165
0
7.518380165
7.518380165
0
13.59256268
6.796281338
6.796281338
0
0
18.34333611
0
0
9.171668053
9.171668053
0
0
0
0
0
0
0
0
13.93888569
0
0
0
0
0
0
17.0412693
0
0
0
0
0
0
0
0
5.92305851
0
0
0
0
5.816381931
0
3.432479143
6.864958286
3.432479143
3.432479143
6.864958286
0
4.702922821
0
0
0
4.357260704
4.357260704
0
0
0
2.170619011
2.170619011
0
0
0
0
0
0
0
0
0
3.510452032
7.020904064
3.510452032
0
8.085749626
7.075030327
0
0
0
0
0
9.454826355
4.727413177
0
0
0
0
0
0
0
-0.2
7.2
0
0
0
0
0
0
0
0
0
0
0
0
0
0
0
0
0
0
0
0
0
0
0
0
0
0
0
7.701536655
0
0
0
0
0
0
4.039596081
4.039596081
0
0
0
0
3.724336863
6.421854973
5.619122982
0
0
0
0
0
4.022408962
0
0
0
3.900402784
0
7.800805569
3.900402784
2.472924709
4.945849419
2.472924709
4.575084686
2.287542343
0
0
6.862627506
2.916161299
2.916161299
5.832322598
2.916161299
5.832322598
8.976262093
4.488131046
0
0
4.488131046
10.46576405
6.868157864
0
0
4.578771591
2.652233124
10.6089325
2.652233124
2.652233124
2.652233124
3.544211149
0
0
4.050527096
3.544211149
3.544211149
11.71691704
3.052999496
3.630594015
18.89559174
8.003809929
13.72620773
5.22903204
4.575402737
0
9.150805473
0
5.804153919
11.60830784
23.21661568
0
0
0
0
0
14.18266487
0
0
0
0
0
4.96102047
0
19.84408188
0
11.33947563
0
0
7.44645834
13.0313015
6.515650749
4.839042664
0
0
11.0606699
4.839042664
0
9.450170517
18.90034103
9.450170517
0
16.08019257
8.040096283
24.12029266
8.040096283
0
0
10.95322895
10.95322895
10.95322895
10.95322895
10.15382767
0
20.30765533
0
0
0
10.70355701
0
16.05533409
0
0
0
0
0
9.957702637
0
0
16.50989151
16.50989151
0
0
0
9.858148575
9.858148575
0
19.71629715
0
30.35925102
15.17962551
0
0
5.786723137
5.786723137
5.786723137
0
0
22.52009201
33.78014374
0
11.26004601
11.26004601
0
0
0
0
0
5.102399349
10.2047987
11.66262722
5.102399349
10.2047987
0
0
10.15943241
20.31886482
10.15943241
0
10.54575348
0
0
10.54575348
10.61479855
0
0
0
0
0
0
0
0
0
0
0
0
0
0
0
0
0
21.0922184
0
21.0922184
17.88881302
0
17.88881302
0
17.88881302
17.32637024
0
0
0
0
0
0
0
0
0
0
0
26.36496353
17.57664108
0
0
23.16782188
11.58391094
0
11.58391094
11.58391094
0
11.55621052
0
23.11242104
0
0
0
0
20.14665222
0
0
0
0
13.53133106
0
11.57579041
0
23.15158081
23.15158081
34.72737122
0
32.73224258
8.183060646
8.183060646
0
0
33.13361359
33.13361359
0
0
0
13.72782421
0
0
0
14.41911507
14.41911507
0
14.41911507
0
8.367575645
0
0
16.73515129
0
0
0
0
9.582343102
19.1646862
0
0
0
0
0
5.013551712
0
0
0
0
9.870662689
0
0
0
0
0
0
0
8.055303574
0
0
0
0
0
0
0
0
4.344175339
0
8.688350677
0
4.788357735
9.576715469
0
4.788357735
4.788357735
0
0
0
0
0
0
0
0
0
0
0
0
0
0
0
0
0
0
0
0
0
0
0
0
0
0
-0.2
7.2
0
0
0
5.856354713
0
0
0
0
0
0
0
0
0
0
0
0
0
0
0
0
0
0
0
0
0
0
0
0
0
0
0
0
0
0
0
0
0
0
0
0
6.877793312
0
0
0
0
0
0
0
0
0
0
0
0
0
0
0
0
0
0
0
0
9.832783699
3.277594328
0
0
0
2.966915131
1.561534047
0
1.093073845
0
0
0
0
0
0
0
0
5.358793259
0
4.777614117
0
0
0
6.825162888
3.420299768
3.420299768
3.420299768
0
0
0
0
5.367266178
5.367266178
8.050899506
3.067009687
3.79833436
13.02286053
4.34095335
11.39500332
3.79833436
4.31165123
2.155825615
2.155825615
0
0
6.916998386
24.20949364
0
0
0
2.937474012
0
2.937474012
2.937474012
0
0
3.638335228
0
4.158097744
3.638335228
0
3.43336916
3.43336916
3.43336916
6.866738319
0
7.937366009
15.87473202
0
13.8903904
0
0
8.601395607
8.601395607
0
0
10.30852413
5.890585423
10.30852413
17.67175484
18.00414276
0
10.50241661
0
0
14.53068256
7.265341282
0
0
0
7.265341282
14.4133606
0
0
14.4133606
7.206680298
12.5069685
12.5069685
0
25.013937
0
0
0
0
0
10.23805141
10.59646893
10.59646893
10.59646893
0
0
0
0
0
0
0
10.92219543
10.92219543
0
0
0
0
13.60191727
0
0
0
11.6967268
11.6967268
0
0
0
0
0
0
11.09226704
6.586033821
0
0
32.08045578
0
0
0
0
0
0
0
0
0
0
0
0
0
0
0
0
0
0
0
0
0
0
0
0
0
0
0
0
0
0
0
0
0
0
0
0
0
16.1213932
23.84749031
0
0
0
0
0
0
0
0
0
0
0
0
7.370704651
7.370704651
0
0
19.5565567
39.1131134
0
0
0
19.34936333
9.674681664
0
19.34936333
24.23525047
24.23525047
0
0
0
0
0
0
10.68571472
25.61920929
0
7.484966278
0
0
0
0
7.48262167
0
7.48262167
0
13.11394024
4.371313095
0
0
0
0
19.49005318
0
11.13717365
0
13.59551907
6.797759533
0
0
0
0
0
0
8.63097477
0
0
0
0
0
0
4.508146763
4.355278015
0
8.71055603
4.355278015
4.355278015
9.838507652
0
0
0
0
0
0
0
6.5416646
0
7.294322491
0
0
0
0
0
0
0
0
0
0
0
0
0
0
0
0
0
0
10.2590313
8.154182434
0
0
0
0
0
0
0
0
0
0
0
0
0
0
0
0
0
0
0
0
-0.2
7.2
0
2.629013538
0
0
2.629013538
0
0
0
0
0
0
0
0
0
0
0
0
0
0
0
0
0
0
0
0
0
0
0
0
0
0
0
2.458291531
0
0
2.458291531
0
0
0
0
0
0
0
0
3.866290569
1.933145285
0
0
0
0
0
0
0
0
0
0
0
0
2.725185871
3.528855085
1.764427543
0
0
3.528855085
2.652547359
0
5.305094719
2.32097888
4.64195776
0
2.85902667
5.718053341
5.718053341
8.577080727
0
0
3.528222322
10.58466721
0
0
0
0
0
0
2.365548134
7.096644402
4.731096268
5.40696764
2.70348382
5.40696764
4.733739376
2.704993963
2.366869688
4.733739376
5.409987926
3.488449812
6.976899624
0
1.744224906
0
3.262156487
0.932044804
0
23.30111885
0
15.24969673
3.757171392
3.536161184
3.094140768
0
0.514134169
7.907029152
6.701473236
0
0.478676647
0
4.056857586
1.774875283
0
3.296196699
0
16.85757065
4.214392662
7.37518692
0
6.289814472
0
6.289814472
6.289814472
3.144907236
0
2.970874071
2.599514484
2.599514484
0
3.500160694
0
3.500160694
5.250240803
0
0
0
5.690006256
5.690006256
2.845003128
11.63356304
0
18.54099274
0
0
0.868477821
9.075374603
0
9.075374603
0
9.075374603
19.2095089
9.604754448
9.604754448
0
28.8142662
0
0
0
0
0
5.3161726
5.3161726
0
0
0
16.97616196
0
8.488080978
0
0
0
0
9.778973579
0
9.778973579
9.741020203
9.741020203
0
29.22306442
0
0
7.791371822
15.58274364
0
0
0
0
0
0
0
4.765638828
0
0
0
0
0
0
0.601760149
0.475275576
0.638172388
0
3.491309643
3.902051449
0
5.878748894
8.189173698
0
0
0
0
8.867465973
15.70585728
0
0
0
0
0
0
0
0
0
20.10921097
10.05460548
0
0
0
4.295370579
4.295370579
0
12.88611221
12.88611221
0
11.01080704
11.01080704
0
11.01080704
0
0
7.04275465
0
14.0855093
0
0
17.90861893
0
7.835020542
7.835020542
0
6.777783871
0
6.777783871
6.777783871
18.69384003
0
18.69384003
9.346920013
9.346920013
15.70767593
0
15.70767593
0
0
21.52558517
0
10.76279259
10.76279259
10.76279259
0
0
0
15.18053341
0
4.994641781
9.989283562
9.989283562
4.994641781
9.989283562
0
0
0
8.731146812
0
6.99529171
0
0
0
0
8.573047638
8.573047638
17.14609528
0
0
18.22917747
12.15278435
0
0
0
0
1.862064123
0
0
0
0
0
2.618714094
0
0
0
0
0
1.948006153
1.948006153
3.896012306
0
0
5.505370617
5.505370617
0
0
0
0
0
0
0
27.67468452
0
6.918671131
0
10.36363316
10.36363316
0
0
0
5.493086815
0
0
0
0
0
0
0
0
0
0
0
0
0
0
0
0
0
0
0
0
0
0
0
0
5.687411785
-0.2
7.2
0
0
0
0
0
0
0
0
0
4.237773418
2.420080423
2.420080423
0
0
0
0
0
0
0
0
0
0
0
0
0
0
0
0
0
0
0
0
0
0
0
0
0
0
1.776727438
0
0
6.27238369
0
0
0
0
0
0
0
4.905595303
0
0
0
0
0
0
0
0
0
0
0
0
4.707560062
9.415120125
0
0
0
7.49630785
3.279634476
7.789711475
3.894855738
3.894855738
7.789711475
0
0
0
2.127081394
2.430950165
0
3.346293449
0
0
1.673146725
0
0
0
3.133872509
1.790784359
3.581568718
3.133872509
2.383460522
9.408396721
12.41908264
15.6806612
0
0
0
6.900736332
0
0
0
0
0
0
3.803448915
11.57701206
0
0
6.040180206
0
0
10.32124233
17.69355965
10.32124233
0
0
4.932526588
0
2.466263294
7.398789406
5.234811783
20.93924713
5.234811783
10.46962357
10.46962357
3.572412729
3.572412729
0
3.572412729
0
5.027268887
5.74545002
10.05453777
10.05453777
0
0
0
0
3.08398056
9.251940727
0
16.31680298
0
0
16.31680298
7.06692934
7.06692934
0
14.13385868
0
0
0
7.325443745
7.325443745
0
16.74387169
0
0
0
21.82642174
0
0
13.42209053
0
0
0
0
13.78810978
0
0
0
0
0
0
0
21.13388252
0
26.90572357
0
0
0
0
0
0
6.966787815
0
0
0
0
13.04801846
0
6.538024902
6.538024902
6.538024902
0
0
0
7.813457489
0
7.813457489
0
0
0
13.72057915
0
0
0
0
0
13.92366123
0
0
0
0
0
0
0
0
0
0
0
0
0
0
0
0
0
0
0
0
0
20.79889297
0
11.91936779
11.91936779
11.91936779
0
10.93988609
32.81966019
0
0
0
0
18.59151077
0
18.59151077
0
18.59151077
0
0
0
0
0
0
0
0
12.10781574
0
0
0
0
8.002767563
16.00553513
0
17.25801086
8.629005432
25.8870182
0
0
8.573365211
8.573365211
8.573365211
8.573365211
0
13.98335266
4.661117554
9.322235107
9.322235107
0
5.263210773
5.263210773
5.263210773
5.263210773
0
17.75948715
8.879743576
0
17.75948715
17.41558838
8.707794189
0
39.80706024
0
0
0
4.961781025
4.961781025
0
7.512708664
15.02541733
7.512708664
22.53812599
0
0
0
0
7.728773117
7.728773117
3.864386559
5.839580536
0
0
0
0
0
0
0
0
0
0
0
3.621921301
0
7.243842602
0
0
0
0
0
0
0
0
0
0
0
0
0
0
0
0
0
0
0
0
0
0
0
0
0
0
0
0
0
0
0
0
0
0
0.648643553
0
0
5.488773823
0
0
0
-0.2
7.2
0
5.887524605
0
0
0
0
0
0
0
0
0
0
0
0
0
0
0
0
0
0
0
0
0
0
0
0
0
0
0
0
0
0
0
0
0
0
0
0
0
0
0
0
0
0
0
0
0
0
0
0
0
0
0
0
0
0
0
8.80249691
5.029998779
0
2.587999344
5.175998688
2.587999344
0
8.844717026
4.422358513
0
8.844717026
0
6.173986912
0
3.527992487
9.260980606
12.34797382
0
2.263561249
7.760781765
2.263561249
0
3.411979437
0
3.411979437
3.411979437
0
0
0
5.106411934
2.553205967
2.553205967
5.835899353
9.849482536
0
4.775506496
7.760197639
2.089283943
0
2.300050497
6.900152206
2.300050497
2.628629446
0
7.796720028
5.875789165
0
6.327773094
28.33169937
6.549801826
0
0
1.42166245
0.636648774
0
6.36648798
31.57777977
0
4.669761658
0
4.669761658
14.00928593
4.669761658
22.20510674
7.401702881
0
0
0
4.276179314
0
4.276179314
4.276179314
0
15.31931973
13.40440369
0
0
13.40440369
8.337341309
0
8.337341309
0
0
0
8.361666679
7.316458225
21.94937325
0
9.708287239
14.56243134
0
9.708287239
4.85414362
0
0
0
20.1607399
0
13.44049263
21.93589783
7.311966419
21.93589783
0
0
0
0
9.459206581
0
9.459206581
8.506104469
17.01220894
0
17.01220894
8.506104469
0
0
0
18.02519226
9.01259613
0
0
0
0
10.96323204
9.219285965
0
18.43857193
18.43857193
0
0
0
8.934337616
0
4.467168808
0
9.350287437
9.350287437
9.350287437
0
0
0
0
12.84521389
12.84521389
17.25077629
0
17.25077629
0
0
5.221798897
0
0
0
10.44359779
10.44359779
10.31569767
0
0
15.47354794
0
11.26916313
0
0
0
0
0
0
0
3.95839572
4.205794811
5.470065117
21.88026047
0
5.470065117
16.4101944
0
0
19.23141098
9.61570549
19.23141098
21.01347351
10.50673676
10.50673676
10.50673676
0
0
22.80909538
0
0
0
11.40454769
12.74808502
0
25.49617004
0
0
11.5654335
34.69630051
11.5654335
0
11.5654335
14.44136143
7.220680714
0
7.220680714
14.44136143
14.53685188
0
14.53685188
0
0
0
0
0
24.27016068
0
0
0
0
0
7.255770683
0
11.06154442
0
0
0
0
5.324858665
5.324858665
5.324858665
0
12.95956135
0
0
6.479780674
0
9.645549774
0
0
19.29109955
19.29109955
0
0
0
16.77699661
8.388498306
0
10.62202263
0
0
4.647134781
4.647134781
0
8.587321281
8.587321281
0
0
0
0
0
6.630654812
0
0
0
0
0
0
0
0
0
0
0
0
0
0
0
0
0
2.692037582
2.692037582
0
0
0
0
7.806890011
0
0
4.959292412
0
0
0
0
0
0
0
0
5.280658245
0
4.87123251
4.87123251
0
0
0
0
0
0
0
0
-0.2
7.2
0
0
0
0
0
0
2.378652096
0
0
0
0
0
0
0
1.650261402
0
0
0
0
0
1.957944393
0
0
0
0
3.045951128
1.522975564
0
0
0
0
0
4.114002705
0
4.114002705
0
0
0
2.620434046
2.620434046
5.240868092
4.862425804
4.862425804
4.862425804
0
4.862425804
4.713263035
0
0
0
0
0
0
0
0
0
0
0
6.823642254
0
3.599653482
0
0
10.79896069
7.199306965
0
0
3.218599796
3.218599796
7.356800079
0
0
5.690047741
4.978791714
14.93637371
2.472290993
0
0
2.472290993
2.825475931
4.361584187
2.180792093
2.180792093
4.361584187
0
0
0
0
0
0
0
0
7.184882164
7.184882164
0
7.184882164
0
0
0
8.454847336
14.49402523
13.47367668
8.982451439
0
0
13.47367668
6.809630871
11.9168539
0
0
5.958426952
0
0
6.96933794
0
3.48466897
0
11.11966515
0
4.864853382
4.864853382
4.253397942
4.253397942
4.253397942
4.253397942
17.01359177
0
0
0
8.84914875
8.84914875
0
0
0
0
17.40905952
2.702113628
0
0
0
8.106340408
4.625622749
4.625622749
4.625622749
0
4.625622749
3.918244362
23.50946617
3.918244362
8.95598793
7.836488724
3.918244362
0
9.564507484
28.69352341
9.564507484
9.564507484
0
24.18128395
0
10.57931042
10.57931042
10.704813
21.40962601
10.704813
0
0
17.85109329
0
0
0
0
11.06580162
0
11.06580162
0
0
0
28.40045738
0
28.40045738
0
7.37093544
7.37093544
7.37093544
14.74187088
0
0
0
0
17.370327
0
10.67720127
21.35440254
10.67720127
21.35440254
0
0
0
0
13.69369411
0
0
0
0
0
0
8.044654846
0
0
0
0
0
0
0
13.96821785
13.96821785
0
9.204708099
0
0
0
0
0
3.879901886
7.759803772
0
0
0
9.669770241
0
0
9.669770241
0
0
0
8.449209213
0
0
0
0
0
27.51053429
27.51053429
0
0
0
0
23.06469154
0
11.28068733
22.56137466
0
11.28068733
0
0
0
0
0
0
0
0
0
0
9.460446358
0
0
0
18.92089272
0
0
25.80619812
0
0
0
12.62554169
12.62554169
6.312770844
0
4.475278854
4.475278854
0
4.475278854
4.475278854
9.201890945
0
27.60567284
0
0
27.15816307
6.789540768
0
6.789540768
6.789540768
0
7.479034424
14.95806885
0
0
12.66048527
18.99072647
0
0
0
0
0
0
0
0
0
0
0
0
0
0
0
0
0
0
0
0
0
0
0
0
0
0
0
0
0
0
0
0
14.663167
0
7.052042484
0
0
7.052042484
3.526021242
0
0
0
5.06938839
0
0
0
0
0
0
0
0
0
0
0
0
0
0
0
5.305131912
0
0
0
0
0
0
-0.2
7.2
0
0
0
0
0
1.441967368
0
0
0
2.883934736
0.952761412
0
1.905522823
1.905522823
1.905522823
1.479557514
0
0
0
1.479557514
0
0
0
0
0
0
0
0
0
0
0
0
0
0
0
0
0
0
0
0
0
0
0
0
0
0
0
0
0
0
0
0
0
0
0
0
0
7.158792973
3.579396486
3.368356228
5.052534103
0
0
0
0
0
0
0
0
0
5.425321102
0
0
0
0
0
0
2.109678268
0
3.053074598
10.46768475
12.21229839
0
0
7.7999897
0
0
0
9.099988937
2.274997234
2.893507004
2.893507004
6.613730431
8.680521011
0
0
3.009513855
3.009513855
0
0
7.950479984
11.92572021
0
7.950479984
7.950479984
6.774425983
0
3.387212992
7.742202282
10.16163921
6.834292412
3.417146206
0
6.834292412
3.417146206
3.247572184
12.99028873
0
8.524876595
2.841625452
8.63733387
9.871238708
0
0
0
0
7.453725338
7.453725338
7.453725338
0
0
6.579308033
3.289654016
0
0
0
0
10.32625961
0
10.32625961
10.62390614
10.62390614
0
0
0
19.50596619
7.430844784
0
6.501988888
0
6.501988888
15.75602341
9.003442764
23.63403511
0
15.75602341
0
0
0
7.394797325
7.394797325
28.44877625
0
0
28.44877625
0
0
0
0
27.26343727
0
0
5.401380062
10.80276012
0
0
0
0
6.970307827
13.94061565
0
0
0
0
0
0
0
0
0
0
0
0
38.76277924
0
0
38.76277924
0
0
0
0
0
0
0
10.04231739
0
10.04231739
0
0
0
0
0
0
0
15.03437519
0
0
0
0
0
0
0
0
0
0
0
0
8.762852669
0
0
0
0
0
0
0
0
21.66088295
0
0
0
37.8958168
0
0
0
0
0
0
0
13.343606
6.96544981
20.89635086
13.93089962
6.96544981
6.96544981
14.24979877
0
21.37469864
7.124899387
0
23.586689
23.586689
23.586689
0
0
0
0
9.976973534
19.95394707
4.988486767
6.083916664
6.083916664
6.083916664
0
0
0
0
6.52131176
13.04262352
6.52131176
8.770254135
0
0
0
8.770254135
5.130114079
0
0
15.39034176
5.130114079
0
0
14.37413788
0
0
4.779456615
4.779456615
0
0
0
20.66203117
6.887343407
0
0
6.887343407
13.77468681
4.379817963
0
0
0
0
0
0
0
0
0
0
0
0
0
0
0
0
0
0
0
0
0
0
0
0
7.621761322
0
7.621761322
7.621761322
0
0
0
0
0
0
0
2.512408018
0
0
5.024816036
4.022407532
8.044815063
4.022407532
0
0
0
0
0
0
0
0
0
0
0
0
0
0
0
0
0
0
-0.2
7.2
0
0
0
0
5.07668066
0
0
0
0
0
0
0
0
0
0
0
0
0
0
0
0
0
0
0
0
0
0
0
3.163070202
6.326140404
2.767686605
7.225539684
0
0
0
0
0
0
0
1.674750686
3.349501371
3.506128073
7.012256145
0
0
0
0
0
0
0
0
0
0
0
0
0
0
0
0
0
2.670547485
5.341094971
0
0
0
0
0
0
0
0
0
6.85668087
0
0
0
0
0
0
0
0
0
0
0
0
0
0
0
0
5.230433941
5.230433941
8.379569054
2.793189526
5.586379051
5.586379051
6.384433746
0
7.625202656
3.812601328
7.625202656
7.625202656
2.890485525
5.78097105
3.303412199
3.303412199
0
0
0
0
15.02578449
0
16.41724396
9.381282806
8.208621979
0
0
0
18.0786438
6.887102604
6.887102604
18.0786438
11.98584652
0
0
5.99292326
0
8.123760223
27.62077904
11.37326241
0
0
0
0
0
0
0
9.329475403
0
0
10.66225815
10.66225815
0
0
9.358927727
0
0
0
0
14.32892704
0
14.32892704
4.776309013
10.98799229
4.981223583
31.88959694
7.911354065
10.45080185
0
0
0
0
0
0
13.29020119
0
6.645100594
6.645100594
0
0
27.5042038
0
0
19.20373917
0
0
0
6.401246548
0
0
0
0
0
0
7.571446419
0
0
0
0
32.84930801
10.94976902
10.94976902
0
8.668650627
8.668650627
0
0
4.334325314
0
0
0
0
31.75819588
0
0
0
0
0
0
0
0
0
0
0
0
0
0
0
0
0
8.431555748
0
0
0
35.12739563
0
17.56369781
0
0
0
0
11.46244526
0
0
0
0
9.08162117
0
0
0
0
0
0
0
0
0
10.11319256
0
0
0
0
0
0
18.2058239
0
21.51556206
0
0
10.75778103
0
0
0
15.77646255
15.77646255
0
20.53780365
0
0
0
0
7.415723324
7.415723324
0
7.415723324
7.415723324
0
0
0
13.50832844
0
0
11.42367744
25.89366722
0
0
21.50470352
14.33646965
0
0
0
0
7.765349388
23.2960453
7.765349388
7.765349388
0
5.933878422
17.80163574
0
0
0
0
0
0
0
0
0
0
0
0
0
4.750067711
0
0
0
0
0
0
0
0
0
0
0
0
4.182577133
0
0
7.589438438
0
0
0
2.72963357
2.72963357
0
0
0
0
0
0
0
0
4.311591625
0
0
0
0
0
3.803766251
0
0
0
0
0
0
0
0
0
0
0
0
0
0
0
0
0
5.979133606
2.989566803
-0.2
7.2
6.660265446
0
0
0
0
0
0
0
0
0
0
0
0
0
0
0
0
0
0
0
0
0
0
0
0
0
0
0
0
6.350419521
6.350419521
0
6.243896008
6.243896008
6.243896008
0
0
0
0
0
0
0
0
0
0
6.584511757
4.030445576
8.060891151
0
0
0
0
0
0
0
0
2.215799332
4.431598663
0
0
0
3.729726076
8.52508831
11.18917847
2.958275318
0
5.916550636
5.916550636
5.916550636
3.620627642
7.241255283
10.86188221
0
0
9.234601021
0
13.85190105
4.61730051
5.276915073
0
0
6.540897846
3.270448923
0
0
0
0
0
6.870593548
7.852108002
9.703197479
21.22574425
4.245148659
0
4.245148659
4.493114471
22.46557236
0
0
0
0
0
6.347654819
8.331295967
8.331295967
0
0
6.947124958
0
14.96303844
12.81482124
0
0
8.409725189
0
4.258859158
9.178575516
10.13314819
0
0.440571606
0
0
3.841402054
0
0
9.235784531
0
9.235784531
9.235784531
0
0
0
16.28785896
8.143929482
8.143929482
4.964569569
0
4.964569569
11.34758949
9.929139137
0
0
0
0
4.041920185
4.955699921
4.955699921
9.911399841
4.955699921
0
0
0
7.638655663
20.0514679
6.683823586
13.36764717
0
7.372662067
0
7.372662067
0
8.731298447
0
7.639885902
7.639885902
15.2797718
0
9.994508743
17.49038887
0
0
0
14.57590103
7.287950516
16.65817261
0
0
11.34714317
0
11.34714317
11.34714317
17.54004669
35.08009338
0
0
26.31006813
0
11.74289417
0
0
11.74289417
19.83260918
29.74891472
0
19.83260918
9.916304588
11.0916853
0
0
22.18337059
0
0
0
0
0
0
0
0
15.06853008
0
7.534265041
0
0
0
0
0
0
0
0
0
0
0
8.142594337
0
0
0
0
8.914692879
17.82938576
20.37644196
0
8.914692879
0
27.12893677
0
0
18.08595657
11.61567211
0
0
23.23134422
34.84701538
0
0
7.014677525
14.02935505
0
0
13.59414864
0
0
0
13.59414864
0
0
8.373429298
16.7468586
16.7468586
0
16.98706627
0
0
0
22.37572098
11.18786049
44.75144196
0
11.18786049
11.70132637
0
0
23.40265274
23.40265274
5.476528168
10.95305634
0
12.5177784
16.4295826
0
0
8.751437187
0
0
0
0
7.198334694
7.198334694
0
0
7.491733551
7.491733551
0
0
0
0
20.02911377
13.35274315
13.35274315
0
11.35005856
34.05017471
0
0
0
0
0
8.478707314
2.826235771
0
0
0
0
0
6.027798176
0
0
0
0
0
0
0
5.368653774
5.368653774
0
0
5.973412514
0
0
0
5.101067543
8.926868439
0
0
0
0
0
0
0
0
0
0
0
0
0
0
0
0
0
0
0
0
0
0
3.303290844
0
0
0
0
0
6.391090393
0
0
0
0
0
-0.2
7.2
0
3.631092072
0
0
0
0
0
0
0
0
0
0
0
0
0
0
0
0
0
0
0
0
0
0
0
4.144834042
0
0
0
0
0
0
0
0
0
0
0
0
0
0
0
0
0
0
0
0
0
0
0
0
0
7.952940464
0
0
0
0
0
0
0
0
0
0
0
0
0
0
0
0
0
0
0
0
0
0
0
10.18781948
0
10.18781948
10.18781948
20.37563896
2.446943283
0
2.446943283
0
4.893886566
11.21559429
5.607797146
11.21559429
0
11.21559429
0
5.135408878
2.567704439
2.567704439
5.135408878
5.135408878
0
0
0
0
0
13.11885452
0
0
2.915300846
4.372951508
0
4.639618874
9.279237747
0
9.279237747
4.032732964
20.16366577
0
0
0
4.324055672
4.324055672
8.648111343
4.324055672
8.648111343
12.45056438
0
0
6.225282192
6.225282192
8.819644928
0
4.409822464
4.409822464
13.22946644
4.348046303
0
8.696092606
8.696092606
8.696092606
0
0
0
0
0
3.867842197
0
7.735684395
11.60352612
3.867842197
13.59221268
0
0
6.796106339
0
6.796106339
14.89263725
4.964212894
9.928425789
0
14.89263725
0
0
0
29.1239357
0
0
13.45243454
0
13.45243454
0
43.45830536
0
10.86457634
10.86457634
10.86457634
3.709846497
7.419692993
0
3.709846497
3.709846497
7.369685173
0
0
0
14.73937035
0
0
11.48985195
3.829950571
0
22.99194717
7.663982868
7.663982868
7.663982868
0
0
0
8.799853325
8.799853325
0
0
0
0
0
0
0
0
0
0
0
0
0
6.3153615
0
6.3153615
6.3153615
35.24170685
0
7.048341274
0
0
0
0
4.42232132
4.42232132
0
5.642342091
0
5.642342091
5.642342091
0
0
0
7.338618279
0
0
0
0
15.7506752
0
0
12.76942444
0
0
0
0
0
0
0
0
0
11.88929462
5.962985992
11.92597198
11.92597198
0
17.88895798
0
0
5.519434929
5.519434929
11.03886986
0
38.75308228
0
0
12.91769409
0
6.965734482
0
0
13.93146896
0
12.94524765
0
0
0
12.64848709
12.64848709
6.324243546
0
0
12.94084644
12.94084644
0
6.470423222
6.470423222
0
0
0
7.808675766
0
0
9.587792397
19.17558479
0
0
5.831791401
5.831791401
0
5.831791401
0
0
0
13.69236279
13.69236279
0
13.69236279
3.825802803
0
0
3.825802803
0
0
0
0
0
0
0
0
0
0
8.995557785
0
0
0
4.116629601
0
5.820273399
0
0
0
0
0
0
0
0
1.779551029
0
0
0
0
0
0
0
0
0
0
10.20998669
0
0
0
0
0
0
0
0
0
0
0
0
0
0
0
0
0
0
0
0
-0.2
7.2
0
0
0
0
0
0
0
0
0
0
0
0
0
0
0
0
0
0
3.991693497
0
3.379853964
0
0
0
0
0
0
0
0
0
0
0
0
0
0
0
0
0
0
0
0
0
0
0
1.798339963
0
0
0
0
0
0
0
0
0
0
0
1.929859757
1.929859757
1.929859757
3.378097296
3.378097296
0
6.756194592
3.378097296
0
0
1.190498352
1.190498352
1.190498352
0
2.524821043
6.627655029
6.627655029
0
6.049357891
1.512339473
1.512339473
4.537017822
1.512339473
1.687772751
1.687772751
1.687772751
1.687772751
3.375545502
7.038100243
7.038100243
4.692066669
2.346033335
2.346033335
4.692066669
21.21498299
8.485993385
25.45798111
0
4.242996693
4.54222393
0
0
0
0
4.08123827
6.121857643
4.08123827
0
0
5.868914127
2.934457064
8.803371429
2.934457064
0
4.628818989
4.628818989
0
4.628818989
13.88645744
7.757863045
0
0
11.63679409
0
0
0
11.03168392
11.03168392
0
0
0
0
18.28505516
0
0
4.627985001
9.255970001
4.627985001
18.51194
0
0
0
0
11.40385723
0
0
0
22.69091225
0
0
15.08494949
5.028316498
5.028316498
10.056633
10.056633
0
0
0
0
23.1198082
0
0
6.626447201
6.626447201
0
0
0
11.08239555
0
0
0
0
6.586917877
6.586917877
0
0
0
28.78523636
19.19015694
0
0
19.61240959
0
9.806204796
0
0
4.028976917
8.057953835
4.028976917
4.028976917
0
5.016596794
0
0
0
21.30946922
0
0
0
0
0
0
0
0
0
9.047395706
4.523697853
0
0
0
0
0
0
0
0
0
0
0
0
0
0
0
0
0
0
0
0
0
0
0
0
0
0
0
0
0
0
0
0
0
0
0
0
31.07388496
0
0
0
0
0
0
0
0
0
0
21.93965721
10.96982861
0
0
36.02593613
0
0
0
0
12.58215046
6.29107523
12.58215046
0
0
10.77972031
10.77972031
0
32.33916092
0
19.81905556
0
0
0
0
0
0
0
0
0
0
0
0
0
0
0
0
0
6.116368771
0
23.03606033
0
0
0
0
9.609466553
0
4.804733276
0
0
7.703333378
0
0
0
0
0
0
0
0
0
0
0
0
0
6.257256985
8.101579666
0
0
0
0
0
0
0
0
0
0
4.928254128
0
0
0
0
0
0
0
0
4.86793232
4.86793232
4.86793232
0
0
0
0
0
0
0
0
0
0
0
0
0
0
0
0
0
0
0
0
0
0
0
0
0
0
0
0
-0.2
7.2
0
0
0
0
0
0
6.309745312
0
0
0
2.466694355
0
0
0
0
0
0
0
0
0
0
0
0
4.031734943
0
0
0
0
0
0
0
0
0
0
0
0
0
0
0
0
0
0
0
0
0
0
0
0
0
0
0
0
2.588200331
5.176400661
2.588200331
0
3.211822271
0
0
0
6.056351185
0
0
0
4.933104992
2.466552496
9.866209984
2.466552496
4.933104992
0
0
4.111772537
0
4.111772537
4.218867302
4.218867302
4.218867302
4.218867302
0
0
2.743195295
2.743195295
0
1.371597648
0
6.329568386
6.329568386
9.494353294
0
0
0
0
6.561202049
3.280601025
0
4.342336178
17.36934471
13.02700901
13.02700901
4.342336178
10.0838871
0
7.562915325
0
7.562915325
4.929603577
9.859207153
4.929603577
14.78881168
0
0
0
1.998018146
3.996036291
0
3.104732275
10.64479637
0
6.20946455
3.104732275
14.77320385
14.77320385
0
9.848802567
0
33.58028793
0
0
20.14817429
0
12.80111408
6.400557041
0
12.80111408
0
9.368385315
14.05257797
4.684192657
14.05257797
0
0
11.2950716
5.647535801
0
0
4.469483852
13.40845108
8.938967705
4.469483852
4.469483852
0
0
6.589822769
19.76946831
13.17964554
0
36.52211761
0
0
14.60884666
21.91327095
0
0
24.31927109
9.264484406
0
11.73681259
0
0
23.47362518
11.73681259
8.869296074
0
4.434648037
4.434648037
0
0
47.92115784
0
0
0
0
31.14118385
13.62426662
0
13.62426662
0
6.209535122
6.209535122
0
0
0
9.222144127
0
0
9.222144127
7.679485321
7.679485321
0
0
7.679485321
0
15.7529974
15.7529974
0
0
0
0
25.4304409
0
0
0
0
0
0
0
26.43662453
0
0
0
15.3985405
0
0
0
23.14764595
0
0
0
2.542774439
0
2.542774439
5.085548878
10.26144695
10.26144695
0
0
0
0
0
0
0
0
0
4.577354908
0
4.577354908
9.154709816
0
29.64280701
0
9.880936623
9.880936623
0
0
0
0
0
0
0
0
5.292076111
6.04808712
0
0
0
0
24.19399452
0
0
0
0
9.912261009
0
0
7.458415985
7.458415985
0
0
0
0
0
13.00915909
13.00915909
0
4.468093872
0
17.87237549
8.936187744
0
18.90958786
18.90958786
9.45479393
0
9.188398361
0
9.188398361
0
18.37679672
0
0
5.988847733
0
11.97769547
0
0
0
0
8.074457169
12.11168766
8.507527351
0
0
3.722043276
7.444086552
0
0
0
0
0
3.340885162
0
0
0
0
0
0
0
0
0
0
0
0
0
0
0
0
0
2.186474085
8.745896339
2.207159996
0
0
4.414319992
0
0
0
0
0
0
0
0
0
0
0
0
0
0
0
0
0
0
0
0
0
0
-0.2
7.2
0
0
0
0
0
0
0
0
0
0
0
0
3.110622644
0
0
0
0
0
0
0
0
0
5.367787361
1.789262533
0
0
0
0
0
0
0
0
0
0
0
0
0
0
0
0
5.744423866
2.884632826
0
0
4.32694912
1.442316413
7.105769157
3.552884579
0
0
0
1.801957965
0
3.60391593
1.801957965
1.801957965
4.869271755
0
0
3.552167416
0
0
0
0
0
0
0
5.169448376
0
2.326605082
0
0
0
0
0
0
0
7.720389843
2.895146132
0
0
0
0
3.498396397
0
3.042605639
0
6.085211277
6.085211277
0
0
3.812340021
11.4370203
0
3.812340021
7.649908543
5.099938869
5.099938869
2.549969435
0
13.30891895
6.654459476
0
0
16.63614845
0
3.222456694
3.222456694
9.667369843
6.444913387
0
0
0
0
0
0
17.16558647
0
4.291396618
4.291396618
0
0
0
0
0
0
0
0
0
0
13.83959293
13.83959293
0
0
0
0
14.47993946
0
0
0
0
0
3.619182825
7.23836565
7.23836565
0
3.52964592
17.6482296
3.52964592
3.52964592
3.52964592
17.94138336
13.45603752
4.48534584
4.48534584
4.48534584
18.38565636
36.77131271
0
9.192828178
18.38565636
0
12.96001244
0
0
0
0
0
58.70850754
0
0
0
8.597038269
0
8.597038269
8.597038269
0
7.108462811
0
14.21692562
0
2.529664278
0
0
0
0
0
0
0
0
0
0
3.826041937
0
3.826041937
3.826041937
33.91781235
11.30593777
11.30593777
0
11.30593777
3.610131741
0
0
0
0
6.267347336
18.8020401
0
0
0
0
0
0
0
0
3.541224718
0
0
0
0
11.27054501
10.41856098
0
0
0
10.41856098
0
0
0
25.52944374
0
0
0
11.14892769
0
0
0
0
0
0
0
16.063694
0
0
0
21.40810204
0
0
0
0
35.84575272
0
0
6.027908325
18.08372307
0
0
10.72426224
0
10.72426224
32.17278671
0
0
0
0
18.27778053
18.27778053
0
0
0
0
32.05713272
0
0
0
0
5.666081429
0
0
0
15.865798
7.932898998
10.67273998
10.67273998
0
32.01821899
0
16.91678619
5.63892889
0
5.63892889
0
2.942728043
3.363118172
0
0
0
5.011791229
0
5.011791229
5.011791229
0
5.011791229
0
0
6.121735573
0
6.121735573
0
0
0
10.31366539
5.156832695
0
4.923090935
0
9.84618187
0
0
6.698576927
6.698576927
0
0
0
0
0
4.862856388
0
0
0
0
0
1.160916567
0
3.766537428
1.883268714
3.766537428
0
0
0
0
0
0
0
0
10.65271187
0
0
0
0
0
0
0
0
0
0
0
0
0
0
0
0
0
0
-0.2
7.2
0
0
0
0
0
0
0
0
0
0
0
0
0
0
0
0
0
0
0
0
4.24743557
4.24743557
4.24743557
0
0
0
0
0
0
0
0
0
2.904622316
0
0
0
0
0
0
0
0
0
0
0
2.795589685
5.591179371
3.636234999
0
0
0
3.636234999
0
0
0
0
4.413656235
3.177220583
3.177220583
3.177220583
4.765830517
9.020608902
3.006869793
6.013739586
0
0
0
0
0
0
0
0
0
0
0
3.574771166
13.22332764
0
0
0
0
5.238684654
5.238684654
2.619342327
0
0
0
0
0
4.806812763
7.210218906
4.806812763
11.99433899
5.997169495
2.998584747
2.998584747
2.998584747
9.137761116
0
9.137761116
0
0
0
2.402303934
4.804607868
0
4.804607868
0
0
2.504584074
2.504584074
5.009168148
3.819364786
7.638729572
0
0
0
0
15.97018528
12.7761488
12.7761488
3.194037199
2.211671352
0
0
0
0
12.14717579
3.036793947
3.036793947
0
0
8.449652672
0
0
16.89930534
8.449652672
0
0
0
9.064070702
4.532035351
0
10.35574436
5.177872181
0
5.177872181
27.82524681
0
0
0
0
16.69514847
0
0
20.28467369
13.52311516
0
0
22.20707893
0
0
0
0
0
5.238630772
10.47726154
0
7.141704082
0
0
0
0
0
0
0
0
0
0
0
7.766381741
0
15.53276348
0
0
0
19.44497681
0
17.0455265
8.522763252
0
25.56829262
8.522763252
0
0
0
18.93209648
0
9.881721497
0
0
0
0
0
0
0
0
0
0
0
0
16.24568367
0
16.24568367
0
0
10.33586693
0
0
0
0
0
0
0
0
0
0
25.37685776
0
0
0
0
0
0
0
0
0
0
20.5739212
9.633542061
0
0
9.633542061
9.633542061
0
9.051027298
0
0
9.051027298
0
0
10.98565197
0
0
0
0
0
24.53307343
12.26653671
0
0
9.839848518
0
29.51954651
19.67969704
9.207634926
0
0
8.056680679
0
15.75769043
0
7.878845215
15.75769043
7.878845215
0
0
18.27753067
9.138765335
9.138765335
0
5.428035736
5.428035736
5.428035736
10.85607147
16.214674
0
0
0
0
0
0
0
0
7.050628185
0
0
5.372886181
0
5.372886181
0
0
0
14.6067543
0
7.303377151
0
0
9.725399971
0
0
0
5.668060303
0
0
0
0
0
3.995357513
0
0
4.210025311
0
4.210025311
4.210025311
8.420050621
0
0
0
4.735645294
2.367822647
8.284207344
0
0
0
0
0
0
0
0
0
0
0
4.611031055
0
0
0
12.07184792
0
0
0
0
0
0
0
0
0
5.235806465
0
0
5.235806465
2.184720278
0
0
0
8.376651764
0
-0.2
7.2
0
0
0
0
0
0
0
0
0
0
0
0
0
0
0
0
0
0
0
0
0
0
0
0
2.852799892
0
0
2.644783735
5.289567471
0
0
0
0
2.393307686
2.393307686
0
0
0
0
7.584053993
0
2.827685118
5.655370235
0
0
0
0
0
0
0
5.159817219
6.30168581
3.600963354
0
0
6.30168581
2.050767422
0
4.101534843
4.624214649
0
4.624214649
4.624214649
0
5.988720894
2.994360447
8.983081818
2.994360447
5.988720894
14.52599144
9.683994293
9.683994293
4.841997147
0
0
4.917209148
4.917209148
9.834418297
14.75162792
3.795533419
0
1.897766709
3.795533419
1.897766709
3.908515453
0
0
3.908515453
0
7.817030907
1.723894238
0
1.723894238
5.171682358
1.723894238
1.517217159
1.517217159
0
1.517217159
3.034434319
0
0
0
20.71022034
10.35511017
0
0
6.468044758
4.851033211
12.1275835
0
10.2405014
20.48100281
5.120250702
0
0
0
0
12.94475651
12.94475651
0
0
15.8518877
15.8518877
0
0
9.00555706
0
18.01111412
9.00555706
0
0
0
0
0
0
7.848013878
7.848013878
0
0
0
12.30756569
0
0
0
11.39209175
17.08813667
0
0
11.39209175
17.08813667
0
0
23.02649689
0
11.51324844
0
0
0
0
26.81701088
15.23985672
0
7.61992836
15.23985672
15.23985672
0
0
10.57293892
0
0
0
0
16.89617729
16.89617729
0
0
0
0
0
0
0
0
0
0
17.52408791
0
0
0
0
0
0
0
12.05402279
0
0
12.66699886
12.66699886
0
0
12.66699886
3.428021908
3.428021908
3.428021908
3.428021908
6.856043816
0
0
0
0
0
0
0
0
0
0
0
0
0
0
0
0
0
0
0
0
0
0
0
0
0
10.23884296
0
0
0
0
0
0
0
16.58962631
33.17925262
0
0
16.49908829
0
0
0
16.49908829
0
0
7.267949581
0
7.267949581
6.836344242
0
0
6.836344242
0
0
0
9.883406639
9.883406639
0
0
0
15.82632256
31.65264511
0
0
44.31249237
0
0
0
0
6.474610329
0
0
12.94922066
0
7.55331707
0
0
15.10663414
0
0
0
0
14.52411175
0
7.572046757
0
15.14409351
7.572046757
0
7.034321308
0
0
0
0
0
0
9.896431923
0
0
12.07949543
0
6.039747715
12.07949543
6.039747715
0
0
0
0
0
4.661534309
0
0
0
0
0
0
0
0
0
0
0
0
0
7.170052052
2.553443909
5.106887817
2.553443909
0
2.553443909
9.128528595
0
0
0
0
3.83590436
0
0
0
3.83590436
0
0
0
0
0
0
0
0
0
0
0
0
0
3.509476185
0
0
0
0
0
0
0
-0.2
7.2
0
0
0
0
2.30407548
0
2.324386597
0
0
0
0
0.745085776
0
0.745085776
0.745085776
0
0
1.525243998
0
0
0
0
0
0
0
0
0
3.443613529
3.443613529
3.443613529
0
0
0
0
0
0
1.960236669
0
0
0
1.960236669
2.21017313
0
0
4.42034626
2.21017313
7.923210621
2.641070127
0
0
0
1.639932752
3.279865503
0
0
0
1.398126364
0
1.398126364
7.26696825
3.633484125
3.633484125
3.633484125
3.633484125
4.824567795
14.47370434
0
9.64913559
0
0
0
0
4.178455353
2.089227676
0
0
0
8.126911163
8.126911163
5.172821522
10.34564304
0
0
0
3.096158028
3.096158028
0
0
0
6.192316055
0
11.77411175
3.924704075
3.924704075
3.924704075
4.864309788
0
0
0
0
0
2.813887358
5.627774715
5.627774715
0
5.031238079
2.51561904
5.031238079
7.546857357
0
0
0
0
5.864621162
11.72924232
3.978271008
3.978271008
7.956542015
7.956542015
7.956542015
0
5.277278423
10.55455685
0
0
7.859887123
11.78983116
7.859887123
3.929943562
19.64971733
14.83006668
0
14.83006668
4.94335556
4.94335556
26.79135704
0
10.71654415
10.71654415
16.07481575
0
0
12.87265205
0
6.436326027
3.756353855
0
7.51270771
0
11.26906204
0
0
0
19.87386322
0
0
0
0
17.09319687
17.09319687
8.546598434
5.911455631
0
0
5.911455631
17.73436737
0
0
11.87894249
0
11.87894249
0
11.43500233
11.43500233
22.87000465
0
0
0
0
5.575288773
0
0
0
0
0
19.48524094
0
5.507887363
0
0
0
0
0
0
21.9200592
0
0
11.56588554
0
0
0
0
0
0
0
0
0
0
7.861649036
7.861649036
0
15.72329807
40.2916069
30.21870422
10.07290173
0
0
0
0
0
0
0
0
0
0
0
18.60063744
0
0
6.112568855
0
0
0
0
0
0
0
18.24344635
9.121723175
0
0
0
9.121723175
21.06416512
0
14.04277706
7.021388531
14.04277706
15.92388058
7.961940289
15.92388058
0
15.92388058
0
28.61176872
0
0
9.537256241
0
0
0
0
0
0
26.88554382
8.961848259
8.961848259
8.961848259
0
6.645919323
0
6.645919323
13.29183865
0
5.577195168
5.577195168
0
0
0
7.830883026
0
23.49264908
0
20.94322586
0
5.235806465
5.235806465
0
5.501028538
0
5.501028538
38.50719833
5.501028538
0
5.462606907
0
0
5.462606907
0
0
0
10.29857922
0
0
0
5.083314419
0
0
5.083314419
4.780902863
0
0
0
0
0
0
0
0
0
0
0
0
0
0
0
0
0
0
0
0
0
0
0
0
0
9.993391037
0
0
0
0
0
0
0
0
0
0
0
0
0
0
0
0
0
0
0
0
0
0
0
0
0
0
0
0
0
-0.2
7.2
0
0
0
0
0
0
0
0
0
0
0
0
0
0
0
0
0
0
0
0
0
0
0
0
0
0
0
0
4.188473225
4.188473225
0
0
0
0
0
0
4.537961006
2.268980503
4.537961006
4.537961006
4.537961006
0
0
0
0
0
0
0
0
0
2.325398684
0
0
3.310532808
0
0
0
0
0
0
0
0
0
0
0
0
3.626914263
0
3.626914263
0
0
0
0
0
8.344205856
0
8.344205856
0
0
2.825981617
5.651963234
14.12990665
2.825981617
0
9.999930382
0
0
0
14.99989605
0
10.725214
21.45042801
0
10.725214
21.45042801
0
22.58255005
0
0
0
2.128267765
0
6.384804249
2.128267765
4.25653553
3.195343494
3.195343494
12.78137398
0
0
6.604360104
9.906539917
0
0
6.604360104
11.20695496
3.735651731
3.735651731
7.471303463
3.735651731
0
27.80638695
0
20.85478973
13.90319347
0
1.642517686
4.9275527
0
3.285035372
25.80077744
0
0
20.64061928
0
0
0
0
0
3.44649148
14.82230282
0
4.940767288
0
4.940767288
0
7.944755077
0
0
0
0
0
36.76309967
0
9.190774918
0
0
9.964917183
0
0
9.964917183
3.850059032
0
7.700118065
0
0
0
0
0
0
18.09802628
0
0
0
25.62574768
0
0
0
13.77384281
0
0
0
0
0
0
0
0
0
0
0
0
0
6.560083866
0
0
0
15.20938301
0
0
0
30.41876602
13.43990231
0
26.87980461
0
26.87980461
0
38.94184875
0
0
0
0
0
0
0
0
0
0
0
0
0
0
0
0
35.12166595
0
0
0
0
0
0
19.96243286
0
0
0
0
0
0
0
13.70706272
0
41.12118912
27.41412544
15.15206814
0
22.72810173
15.15206814
15.15206814
0
0
12.99509907
38.98529434
0
0
19.73253441
0
0
19.73253441
16.49529076
16.49529076
0
32.99058151
16.49529076
18.39828491
9.199142456
18.39828491
18.39828491
27.59742546
0
0
31.55937195
0
0
8.203447342
0
0
0
8.203447342
0
0
0
0
0
11.81213379
0
5.906066895
5.906066895
5.906066895
0
6.219892979
12.43978596
6.219892979
0
0
0
11.4240036
0
11.4240036
20.72726631
10.36363316
10.36363316
10.36363316
0
0
0
8.250325203
0
0
0
1.866690159
0
0
0
0
0
0
0
0
4.14951992
2.359529734
0
0
0
2.359529734
0
0
0
0
8.38544178
0
0
0
0
0
0
8.844364166
4.422182083
8.844364166
0
0
0
0
0
0
0
0
0
0
0
0
0
0
0
0
0
0
0
0
0
0
0
0
0
0
0
-0.2
7.2
0
0
0
0
1.56888473
0
0
0
0
0
0
0
0
0
0
4.556910038
0
0
0
0
0
0
0
0
0
0
0
0
0
0
0
0
0
0
0
0
0
0
2.81287694
2.81287694
0
0
0
0
0
0
0
0
0
0
0
0
0
0
0
0
0
0
2.683002472
0
0
3.601361275
1.800680637
5.402041912
1.800680637
4.17756319
0
0
0
4.17756319
4.541752815
6.8126297
2.270876408
0
0
1.872817516
0
5.618452549
1.872817516
0
6.78116703
6.78116703
3.390583515
3.390583515
0
3.726816893
0
3.726816893
11.18045044
0
11.18045044
5.206774712
2.603387356
5.206774712
0
5.206774712
5.181851387
5.181851387
0
0
2.590925694
5.702902317
0
5.702902317
5.702902317
0
0
11.85451889
0
0
0
0
0
14.09542847
0
14.09542847
0
7.237564087
7.237564087
3.618782043
0
0
3.609956503
10.82986927
0
3.609956503
0
0
2.331969261
2.331969261
0
9.661662102
4.830831051
24.15415573
0
0
6.131685734
3.065842867
9.197527885
6.131685734
0
4.761274815
4.761274815
0
14.28382587
19.04509926
0
0
21.69997406
10.84998703
0
21.69997406
0
0
21.36040497
0
0
0
0
0
19.78948975
0
0
0
29.99763107
22.49822235
0
0
0
0
0
0
0
8.378236771
0
16.75647354
8.378236771
7.079382896
14.15876579
21.23814774
14.15876579
28.31753159
8.191917419
0
8.191917419
8.191917419
0
0
0
0
0
0
0
0
0
13.13666439
13.13666439
0
0
13.72025585
13.72025585
0
12.81287766
25.62575531
0
0
0
22.40950394
33.61425781
0
0
11.20475197
11.20475197
0
17.18862724
0
0
0
0
0
28.58083153
0
0
0
5.313899994
0
10.62779999
0
0
0
0
0
0
6.330194473
12.66038895
0
0
12.66038895
0
0
31.05823708
10.35274506
0
0
14.98559284
14.98559284
0
0
0
0
0
0
0
20.75145149
34.69930267
0
0
0
0
0
9.602705002
9.602705002
0
9.602705002
0
20.9048996
6.968299866
0
6.968299866
10.4936409
31.48092461
10.4936409
0
0
10.02342224
5.011711121
5.011711121
0
5.011711121
15.51804256
0
0
5.172680378
5.172680378
11.41893673
0
0
5.709468365
0
20.30797768
20.30797768
6.769325256
0
0
0
0
4.094067097
0
0
0
4.03910923
0
8.07821846
0
4.03910923
0
0
3.138468266
0
0
0
0
0
0
7.098549843
0
0
0
0
0
0
0
0
0
6.198512077
0
0
0
0
0
0
0
0
0
0
0
8.922733307
8.922733307
13.38410091
0
0
0
0
0
0
0
8.025306702
0
4.012653351
0
1.890368223
1.890368223
0
0
0
0
0
0
0
0
0
0
0
0
0
0
-0.2
7.2
0
0
0
0
0
0
0
0
0
0
0
0
0
0
0
0
0
0
0
0
0
0
0
0
0
0
0
0
0
4.134161472
4.134161472
0
2.858987093
0
0
0
0
3.829563856
3.829563856
7.659127712
0
9.753463745
0
0
0
0
0
0
5.369436741
0
0
0
2.512459993
0
2.512459993
5.024919987
4.657653332
4.657653332
0
0
3.491700888
0
0
0
6.017111301
12.0342226
18.05133247
0
0
7.739970207
7.739970207
11.60995483
0
3.869985104
0
0
2.827822447
5.655644894
2.827822447
5.150305748
0
0
2.575152874
5.150305748
4.553730488
9.107460976
0
9.107460976
0
9.107460976
9.308876038
9.308876038
0
9.308876038
3.102958679
5.690231323
11.38046265
5.690231323
5.690231323
0
0
9.917671204
14.87650681
0
0
11.19382572
0
5.596912861
5.596912861
0
0
2.561766624
0
7.685299873
0
0
0
0
0
0
10.54309082
5.27154541
5.27154541
5.27154541
15.81463623
9.598325729
9.598325729
0
19.19665146
14.39748669
0
0
0
4.366019726
4.366019726
0
0
3.248117924
6.496235847
0
0
0
0
3.997132301
11.9913969
0
0
0
4.832712173
9.665424347
0
0
0
0
16.26347542
0
0
6.722306252
6.722306252
6.722306252
26.88922501
35.02381897
0
0
0
11.67460632
15.93112183
0
0
23.89668274
0
7.712316036
0
0
7.712316036
0
17.49095726
0
26.23643875
0
8.74547863
0
15.72823524
0
47.18470764
0
11.14325333
0
0
22.28650665
0
0
0
0
0
0
0
7.481201649
0
0
0
14.49172115
0
0
0
14.49172115
0
0
0
0
0
0
0
0
0
0
15.26123714
11.34769535
0
0
0
7.565130711
0
0
8.967949867
0
0
7.291492939
7.291492939
7.291492939
0
7.291492939
0
0
0
0
10.22666359
0
0
20.77844048
0
0
0
0
0
0
9.363044739
0
0
9.532376289
9.532376289
19.06475258
0
10.05338478
0
20.10676956
0
20.10676956
55.32973099
0
0
0
0
0
0
0
0
0
0
8.837358475
8.837358475
0
0
0
0
0
0
7.932046413
0
9.671183586
9.671183586
0
0
0
0
12.43146896
0
12.43146896
0
0
0
4.977789402
4.977789402
6.865389824
0
0
0
13.73077965
0
8.166777611
8.166777611
8.166777611
0
0
7.898439407
7.898439407
7.898439407
0
3.949219704
0
6.69033289
0
0
0
7.497655392
7.497655392
7.497655392
0
7.497655392
0
0
0
0
0
0
0
0
0
0
0
0
0
0
0
0
0
0
0
0
0
0
0
0
0
0
15.84008598
0
0
0
0
0
0
0
0
0
0
0
0
0
0
0
0
0
0
0
-0.2
7.2
2.377765179
0
0
0
0
0
0
0
0
3.703134775
0
0
0
0
2.13794136
0
0
0
0
0
0
0
0
0
0
0
5.15047121
0
0
0
0
0
0
0
0
0
0
0
0
0
3.229877234
0
13.2930069
0
13.2930069
0
2.281186581
2.281186581
6.843559742
4.562373161
4.562373161
0
6.533298969
3.266649485
0
6.533298969
5.665492058
2.832746029
0
4.758878231
2.379439116
2.379439116
0
0
0
0
6.760537148
20.2816124
20.2816124
4.325954437
8.651908875
0
4.325954437
8.651908875
2.476473331
0
2.476473331
7.429419041
2.476473331
0
0
0
0
0
0
0
0
0
10.74968815
0
0
3.98931694
7.978633881
0
3.98931694
6.548625946
0
0
0
6.548625946
0
0
0
5.534990788
8.302485466
5.705451965
5.705451965
0
1.901817322
7.607269287
3.778398514
3.778398514
3.778398514
7.556797028
0
0
0
4.540901184
0
4.540901184
12.7271328
12.7271328
0
4.242377758
8.484755516
0
3.460806131
0
6.921612263
0
0
0
4.885123253
4.885123253
4.885123253
7.675889015
0
0
0
15.35177803
11.96457577
0
0
0
0
18.28328896
6.094429493
0
0
6.094429493
6.094429493
0
4.886958122
4.886958122
14.66087341
0
14.82769203
14.82769203
0
29.65538406
0
9.619074821
19.23814964
0
9.619074821
9.619074821
16.52404022
0
0
0
8.262020111
0
22.45708466
0
0
7.485694885
7.587320328
0
7.587320328
0
0
14.86296177
14.86296177
0
7.431480885
14.86296177
0
0
0
0
44.80641174
0
0
5.988670826
0
0
0
0
0
0
0
0
0
0
0
0
3.761616707
3.761616707
0
0
0
0
0
0
0
0
0
0
12.62134171
0
6.310670853
0
4.246108532
0
0
4.246108532
0
0
13.81277466
0
0
27.62554932
13.45346642
0
0
26.90693283
0
3.515666723
0
3.515666723
3.515666723
0
0
0
0
20.3593483
0
30.53902245
0
0
0
15.2581234
30.5162468
9.775271416
9.775271416
0
9.775271416
29.3258152
0
0
15.78852558
0
31.57705116
0
19.47348022
9.736740112
9.736740112
0
0
21.56310272
0
0
0
5.832211971
5.832211971
5.832211971
11.66442394
5.832211971
10.19875336
20.39750671
0
0
20.39750671
0
11.19483471
5.597417355
5.597417355
0
0
8.596821785
0
0
25.79046631
6.337668896
6.337668896
0
6.337668896
0
11.11774635
5.558873177
0
5.558873177
16.67661858
11.11774635
6.648132801
6.648132801
6.648132801
0
6.648132801
0
0
0
0
0
0
9.553269386
19.10653877
0
0
0
0
17.07242393
0
0
5.126382828
10.25276566
0
0
0
0
2.733489752
0
0
0
0
0
0
0
0
0
0
0
0
0
0
0
0
0
0
0
0
0
0
0
0
0
0
0
0
0
0
13.65063763
0
0
0
-0.2
7.2
0
0
0
0
0
0
0
0
0
0
0
0
0
0
0
0
0
0
0
0
0
0
0
0
0
0
0
0
0
4.208153725
4.208153725
5.297429085
2.648714542
5.297429085
0
0
0
0
0
0
6.87860775
8.620158195
8.620158195
8.620158195
4.310079098
0
0
0
0
0
0
0
11.76398468
5.88199234
0
17.64597702
0
8.603476524
0
0
0
6.005222797
0
0
0
2.588888645
10.35555458
5.17777729
0
0
4.665798187
4.665798187
2.332899094
2.332899094
3.069685936
0
3.069685936
3.069685936
0
9.039260864
3.013087034
0
6.026174068
6.026174068
2.209121704
2.209121704
4.418243408
2.209121704
2.209121704
2.209121704
0
4.559849739
4.559849739
4.559849739
0
0
0
0
6.895647526
0
1.789125204
7.156500816
1.789125204
0
0
0
11.73974609
5.869873047
0
0
3.272770643
3.272770643
6.545541286
3.272770643
3.272770643
0
9.384503365
14.07675457
9.384503365
4.692251682
0
0
0
19.82908249
0
0
0
13.94282722
0
0
0
10.36773014
0
10.36773014
0
0
0
9.30756855
0
0
2.495069981
2.495069981
2.495069981
0
0
8.987770081
8.987770081
8.987770081
0
0
4.49388504
0
0
12.47261238
12.47261238
12.47261238
0
5.307075024
15.92122459
10.61415005
0
15.37457561
15.37457561
0
0
0
16.67250824
0
22.23001099
0
0
0
8.594599724
8.594599724
0
8.594599724
18.60564423
9.302822113
0
9.302822113
9.302822113
0
0
21.57253647
0
14.38169193
19.32693672
6.442312717
0
6.442312717
25.76925087
8.87383461
4.436917305
4.436917305
4.436917305
8.87383461
19.65803719
0
19.65803719
0
29.48705673
7.224020958
0
0
0
0
0
0
0
0
0
0
0
0
0
33.82265091
0
0
0
0
0
0
0
0
0
0
0
0
0
0
0
0
0
5.85613966
0
0
0
42.44470215
21.22235107
10.61117554
0
10.61117554
21.22235107
7.153712749
0
0
0
7.153712749
0
0
33.14002991
0
0
0
0
29.3747654
0
0
6.030449867
30.15224648
0
6.030449867
0
10.87988949
5.439944744
10.87988949
10.87988949
5.439944744
0
26.64686966
0
8.882289886
17.76457977
25.45231056
0
0
0
0
8.871593475
8.871593475
17.74318695
8.871593475
17.74318695
0
18.73420906
18.73420906
0
9.36710453
8.143760681
0
8.143760681
0
8.143760681
0
21.6881485
0
14.45876789
14.45876789
13.32487965
0
0
0
0
0
4.474759579
0
0
0
0
0
0
0
0
1.563198447
0
0
4.400804996
0
0
0
0
1.837280154
0
0
0
0
0
0
0
0
0
0
0
0
0
0
0
0
0
0
0
0
0
0
0
0
0
0
0
0
0
0
0
0
0
0
0
2.593615055
0
2.913486481
0
0
0
0
0
-0.2
7.2
0
0
0
0
0
0
0
0
0
0
0
0
0
0
0
0
0
0
0
0
10.3072319
0
0
0
0
0
0
0
0
0
0
0
0
0
0
0
0
0
0
0
0
0
0
0
0
0
0
0
8.349843979
12.52476597
0
8.248841286
4.124420643
8.248841286
0
0
0
1.642677069
3.285354137
0
0
4.539721012
6.809581757
6.809581757
4.539721012
5.153403282
0
0
7.730104923
2.576701641
0
0
0
0
0
0
0
0
0
0
0
0
0
0
4.071399212
0
0
2.41019845
2.41019845
7.230595112
2.41019845
5.033443451
5.033443451
10.0668869
0
0
10.81666279
3.605554342
10.81666279
10.81666279
3.605554342
0
9.419615746
9.419615746
3.139871597
0
3.488256693
6.976513386
0
3.488256693
3.488256693
0
0
0
5.780975342
17.34292603
0
0
1.315396667
0
1.315396667
4.269950867
4.269950867
4.269950867
4.269950867
0
0
0
7.91862011
3.959310055
0
7.007027149
0
21.02108002
14.0140543
0
0
4.714560986
4.714560986
0
0
2.451524734
2.451524734
0
0
7.35457468
0
0
5.617266178
11.23453236
16.8517971
5.617266178
9.959786415
9.959786415
4.979893208
0
9.959786415
0
0
11.66348076
0
0
0
12.88816738
0
12.88816738
0
0
20.57593536
0
0
20.57593536
14.695014
0
0
22.04252052
0
13.83110523
13.83110523
13.83110523
0
0
9.86742878
14.8011446
19.73485756
0
0
0
22.07021523
11.03510761
0
0
0
0
0
32.15751266
8.039378166
0
0
0
0
0
0
12.57071686
0
0
0
0
0
6.579798222
0
0
6.579798222
0
0
0
0
0
0
0
0
0
0
0
0
0
0
0
0
0
20.87057495
0
0
0
0
0
0
0
0
0
35.16733551
0
0
0
0
3.761353731
0
0
3.761353731
24.89698792
12.44849396
0
0
0
6.307527065
0
0
0
0
0
0
0
8.95989418
8.95989418
15.04037476
7.520187378
15.04037476
7.520187378
0
6.856070042
41.13641739
0
6.856070042
0
0
0
4.040846825
8.081693649
4.040846825
11.53133202
0
0
5.765666008
11.53133202
4.498567104
0
0
0
8.997134209
0
12.95740032
0
8.638266563
4.319133282
12.22953033
24.45906067
24.45906067
12.22953033
12.22953033
0
10.0989542
0
20.1979084
0
0
4.245548248
0
0
0
0
3.041412354
0
0
12.16564941
0
4.265310287
0
0
0
0
0
0
0
3.988449812
1.994224906
0
6.352291107
3.176145554
0
3.176145554
3.341108561
0
0
0
0
0
2.554764748
0
0
0
0
0
3.93728137
0
0
5.915891647
0
0
0
0
0
0
0
0
0
0
0
0
0
0
0
0
0
0
0
0
-0.2
7.2
0
0
0
0
0
0
0
0
0
0
0
0
0
0
0
0
0
0
0
0
0
3.91461134
0
0
3.91461134
0
0
0
0
0
0
0
0
0
0
0
0
3.803577185
0
0
0
0
0
3.414717913
0
0
0
1.797319651
0
0
0
7.395462036
3.697731018
0
0
11.09319401
1.291287541
2.582575083
3.873862505
2.400663137
7.201989651
7.201989651
7.201989651
4.801326275
0
0
2.564594269
7.693782806
0
0
0
3.166702986
3.166702986
3.166702986
0
0
0
0
1.688612461
4.621140003
2.310570002
2.310570002
2.310570002
0
8.478931427
4.239465714
8.478931427
0
0
0
0
3.334376097
0
0
0
3.721848249
0
3.721848249
3.721848249
0
0
2.119296551
8.477186203
2.119296551
4.238593102
0
2.278244495
6.834733486
4.556488991
2.278244495
2.313263416
4.626526833
2.313263416
0
0
13.72929096
0
0
9.152860641
0
6.485237598
0
0
19.45571136
0
3.954735994
0
7.909471989
0
3.954735994
7.14706707
0
0
3.573533535
0
0
7.80753231
7.80753231
7.80753231
0
0
8.51625824
8.51625824
0
0
5.24758482
6.761229038
4.326768398
1.74919498
1.74919498
0
8.056945801
4.0284729
0
0
8.056945801
4.76055479
0
9.521109581
4.76055479
0
0
0
0
0
12.09019756
0
0
14.2432394
0
0
0
0
0
4.532887936
0
0
0
0
14.33898926
0
0
3.835382223
7.670764446
11.50614738
0
0
11.93674946
0
5.968374729
0
3.608308792
7.216617584
0
0
3.608308792
0
0
0
0
0
0
0
0
30.79143333
0
0
0
0
0
0
0
0
0
0
0
0
0
3.345080614
3.345080614
0
0
0
0
0
0
0
0
0
0
0
0
0
0
0
0
0
0
0
0
24.54073715
8.180245399
0
0
0
0
0
0
10.43762589
20.87525177
10.43762589
0
10.43762589
0
0
0
0
0
0
0
0
25.04710007
0
15.16396618
0
37.90991974
0
0
0
27.248806
0
0
0
0
0
16.93282318
0
0
13.35116673
0
6.675583363
0
6.675583363
5.479811668
0
2.739905834
0
2.739905834
0
14.02252388
0
4.674174309
0
0
0
0
0
0
0
7.051588535
0
7.051588535
0
0
7.894273758
0
0
0
0
0
0
0
0
0
0
0
4.195232868
0
0
0
0
2.530082703
5.060165405
7.590249062
0
0
9.648813248
9.648813248
9.648813248
3.610412121
0
0
0
0
0
3.74585247
0
0
0
0
0
0
0
0
0
0
0
5.391039371
0
0
0
0
0
0
0
0
0
0
0
0
0
0
0
4.6060853
0
-0.2
7.2
3.619755507
0
0
0
0
0
0
0
0
0
0
0
0
0
0
0
2.848453999
1.424226999
0
0
0
0
0
0
0
0
0
0
0
3.359605074
5.039408207
1.808699846
0
0
0
0
0
0
3.146287441
3.146287441
0
0
0
0
0
4.132540226
7.780774593
0
0
0
0
0
0
0
0
6.545827389
0
6.461574078
3.230787039
0
0
0
0
3.688188314
2.135129452
4.270258904
4.270258904
0
6.405388355
0
0
4.402459621
4.402459621
0
4.97089529
4.97089529
4.97089529
4.97089529
7.456343174
0
4.749215126
3.166143417
1.583071709
0
9.773566246
9.773566246
13.03142262
0
0
9.773566246
0
0
5.578400612
0
5.578400612
4.882511616
3.255007982
1.627503991
3.255007982
0
2.828147173
0
8.484441757
0
0
5.475549698
5.475549698
8.213324547
0
5.475549698
2.324874401
4.649748802
2.324874401
2.324874401
0
3.936427116
0
3.936427116
0
7.872854233
4.607039452
0
0
0
9.214078903
14.27682018
5.710728645
5.710728645
5.710728645
2.855364323
2.53556633
2.53556633
5.07113266
5.07113266
7.606698513
0
0
0
6.004431725
3.002215862
0
0
8.189369202
0
0
10.33485031
10.33485031
0
5.167425156
0
0
15.96409512
0
0
15.96409512
15.96409512
36.94746399
0
0
0
0
0
16.48503494
0
0
0
5.235985279
10.47197056
10.47197056
5.235985279
0
0
0
0
26.7883873
0
0
0
9.037372589
4.518686295
0
0
0
0
30.01751518
10.00583839
0
0
0
0
0
0
0
0
0
0
34.03607941
0
0
0
0
0
0
0
0
0
0
0
0
0
0
6.152695656
0
11.45158958
0
0
0
0
0
0
0
0
0
0
3.505455017
0
0
0
0
14.28531075
14.28531075
14.28531075
0
0
0
0
0
34.45339966
0
0
11.48446655
0
11.48446655
6.371727467
0
0
12.74345493
19.11518288
0
0
0
9.068471909
0
8.307803154
8.307803154
0
0
16.61560631
25.16156006
8.387187004
8.387187004
0
33.54874802
0
0
15.39129257
15.39129257
0
17.38705826
0
0
0
17.38705826
0
0
5.177533627
5.177533627
0
5.056143284
0
5.056143284
0
0
5.515315056
0
5.515315056
5.515315056
0
0
5.356473923
10.71294785
5.356473923
0
5.695023537
0
0
0
17.08506966
6.851330757
0
0
0
0
6.851330757
0
0
0
0
0
0
0
5.445160389
8.167740822
2.722580194
4.253157139
2.126578569
0
0
0
0
3.181670427
0
0
0
0
0
0
0
0
0
4.135635376
0
0
0
0
0
0
0
0
0
0
0
0
0
0
9.266302109
0
0
0
0
0
0
0
0
0
0
0
0
0
0
0
0
0
0
0
-0.2
7.2
0
0
0
0
0
0
0
0
0
0
0
0
0
0
0
0
0
0
0
0
1.986146212
0
0
0
1.986146212
2.86703968
0
0
0
0
0
0
0
3.165853024
3.165853024
0
4.225898743
0
0
0
0
5.687455177
1.895818233
0
0
5.687455177
6.142386913
0
6.142386913
0
0
0
0
0
0
0
0
0
0
0
0
0
2.655719519
2.655719519
0
0
0
5.160027027
0
0
10.13958645
5.069793224
5.069793224
0
3.212031364
16.06015587
6.424062729
0
3.212031364
10.02559376
10.02559376
0
5.012796879
25.06398582
0
3.510711193
10.53213215
0
3.510711193
7.021422386
0
0
0
0
0
4.383270264
4.383270264
4.383270264
4.383270264
0
6.760001659
6.760001659
0
0
0
0
0
3.719444036
0
7.438888073
7.118362904
7.118362904
7.118362904
0
0
4.56855917
0
9.13711834
4.56855917
4.56855917
5.787514687
2.893757343
5.787514687
2.893757343
5.787514687
0
0
0
0
0
0
2.528194904
7.584584713
10.11277962
0
0
4.976590633
19.90636253
0
14.92977142
0
0
15.43116474
0
0
3.276380062
0
3.276380062
0
3.276380062
3.276380062
0
14.41731071
14.41731071
7.208655357
14.41731071
0
25.96553421
0
8.655177116
8.655177116
0
0
16.40207481
0
0
0
0
0
0
40.20604324
0
0
0
0
0
0
7.235554695
0
0
0
0
0
0
0
12.33277893
0
0
0
13.37418842
20.06128502
8.75249958
4.37624979
0
4.37624979
8.75249958
0
0
0
0
0
0
0
0
0
0
0
0
0
0
0
0
0
0
0
0
0
0
8.533166885
0
0
0
0
0
0
0
0
0
0
12.64811802
0
0
0
0
27.40356064
0
0
0
0
0
0
0
21.95105934
0
0
0
0
0
0
0
0
0
0
19.87760353
0
0
19.87760353
0
13.81573105
0
0
0
0
6.094986439
0
0
18.28495979
6.094986439
0
0
16.21270943
0
16.21270943
0
4.208173752
0
4.208173752
4.208173752
18.24410248
18.24410248
18.24410248
9.122051239
0
0
0
1.534676313
0
0
3.021905899
0
0
6.043811798
3.021905899
13.2580452
6.629022598
0
6.629022598
13.2580452
7.243345737
7.243345737
0
7.243345737
14.48669147
0
0
18.77179146
0
0
0
0
0
0
0
0
0
0
0
0
0
7.958826065
0
0
0
0
0
0
0
0
0
0
0
0
0
0
0
0
2.632389307
0
0
0
0
0
0
0
0
0
0
0
0
0
0
0
0
0
0
3.111922026
0
0
0
0
0
0
0
0
0
-0.2
7.2
0
0
0
0
2.683651686
0
0
0
0
0
0
0
0
0
0
0
0
0
0
0
0
0
0
0
0
2.779711485
0
0
0
0
0
0
0
0
0
0
0
0
0
0
0
0
0
0
0
0
0
0
0
0
0
0
0
0
0
0
0
0
5.871654987
3.91443634
3.347368717
0
0
0
6.694737434
5.938006401
0
0
0
0
14.29367352
4.764557838
9.529115677
19.05823135
0
0
17.93328667
17.93328667
5.977762222
11.95552444
5.545240402
0
5.545240402
5.545240402
5.545240402
0
10.56478214
5.282391071
0
0
5.282391071
7.27003479
10.90505219
0
0
7.27003479
5.766581535
5.766581535
0
0
5.766581535
0
2.904726505
0
5.809453011
8.714179993
0
8.634858131
0
0
4.317429066
0
0
0
4.041315079
4.041315079
5.746588707
0
11.49317741
0
0
0
0
0
0
3.005226612
7.644464493
0
7.644464493
0
0
0
8.397422791
0
4.198711395
16.79484558
18.65619087
18.65619087
0
6.21873045
0
4.920514584
14.76154423
14.76154423
0
0
14.85707188
0
0
0
4.952357292
0
0
5.903040409
0
0
11.80608082
5.699399948
5.699399948
0
11.3987999
5.699399948
0
17.17475319
8.587376595
0
0
6.520171165
0
0
6.520171165
6.520171165
0
0
0
0
0
0
14.03373051
7.016865253
0
0
0
0
10.01163483
0
0
4.730342865
0
4.730342865
9.46068573
4.730342865
0
0
0
0
0
0
5.637010098
0
5.637010098
5.637010098
0
4.924133778
9.848267555
24.62066841
0
0
0
0
0
0
0
0
0
0
0
2.918983936
9.399572372
0
0
0
0
0
21.38220978
0
0
0
0
0
0
4.427678585
0
0
0
0
0
0
0
27.17129707
0
0
13.58564854
13.58564854
9.219656944
3.073219061
3.073219061
3.073219061
0
0
15.35311985
0
0
15.35311985
0
10.51494789
10.51494789
21.02989578
0
0
10.93229008
0
0
21.86458015
0
0
48.21932983
24.10966492
0
0
0
0
0
54.18079758
9.819394112
14.72909164
0
0
0
0
3.865818977
10.14777374
3.382591248
0
10.94297886
0
0
10.94297886
0
0
7.026531696
0
0
7.026531696
4.23630619
8.472612381
8.472612381
0
0
0
0
0
0
0
5.842094898
0
5.343262672
2.671631336
0
0
0
0
0
0
0
0
0
0
0
0
0
0
0
4.726849556
0
0
0
8.452799797
0
0
0
4.028683186
4.028683186
0
4.028683186
0
0
0
0
0
0
0.92428565
0.92428565
0
0
0
10.81773281
0
0
0
0
0
7.108336926
0
0
0
0
0
0
0
0
0
0
0
0
0
-0.2
7.2
0
0
0
0
0
0
0
0
0
0
0
0
0
0
0
0
0
0
2.675764799
0
2.312877893
2.312877893
2.312877893
0
0
0
0
0
0
0
6.518552303
2.564606428
0.854868889
0
0
0
0
0
0
0
0
0
0
0
0
0
0
0
0
0
0
0
0
0
2.904063225
5.80812645
3.304460526
0
0
2.381378174
1.190689087
3.572067261
1.190689087
0
2.419426441
0
0
0
2.419426441
2.276266813
0
0
0
0
0
0
0
0
8.130241394
2.974236965
1.487118483
1.487118483
5.94847393
0
2.935918093
2.935918093
0
0
5.871836185
0
8.538179398
2.846059799
8.538179398
2.846059799
0
7.133600235
3.566800117
10.70040035
10.70040035
0
0
5.871637344
2.935818672
2.935818672
8.807456017
9.321530342
0
9.321530342
9.321530342
9.321530342
3.891704321
0
3.891704321
3.891704321
11.67511272
2.904284716
2.904284716
0
0
0
-0.2
7.2
0
0
0
0
0
0
0
0
0
0
0
0
0
0
0
0
0
0
0
0
0
2.346888542
0
0
0
0
0
0
0
0
3.373835325
0
0
0
0
0
1.889249086
1.889249086
0
0
0
0
0
0
0
0
0
0
0
0
3.579019308
0
0
10.59958553
0
7.066390038
10.72699928
0
0
2.537036419
0
0
2.537036419
5.074072838
0
6.503664494
3.251832247
3.251832247
3.251832247
9.27312851
4.636564255
0
0
9.27312851
1.522402048
3.044804096
0
3.044804096
1.522402048
0
5.14458704
10.28917408
0
0
0
0
5.311367512
0
0
0
0
0
0
6.916419983
9.221893311
3.101068258
0
0
3.101068258
4.651602268
0
0
0
4.126382828
6.189574718
6.293217659
3.146608829
3.146608829
3.146608829
3.146608829
0
5.115480423
0
0
0
1.73208797
0
0
3.46417594
5.19626379
6.990875244
6.990875244
0
0
6.990875244
5.200788021
0
5.200788021
0
5.200788021
35.12457657
0
14.04983139
0
0
4.315634251
12.94690323
0
0
0
0
0
0
0
6.53119421
0
2.688043833
0
2.688043833
8.064131737
0
0
8.750104904
0
0
0
18.8794651
0
9.439732552
9.439732552
9.439732552
0
0
0
0
17.74838638
9.909132004
0
0
4.954566002
4.954566002
13.77834415
0
0
0
0
0
0
13.16524792
6.582623959
13.16524792
23.7300148
0
7.910005093
0
0
0
4.654355049
4.654355049
0
4.654355049
6.094173431
12.18834686
6.094173431
18.28252029
0
31.52225876
0
0
0
0
0
0
5.78830862
5.78830862
17.36492538
11.41737175
0
0
0
0
0
0
0
0
0
0
0
0
0
0
0
0
5.911371708
17.7341156
0
5.911371708
0.977630794
2.983850718
3.227640867
8.218152046
14.71307659
28.86956787
14.43478394
7.217391968
7.217391968
0
0
0
0
0
10.97903061
10.97903061
0
0
0
40.78483963
0
0
0
12.91407585
0
12.91407585
0
17.00463486
0
0
0
15.53021145
0
7.765105724
0
0
7.500562668
15.00112534
15.00112534
0
30.00225067
0
13.51974964
0
0
13.51974964
12.34770012
0
6.17385006
12.34770012
6.17385006
5.111905575
0
10.22381115
0
0
3.163253069
9.489758492
0
0
9.489758492
10.67284679
0
0
0
0
2.293338537
4.586677074
2.293338537
2.293338537
0
0
0
9.503825188
6.335883617
0
0
4.659835339
0
0
2.329917669
0
4.526268005
0
0
0
0
0
0
0
0
0
0
0
0
4.424255371
0
0
0
0
0
0
0
0
0
0
0
0
0
0
2.680850506
0
0
0
0
0
0
0
0
0
0
0
0
0
0
0
0
0
0
0
0
0
0
0
0
4.231286049
0
0
