19790101
-99
-99
-99
-99
-99
-99
-99
-99
-99
-99
-99
-99
-99
-99
-99
-99
-99
-99
-99
-99
-99
-99
-99
-99
-99
-99
-99
-99
-99
-99
-99
-99
-99
-99
-99
-99
-99
-99
-99
-99
-99
-99
-99
-99
-99
-99
-99
-99
-99
-99
-99
-99
-99
-99
-99
-99
-99
-99
-99
-99
-99
-99
-99
-99
-99
-99
-99
-99
-99
-99
-99
-99
-99
-99
-99
-99
-99
-99
-99
-99
-99
-99
-99
-99
-99
-99
-99
-99
-99
-99
-99
-99
-99
-99
-99
-99
-99
-99
-99
-99
-99
-99
-99
-99
-99
-99
-99
-99
-99
-99
-99
-99
-99
-99
-99
-99
-99
-99
-99
-99
-99
-99
-99
-99
-99
-99
-99
-99
-99
-99
-99
-99
-99
-99
-99
-99
-99
-99
-99
-99
-99
-99
-99
-99
-99
-99
-99
-99
-99
-99
-99
-99
-99
-99
-99
-99
-99
-99
-99
-99
-99
-99
-99
-99
-99
-99
-99
-99
-99
-99
-99
-99
-99
-99
-99
-99
-99
-99
-99
-99
-99
-99
-99
-99
-99
-99
-99
-99
-99
-99
-99
-99
-99
-99
-99
-99
-99
-99
-99
-99
-99
-99
-99
-99
-99
-99
-99
-99
-99
-99
-99
-99
-99
-99
-99
-99
-99
-99
-99
-99
-99
-99
-99
-99
-99
-99
-99
-99
-99
-99
-99
-99
-99
-99
-99
-99
-99
-99
-99
-99
-99
-99
-99
-99
-99
-99
-99
-99
-99
-99
-99
-99
-99
-99
-99
-99
-99
-99
-99
-99
-99
-99
-99
-99
-99
-99
-99
-99
-99
-99
-99
-99
-99
-99
-99
-99
-99
-99
-99
-99
-99
-99
-99
-99
-99
-99
-99
-99
-99
-99
-99
-99
-99
-99
-99
-99
-99
-99
-99
-99
-99
-99
-99
-99
-99
-99
-99
-99
-99
-99
-99
-99
-99
-99
-99
-99
-99
-99
-99
-99
-99
-99
-99
-99
-99
-99
-99
-99
-99
-99
-99
-99
-99
-99
-99
-99
-99
-99
-99
-99
-99
-99
-99
-99
-99
-99
-99
-99
-99
-99
-99
-99
-99
-99
-99
-99
-99
-99
-99
-99
-99
-99
-99
-99
-99
-99
-99
-99
-99
-99
-99
-99
-99
-99
-99
-99
-99
-99
-99
-99
-99
-99
-99
-99
-99
-99
-99
-99
-99
-99
-99
-99
-99
-99
-99
-99
-99
-99
-99
-99
-99
-99
-99
-99
-99
-99
-99
-99
-99
-99
-99
-99
-99
-99
-99
-99
-99
-99
-99
-99
-99
-99
-99
-99
-99
-99
-99
-99
-99
-99
-99
-99
-99
-99
-99
-99
-99
-99
-99
-99
-99
-99
-99
-99
-99
-99
-99
-99
-99
-99
-99
-99
-99
-99
-99
-99
-99
-99
-99
-99
-99
-99
-99
-99
-99
-99
-99
-99
-99
-99
-99
-99
-99
-99
-99
-99
-99
-99
-99
-99
-99
-99
-99
-99
-99
-99
-99
-99
-99
-99
-99
-99
-99
-99
-99
-99
-99
-99
-99
-99
-99
-99
-99
-99
-99
-99
-99
-99
-99
-99
-99
-99
-99
-99
-99
-99
-99
-99
-99
-99
-99
-99
-99
-99
-99
-99
-99
-99
-99
-99
-99
-99
-99
-99
-99
-99
-99
-99
-99
-99
-99
-99
-99
-99
-99
-99
-99
-99
-99
-99
-99
-99
-99
-99
-99
-99
-99
-99
-99
-99
-99
-99
-99
-99
-99
-99
-99
-99
-99
-99
-99
-99
-99
-99
-99
-99
-99
-99
-99
-99
-99
-99
-99
-99
-99
-99
-99
-99
-99
-99
-99
-99
-99
-99
-99
-99
-99
-99
-99
-99
-99
-99
-99
-99
-99
-99
-99
-99
-99
-99
-99
-99
-99
-99
-99
-99
-99
-99
-99
-99
-99
-99
-99
-99
-99
-99
-99
-99
-99
-99
-99
-99
-99
-99
-99
-99
-99
-99
-99
-99
-99
-99
-99
-99
-99
-99
-99
-99
-99
-99
-99
-99
-99
-99
-99
-99
-99
-99
-99
-99
-99
-99
-99
-99
-99
-99
-99
-99
-99
-99
-99
-99
-99
-99
-99
-99
-99
-99
-99
-99
-99
-99
-99
-99
-99
-99
-99
-99
-99
-99
-99
-99
-99
-99
-99
-99
-99
-99
-99
-99
-99
-99
-99
-99
-99
-99
-99
-99
-99
-99
-99
-99
-99
-99
-99
-99
-99
-99
-99
-99
-99
-99
-99
-99
-99
-99
-99
-99
-99
-99
-99
2.817368746
0
0
0
0
0
0
0
0
0
0
0
0
0
0
0
0
1.972025514
0
0
0
0
2.212939501
0
0
3.882358551
2.588239193
0
0
0
0
0
0
0
2.213588715
0
0
0
0
0
2.306346655
0
0
0
0
2.821713686
0
0.90316999
0.478148848
0
13.44129372
0
0
0.900884748
4.709170341
0.491391689
0
1.486436129
0
0
0
1.048432946
18.34258461
0
0.346960962
1.214363217
0
12.0568924
1.87358892
1.68998909
5.216216087
4.647469997
2.193735838
32.46729279
21.2175808
0
1.624312282
1.624312282
0
0
0
0
5.819682121
2.979123116
3.855995417
1.988247871
10.18223953
11.50773811
0
0
18.64185524
1.52302742
0.852895379
0
2.010396242
7.832044601
3.194649696
0
1.391218424
3.349229574
8.541549683
0
0
0
0
0
0
0.565946937
2.150598288
5.54627943
1.376703739
4.144757271
0.74693501
0
0.600477159
0
0
0.297944307
17.89958
11.91777325
11.07626152
38.16562653
21.77276421
0
0
4.172203541
2.698535442
2.947336674
3.846848726
5.626733303
2.975212336
5.520671368
0
0
1.65289557
0
0
3.558712721
10.60424519
5.104416847
11.21066284
16.61644936
13.35120869
2.539632082
5.587191105
10.55375004
4.227671623
0
4.443684101
1.851535201
2.653867006
0
0
9.105264664
0
5.857933044
0
6.163846493
2.87368536
2.623799324
3.873227596
12.13891602
0
5.798501492
5.012722969
0
0
5.507249355
3.871204615
9.562797546
6.981993675
14.14556408
5.694968224
0
20.06098175
10.28768349
10.29493904
8.49930954
0
8.259892464
0
7.567460537
0
0
14.8422575
0
11.31007862
0
34.71882629
6.184226513
4.669297695
7.325387955
0
0
14.51256275
0
15.55652523
0
0
0
0
0
0
12.11076832
0
0
0
19.16742325
0
0
0
0
8.751897812
0
0
9.062758446
6.049809933
9.073428154
0
7.540330887
6.132385731
0
8.74160862
12.95347595
0
0
0
0
0
20.16401863
15.21466827
0
0
0
0
0
0
0
0
0
0
0
19.50027657
11.4784956
4.073841095
7.302166939
0
4.842490673
11.2650547
3.522564411
12.42732143
2.646393776
8.51137352
4.460795879
4.15315485
0
0
22.71416855
8.899664879
4.787672997
9.227852821
7.934409618
5.212385654
6.087735176
39.00986099
0
12.59304047
3.582313776
0
4.540317059
6.690993309
0
4.396938801
6.272781849
3.99409771
11.52143574
0
0
2.490052462
0
2.946860552
2.221341848
1.540607929
0
9.686038017
4.822053909
21.97179031
4.654330254
1.464138746
0.724522293
0
0
1.562250972
0
0
4.904470921
5.135270596
7.212458134
10.5187788
0
9.861354828
0
5.259389877
21.53062439
6.174375534
0
0
0
0
0
0
0
4.933425903
0
0
0
0
2.38136363
0
1.736342311
0
0
0
0
0
0
0
0
0
0
0
2.032381296
0
0
0
0
0
0
0
0
0
0
0
0
0
0
14.3147049
0
0
0
0
0
0
0
0
0
0
0
0
0
0
0
0
0
0
0
0
0
2.697753668
0
0
0
0
0
0
0
0
0
0
0
5.27903223
0
0
0
0
4.267782688
1.748248458
0
0
0
0
0
0
0
0
0
0
0
0
0
2.626830101
0
0
0
0
0
0
0
0
9.63424015
0
3.189684629
2.698963881
14.47626019
1.472162008
4.171125889
27.85232925
8.08616066
0
0
8.08616066
5.066214561
3.377476454
5.066214561
8.177242279
0
0
0
0
0
0
0
0.292905152
1.388587356
6.819002151
0
1.097310662
0
0.862172723
8.783846855
11.45719147
14.7033968
21.38676071
2.291438341
0
13.20825577
0
0
0
0
0
0
0
2.657653332
0
0
0
5.612353802
5.612353802
0
4.009651661
5.346202374
6.01447773
1.336550593
21.38480949
11.04010391
0
0
0
1.9276371
0
0
1.638690352
0
6.949625969
2.517288685
15.10373211
2.202627659
2.202627659
0
3.619254827
3.619254827
0
16.54516602
10.8577652
9.520699501
0
4.760349751
0
4.760349751
4.583824635
8.02169323
8.02169323
8.02169323
0
5.668024063
5.668024063
0
0
0
0
0
0
11.92272758
0
0
0
4.628578663
0
6.239150524
1.783687711
6.594239712
1.081022859
3.297119856
8.269825935
5.62131834
0
5.98963213
0
13.35419273
0
0
0
0
10.42086887
6.999091148
0
0
0
0
0
0
4.304888725
13.68241501
4.030692101
0
0
1.052827001
0.817326069
1.606946349
2.65977335
12.13502026
12.13502026
0
13.86859417
0
0
0
0
26.04434204
30.58695412
0
0
0
0
0
10.31542301
10.31542301
0
11.78905487
0
0
0
0
0
14.56195927
16.2482872
0
0
0
0
0
0
1.670056224
0
0
2.24007535
0
0
0
0
0
0
0
0
0
0
0
11.73343468
11.73343468
0
0
0
21.48675537
0
0
0
0
0
25.48717117
0
0
0
22.3937645
0
0
0
0
3.347342253
3.969204187
1.469855428
1.573994756
0
15.27586651
0
0
0
0
5.537352085
3.069346428
3.720799685
7.880077362
3.194626093
0
1.3932935
2.094161987
1.51995647
19.45544434
0
0
5.025556564
15.7729845
0
0
6.86668539
0
0
9.721375465
0
0
9.325558662
0
0
3.240254879
13.06902885
2.552927971
0
7.972991467
39.0046196
0
0
5.779632092
5.558552742
11.10535049
0
9.717181206
19.43436241
11.10535049
0
0
4.10567522
0
9.384400368
10.06374454
0
0
0
0
8.805776596
0
0
0
7.726117611
0
0
0
6.838125229
0
0
0
0
6.485769272
7.412308693
0
0
0
0
0
0
0
0
0
0
0
0
0
0
0
16.61784935
0
0
0
0
0
0
0
0
0
0
0
0
0
0
0
0
0
0
0
2.638228893
0
4.972160816
0
0
0
0
3.319803238
0
0
0
0
-0.1
7.1
0
0
0
3.137452602
3.137452602
0
0
0
0
0
0
0
0
0
0
0
0
0
0
0
0
0
0
0
0
0
0
0
0
0
0
0
0
0
0
0
0
0
0
0
0
0
0
0
0
0
8.253651619
0
0
3.668289185
0
0
0
0
0
0
0
0
0
0.580984414
0.580984414
0.580984414
0.580984414
0.580984414
0
0
0
0
0
0
0
0
0
0
0
0
0
0
0
8.62724781
0
0
0
0
0.983631611
1.967263222
17.70536995
2.950894594
8.196930885
5.573912144
16.00074768
10.58114052
0
0
0
0.954999626
12.16367817
2.513156891
0
0
0
0
0
0
0
9.431368828
9.431368828
4.715684414
14.14705372
9.431368828
0
0
4.430851936
0
0
4.773623943
9.547247887
4.773623943
0
0
2.879004478
0
0
6.580581188
0
5.596684456
0
0
0
0
0
0
0
8.339110374
8.339110374
25.01883507
0
0
13.4417944
3.884912014
0
0
0
7.924937248
5.28329134
6.040933132
0
34.51961899
0
13.80784702
6.903923512
14.95752716
14.95752716
37.3938179
0
7.47876358
0
0
4.970253468
14.32602215
30.88467789
6.19252634
9.826155663
0
12.33387375
19.80584526
0
7.123675346
2.849470139
4.306585789
13.11403942
0
0
0
0
0
0
0
0
0
0
0
23.02075005
0
0
0
0
0
0
0
0
0
12.82602024
22.44553566
0
0
0
0
0
0
0
0
0
0
0
0
0
0
0
0
0
0
0
0
0
0
0
0
0
0
0
0
0
0
0
0
0
0
0
0
0
0
0
0
0
0
0
0
0
0
33.33414078
0
0
0
7.245236874
0
7.245236874
14.49047375
0
0
0
0
16.12575722
15.63256359
0
17.86578751
0
0
11.40455055
0
0
6.220664024
7.631833076
0
39.04640579
0
13.01546955
13.01546955
0
0
0
0
18.39065742
3.387773037
0
0
11.29257774
0
0
0
0
10.43291473
10.43291473
0
0
12.43597603
12.43597603
0
0
0
0
0
0
0
0
13.14950371
0
0
0
0
0
3.367773533
1.358429551
0
0
0
0
0
0
0
6.129407883
0
0
0
0
0
0
0
13.58658218
7.217710495
0
0
0
0
0
0
0
0
0
0
13.7802496
6.890124798
0
6.890124798
0
0
14.06392765
0
0
0
0
0
0
0
9.22899437
0
0
0
0
0
0
3.247595072
3.247595072
0
0
0
0
0
0
0
0
0
0
0
0
-0.1
7.1
0
0
0
0
0
0
0
0
0
0
0
0
0
0
0
0
0
0
0
0
0
0
0
0
0
0
0
0
0
0
6.435563564
0
0
0
0
0
0
0
0
0
0
0
0
0
0
0
0
2.69017005
0
0.89672333
0
0
0
0
0
4.891878128
0
0
0
0
0
0
0
3.536345005
7.07269001
0
0
1.172974229
15.01406956
0.703784585
5.703573704
1.195910692
0
0
22.26233673
2.084702969
7.557048321
0
3.387642145
21.62879372
0
10.27987099
28.03601074
0
0
0
8.618954659
0
0
0
0
14.64315224
0
0
21.9647274
0
0
0
0
10.05553246
0
3.957308531
3.957308531
3.957308531
0
0
0
5.821186066
0
5.314996243
0.885832667
13.99575806
20.99363708
6.997879028
0
7.997576714
4.118541241
0
0
2.288078785
0
0
0
2.788237333
4.647061825
0
0
3.454085112
0
3.454085112
0
0
2.119228601
20.6624794
0
2.119228601
41.0444603
15.66842747
0
0
0
1.470711112
0
0
0
6.165673256
0
0
0
0
0
51.9239769
0
0
0
0
6.271303654
0
19.39396667
0
6.736851692
0
2.791862011
1.731808901
5.30026722
0
1.110532165
7.761017323
7.761017323
15.52203465
0
15.52203465
7.131446362
13.35398388
7.061530113
0
0
4.505194664
10.40088177
0
0
8.704481125
6.543900013
6.543900013
0
6.543900013
6.543900013
0
0
0
0
28.461483
0
0
6.880072117
27.52028847
0
16.13698769
16.13698769
24.20548439
16.13698769
0
27.02955055
13.51477528
0
13.51477528
13.51477528
0
0
2.906827211
0
10.20184517
5.338499546
40.13223648
28.11024284
0
13.25954819
0
5.914890766
0
0
0
10.05208302
0
6.227230549
5.79689455
0
7.037277699
0
11.2562027
0
0
22.5124054
26.5308857
0
0
0
0
6.554924488
7.135740757
5.116713524
12.16947937
13.88427067
0
0
0
2.765157938
0
10.50759983
0
0
12.12308407
5.319312096
9.277871132
0
13.32097721
6.660488605
13.32097721
0
0
50.14460754
4.337262154
11.28220367
0
17.09894943
0
8.549474716
0
0
5.223110676
15.6693325
5.223110676
5.223110676
0
7.606094837
14.87471867
11.39616299
5.970655918
8.644470215
5.952415466
5.952415466
0
11.90483093
0
7.36182642
12.88319588
0
0
6.441597939
15.48030853
0
6.772634983
0
0
0
0
0
0
0
0
0
21.76456451
12.43689537
0
0
4.385097504
0
0
0
0
0
0
0
0
8.736316681
0
0
0
4.001746178
12.00523758
0
11.68200302
5.841001511
0
0
0
0
0
3.853674412
0
0
3.773782253
0
0
0
4.01664114
0
0
0
4.01664114
7.571218491
0
0
0
0
0
0
0
0
0
0
0
0
0
0
0
0
0
0
0
0
0
0
0
0
0
-0.1
7.1
0
0
0
0
0
0
0
0
0
0
0
2.80805707
0
0
2.80805707
3.918665171
0
0
0
0
0
0
0
0
0
0
0
0
0
5.609271049
0
0
0
0
0
0
0
0
0
0
0
0
0
0
0
0
0
0
0
0
0
0
0
0
0
3.49212265
10.0785799
0
0
0
0
0
6.826966286
6.826966286
5.610089302
0
0
4.908827782
9.817655563
3.08681345
4.339011669
1.339560628
4.688462257
0
7.27472496
0
0
0
7.27472496
2.040984154
2.332553625
4.081968307
4.66510725
6.122952461
4.811809063
9.623618126
4.811809063
0
0
9.623618126
7.1737957
0.33468014
1.702503443
12.84880829
16.34112167
0
0
0
0
15.0753212
0
22.96349144
1.262992144
10.44838905
0
2.545536518
2.909184933
2.909184933
0
5.091073036
0
0
4.998951435
1.666317105
3.80872488
7.250736237
2.416912317
11.04874229
0
2.762185574
5.209633827
26.04816818
5.209633827
5.209633827
0
5.414455414
14.21294308
9.475296021
0
0
5.308407307
0
0
0
12.13350201
1.098606229
1.454037666
41.35929489
4.071305275
0
0
0
0
15.59739304
0
0
3.54069066
7.081381321
0
0
0
13.48077297
0
6.740386486
0
0
0
0
15.60293007
0
0
28.570467
9.523488998
9.523488998
0
0
0
0
0
15.41437817
30.82875633
8.492600441
0
0
8.492600441
8.492600441
0
6.057121754
0
0
0
25.54877472
17.03251648
8.51625824
17.03251648
0
16.61534119
16.61534119
24.92301178
8.307670593
24.92301178
0
0
20.86602211
52.16505432
0
0
0
0
0
0
0
0
0
0
0
9.325622559
8.778946877
15.04962444
7.942857265
0
14.72805023
5.123335361
4.647596836
0
3.830302954
4.245049
0
7.020665169
0
12.65794849
17.5862484
8.73195076
8.73195076
19.95874596
8.73195076
26.19585037
13.34061146
0
13.34061146
13.34061146
0
0
0
0
0
9.908308983
0
7.745066643
7.745066643
0
0
0
13.10873985
11.55545807
8.142950058
9.507954597
4.54216671
13.07442951
0
0
13.07442951
13.07442951
0
26.55200195
23.80083275
17.72266006
5.214428902
2.79654932
4.053425312
0
14.5012064
12.03458977
0
0
0
12.9987421
49.35505676
0
6.257688522
17.74501419
9.475927353
0
4.553686619
0
0
5.204213142
10.40842628
0
0
0
1.912773848
1.806508899
8.928514481
8.928514481
0
0
0
6.11557436
6.11557436
0
0
6.11557436
0
0
0
0
0
0
9.725358963
9.725358963
9.725358963
19.45071793
11.1146965
0
0
3.478483438
3.478483438
0
11.3020153
11.3020153
0
0
0
2.391735554
2.391735554
0
0
0
0
0
0
6.996502876
3.06096983
0
0
0
19.74353027
0
0
0
0
0
4.701155186
0
0
5.772066593
0
0
0
0
0
0
0
0
0
0
6.095385551
0
0
0
0
0
0
0
0
0
0
0
0
0
0
0
0
0
-0.1
7.1
0
0
0
0
0
0
0
0
0
0
0
0
0
0
0
0
0
0
0
0
0
0
0
0
0
0
0
0
5.567491055
0
0
0
0.829892159
0
0
4.485369682
0
7.589791298
0
0
0
0
3.466019392
0
0
10.39805794
0
8.955313683
13.64619255
0
2.985104561
0
0
0
0
4.231863499
5.939803123
6.788346767
0
0
4.716438293
0
4.716438293
0
9.652979851
16.89271355
25.33907127
8.446356773
0
1.751789093
0.700715661
0
0
1.576610446
25.8327179
0
0
0
0
5.852748871
0
0
5.852748871
8.779123306
0
0
3.819872141
0
8.731136322
7.639744282
12.02793407
0
6.013967037
0
0
6.149383545
0.904321015
0
0.3617284
0
0.976101756
0
2.928305149
1.586165309
3.53836894
0
0
5.718077183
5.040935993
2.859038591
0
0
17.9735508
10.27060127
8.986775398
0
8.81098938
5.034851074
0
0
0
21.96391296
12.81228256
6.406141281
12.81228256
0
5.049625397
5.049625397
0
5.049625397
8.566157341
3.496391296
0
1.835605383
0
12.34277725
18.51416588
6.171388626
0
6.171388626
12.5864296
0
12.5864296
0
6.293214798
11.32771015
6.472977161
0
12.94595432
0
0
41.75272751
0
0
0
0
0
13.45253277
0
0
20.17879868
0
0
11.75763512
0
17.32703972
7.880115032
0
0
0
10.94035435
12.32866192
0
0
0
0
0
0
0
0
0
31.02212906
31.02212906
0
0
15.51106453
9.481502533
0
0
0
10.8360033
0
15.20607948
0
0
0
0
0
0
0
23.24462318
7.59473896
0
0
0
0
0
0
0
0
0
0
11.16581059
0
0
0
0
0
17.12062836
0
0
0
0
0
0
0
0
0
6.863615036
0
0
0
0
21.29558182
0
0
0
0
11.82920551
0
0
0
0
0
0
0
0
21.15890121
0
0
26.39249039
0
8.797496796
0
12.36705494
0
12.36705494
0
0
0
0
0
11.38380527
30.81930351
0
0
0
15.40965176
0
0
0
0
26.37181091
10.9598856
0
10.9598856
21.91977119
0
8.913743019
0
0
8.913743019
8.913743019
0
6.230435848
6.230435848
0
0
0
0
0
43.02781677
0
0
0
0
0
0
0
11.79479885
11.79479885
11.79479885
5.897399426
0
5.411631107
0
0
0
0
0
7.495181084
10.79814243
0
0
0
0
0
2.37975955
0
0
0
0
0
0
0
2.104217768
0
0
0
0
0
0
0
0
0
0
0
0
0
0
0
0
0
0
0
0
0
0
0
0
0
0
0
0
0
0
0
0
2.833474636
0
4.222428322
0
0
0
0
-0.1
7.1
0
0
0
0
0
0
0
2.05254674
0
0
0
0
0
0
0
0
0
1.628760338
1.628760338
0
0
0
0
1.676938891
0
0
0
3.052240133
0
0
0
0
0
0
7.666183949
0
0
0
0
0
0
0
0
7.043211937
3.521605968
7.043211937
0
5.546392441
0
0
3.081328869
0
0
6.32834959
6.32834959
7.232399464
6.160426617
6.160426617
0
0
0
0
0
0
0
2.188125372
2.188125372
2.188125372
0
0
0
0
0
21.70619774
14.23458004
0
0
3.253618479
5.693831921
15.33498383
0
0
0
3.066996813
9.875343323
2.468835831
7.406507015
4.937671661
4.937671661
2.468835831
11.66835308
11.66835308
11.66835308
7.778902531
0
4.005590439
8.011180878
0
0
0
0
0
10.19256878
0
1.911106706
5.964659214
8.946988106
2.982329607
8.946988106
2.982329607
0
0.327859074
0.655718148
4.262167931
0.327859074
0
7.280486107
0
0
0
4.509866714
4.509866714
13.52959919
9.019733429
9.019733429
6.614984989
9.922476768
3.307492495
0
3.307492495
0
0
6.975479126
0
0
0
5.177222729
5.177222729
0
0
0
0
0
0
10.65502167
0
16.76352501
0
33.52705002
0
0
11.71500874
0
0
0
11.71500874
0
0
0
18.4059639
0
3.096040726
0
0
0
11.00578785
0
6.259828091
6.975235939
25.45663071
10.7907505
11.15262794
0
11.15262794
0
0
8.84014225
14.58623505
8.478500366
0
0
0
0
0
0
0
0
0
8.795832634
17.59166527
0
5.181527138
0
10.36305428
5.181527138
10.36305428
8.00965023
0
8.00965023
0
0
14.84623718
0
0
29.69247437
0
0
0
7.810711384
0
4.733763695
15.23680496
0
7.578882694
18.9472084
7.578882694
0
0
0
24.17910004
0
16.11940002
0
9.997778893
19.99555779
29.99333763
0
0
21.17547989
0
0
10.58773994
0
25.64958572
0
17.09972191
8.549860954
0
0
0
13.4427681
6.721384048
0
7.451485157
7.451485157
14.90297031
0
29.80594063
11.51249504
0
11.51249504
11.51249504
11.51249504
0
8.820465088
0
8.820465088
17.64093018
9.736545563
0
13.63116264
9.168579102
6.450461388
53.52234268
24.6803894
0
2.731027126
0
10.0279789
10.0279789
0
20.05595779
0
15.21459961
0
8.694057465
0
7.607299805
14.25182724
0
7.12591362
7.12591362
7.12591362
30.71828079
17.13990784
27.26803589
0
0
0
0
0
8.483671188
0
3.832755804
3.832755804
3.832755804
0
0
8.155043602
0
0
0
0
0
0.220924497
0.836114109
0.479236245
0
0.567605972
0
2.88206172
10.00244999
0
0
0
0
0
0
0
0
0
0
0
0
0
0
0
0
0
0
0
0
0
0
0
6.156796932
0
0
0
0
0
0
0
0
0
0
5.153073788
0
0
0
0
0
0
0
0
0
0
0
0
0
0
0
0
0
0
-0.1
7.1
0
0
0
0
0
0
0
0
0
0
0
0
0
0
0
0
0
1.5997684
0
0
0
0
0
0
3.767917395
0
0
0
2.632778883
4.607362747
4.607362747
0
0
0
0
0
0
5.166645527
0
10.33329105
0
0
0
0
0
0
0
0
0
0
0
0
0
0
0
0
0
0
1.996316314
5.988949299
0
5.075475216
10.15095043
4.441040516
4.441040516
0
11.23087597
11.23087597
0
0
3.082420588
3.082420588
3.082420588
4.623630524
0
0
3.331254959
0
6.662509918
3.331254959
6.238621235
9.357932091
6.238621235
0
3.119310617
1.588704228
5.591958523
4.79410696
0
0
0.293945253
6.256358147
0
0
0
6.256358147
14.01861763
7.009308815
0
0
7.009308815
10.17337513
5.086687565
0
5.086687565
0
0.451497525
2.257487774
0.541797042
20.94948769
0
10.20330715
0
6.802204609
0
0
0
4.518489838
9.036979675
4.518489838
0
0
3.87203002
13.27553177
0
4.425177574
7.660392761
0
0
0
0
0
0
0
12.24816036
0
9.401755333
16.45306969
16.45306969
16.45306969
0
0
15.74737549
0
7.873687744
7.873687744
0
0
0
12.33556271
0.822370827
1.046653867
6.982348442
6.982348442
0
13.96469688
13.96469688
7.727595806
15.45519161
0
23.18278885
0
0
0
13.14960861
0
0
16.37774467
16.37774467
0
0
24.56661797
8.36235714
0
0
0
16.72471428
0
0
8.443737984
14.36465263
9.113059044
0
16.04559708
24.06839371
0
0
0
0
20.2826004
50.70650101
10.1413002
0
14.94525623
14.94525623
0
0
5.106787205
0
5.954102039
3.709863186
0
0
0
0.884626806
0
1.729043245
0
0
9.247635841
0
0
0
0
0
0
0
9.749855995
0
0
0
0
0
0
0
0
0
0
0
8.766854286
9.75411129
0
0
6.582116604
6.582116604
0
0
6.582116604
0
0
18.24643517
0
0
0
0
0
0
14.01045227
0
0
16.61831093
0
0
0
0
5.281172752
8.149958611
4.563975811
6.324367046
27.51722336
0
0
0
18.3448143
15.34351158
30.68702316
15.34351158
15.34351158
23.01526642
15.89799309
7.948996544
7.948996544
0
0
6.488821983
6.488821983
6.488821983
12.97764397
6.488821983
0
0
15.33916664
0
7.669583321
3.272761345
4.24380064
0
0
3.128903866
0
0
1.391986847
0
0.606467307
0
8.47195816
8.47195816
0
0
0
4.22650671
8.45301342
4.22650671
4.22650671
0
6.01609993
0
11.12978554
0
0
0
0
0
0
0
0
0
0
0
1.656288385
1.48205936
1.11154449
2.037831545
0
0
0
0
0
0
0
0
0
0
0
9.884790421
0
0
0
0
0
0
9.923624039
9.923624039
0
0
0
0
0
0
0
0
0
0
0
0
0
0
0
0
0
0
0
0
0
0
0
-0.1
7.1
0
0
0
2.92158699
2.92158699
0
0
0
0
0
0
0
0
0
0
0
0
0
0
0
0
0
0
0
0
0
0
0
0
0
0
0
0
0
0
0
0
0
0
0
0
0
9.942685127
0
0
0
0
0
0
0
0
0
0
0
0
0
0
0
7.775362492
2.890844822
0
0
0
2.890844822
6.584999084
0
4.38999939
4.38999939
6.584999084
5.546579361
9.706513405
9.706513405
4.853256702
9.706513405
3.609957933
7.219915867
12.3769989
7.219915867
3.609957933
8.867398262
0
5.911598682
0
5.911598682
0
0
6.971790314
3.485895157
3.050158262
3.050158262
0
0
4.769700527
7.154550552
7.154550552
0
0
0
4.176859379
7.309504032
2.58494544
2.26182723
0
2.26182723
0
0.941144526
0.642732859
10.65100193
4.384356499
6.817559242
9.156884193
0
0
4.006136417
13.73532486
13.57330894
13.57330894
3.393327236
0
0
11.6036005
17.40540123
0
0
15.22972488
0
0
10.88092327
5.440461636
5.440461636
6.741479874
6.741479874
0
0
0
0
0
0
0
5.929624081
0
5.997961998
0
0
3.427407026
3.66387105
0
3.66387105
3.66387105
8.374562263
0
0
0
0
8.271221161
16.54244232
23.89285851
0
15.9285717
26.42695045
0
0
16.2530365
8.12651825
16.2530365
0
0
14.48321533
0
0
10.04481125
29.49651527
0
13.70545292
44.09580612
0
9.039435387
11.15857029
13.27770615
19.76755714
0
28.03845787
0
9.346151352
32.04394913
0
0
0
0
6.938248158
6.938248158
14.14783669
14.14783669
0
7.073918343
0
0
19.06435776
0
0
0
0
12.99535561
0
0
0
11.26862335
0
0
11.26862335
5.634311676
5.634311676
0
0
11.4647274
20.06327248
0
0
0
0
0
0
0
0
0
11.6857481
5.84287405
0
0
0
12.4777689
12.4777689
0
0
16.55911255
8.279556274
8.279556274
13.25261974
0
13.25261974
0
13.25261974
0
0
8.158910751
0
8.158910751
16.3178215
15.36041451
0
0
13.44036198
13.44036198
0
0
23.47393608
0
0
20.66789627
0
23.62045288
0
10.33394814
0
12.64202785
14.88352108
0
0
0
12.27495003
0
12.27495003
0
0
11.28914261
0
5.644571304
5.644571304
15.22805023
13.324543
6.6622715
6.6622715
6.6622715
0
12.84443665
6.422218323
6.422218323
6.422218323
4.358030319
0
4.560729504
2.837787151
0
11.17759895
0
22.35519791
11.17759895
0
0
0
0
7.44150877
0
0
1.287241817
0
0
0
0
0
0
0
0
4.098072052
0
0
0
0
0
0
0
0
0
0
0
0
5.523705959
0
0
0
0
0
4.620675087
0
6.934763432
0
0
0
0
0
0
0
0
0
0
0
0
2.98508811
2.98508811
0
0
0
0
0
0
0
0
0
0
0
0
0
0
0
0
-0.1
7.1
4.495787621
0
0
0
0
0
0
0
0
0
0
0
2.630139589
0
0
0
0
0
3.213713408
3.672815323
0
0
0
0
0
0
0
0
0
0
0
0
0
2.210858345
0
0
0
0
0
0
0
0
0
0
0
0
0
0
2.974132538
11.33887959
0.770087838
7.125601292
0
0
3.166933298
0
0
0
0
0
0
0
0
0
0
0
0
0
0
0
0
0
0
0
0
0
9.555214882
0
0
2.226217508
0
0
0
0
0
0
0
3.792582989
9.955529213
3.318510056
0
13.46009254
0
0
0
0
10.81577873
2.703944683
0
0
0
3.546466112
3.546466112
4.053104401
10.63939953
0
4.331395626
27.00438118
15.88178539
0
4.990379333
5.27554369
15.54146671
22.95574379
0
0
0
5.786445141
10.12627888
5.063139439
8.850819588
0
0
17.70163918
0
0
0
3.621112585
0
4.138414383
0
0
12.26048565
11.31737041
0
0
11.64998722
0
0
0
2.921871662
0
0
0
2.921871662
6.051724911
6.051724911
6.051724911
0
12.10344982
0
12.68919277
0
19.03379059
0
0
0
0
0
0
0
10.80732918
10.80732918
10.80732918
10.80732918
0
12.33464336
0
0
6.167321682
12.33464336
0
0
0
20.48261833
0
20.61917496
0
0
0
0
17.03082085
0
0
0
0
0
28.2857666
28.2857666
0
0
0
0
18.08827972
0
5.275748253
0
0
0
7.318962574
0
0
0
0
11.09537697
11.09537697
18.16152382
18.16152382
0
0
0
0
0
0
0
0
8.413225174
0
0
11.70836449
5.854182243
0
0
0
0
0
0
0
6.061775684
6.061775684
0
0
0
0
0
0
0
0
13.75378418
6.87689209
0
0
13.75378418
20.20745277
0
20.20745277
0
10.10372639
0
28.52339554
28.52339554
0
0
21.22352982
31.83529472
10.61176491
0
10.61176491
12.06285477
0
12.06285477
24.12570953
0
0
0
12.32491589
12.32491589
12.32491589
11.51515865
0
0
11.51515865
11.51515865
6.845994473
0
13.69198895
6.845994473
0
14.41803265
0
7.209016323
0
0
18.1875515
0
0
9.093775749
9.093775749
12.34559155
0
0
0
0
0
0
0
13.02433872
0
12.10760784
0
0
0
0
13.83726788
0
0
0
0
0
0
0
0
5.965095997
0
0
0
0
10.36031818
0
4.2832551
4.2832551
0
4.2832551
8.566510201
0
4.603634834
0
0
0
4.024820805
4.024820805
0
0
0
1.908985138
3.817970276
0
0
0
0
0
0
0
0
3.451241493
3.451241493
6.902482986
3.451241493
0
8.702315331
7.614525795
0
0
0
0
0
10.02331257
10.02331257
0
0
0
0
0
0
0
-0.1
7.1
0
0
0
0
0
0
0
0
0
0
0
0
0
0
0
0
0
0
0
0
0
0
0
0
0
0
0
9.632302284
0
0
0
0
0
0
4.52514267
4.52514267
0
0
0
0
4.009494305
6.845383167
5.989709854
0
0
0
0
3.208475351
3.208475351
0
0
0
4.037689209
0
8.075378418
4.037689209
4.903524399
4.903524399
2.451762199
4.870290279
2.43514514
0
0
4.870290279
2.840972662
2.840972662
5.681945324
5.681945324
5.681945324
6.470530033
5.6617136
0
0
5.6617136
10.6833868
7.0109725
0
0
4.673981667
4.867878437
9.735756874
2.433939219
2.433939219
4.867878437
6.041133881
0
0
3.452076435
3.02056694
6.041133881
9.546580315
8.33074379
0
30.91381264
1.756210923
8.466114998
8.466114998
4.233057499
4.233057499
8.466114998
0
6.42101717
0
19.26305008
0
0
0
0
0
11.34725857
0
0
0
0
0
0
0
22.10303116
0
6.315152168
0
0
10.52360916
15.78541374
15.78541374
4.765980721
0
0
5.446835518
14.29794216
0
18.22603226
27.33904839
9.113016129
0
16.99471092
16.99471092
19.42252731
8.497355461
0
0
12.71304798
7.264599323
12.71304798
12.71304798
9.87656498
0
29.62969589
0
0
0
5.706508636
0
17.11952782
5.706508636
0
0
0
9.284070015
9.284070015
0
0
0
0
0
0
0
11.53521252
11.53521252
0
23.07042503
0
56.10303116
0
0
0
0
12.79698753
6.398493767
0
0
10.8224659
43.28986359
0
10.8224659
10.8224659
0
0
0
14.80037212
0
0
9.453227997
10.80368996
4.726613998
4.726613998
0
0
9.309056282
18.61811256
9.309056282
9.260566711
9.260566711
0
0
9.260566711
0
0
0
0
0
0
0
0
0
0
0
0
0
0
0
0
0
0
25.01857948
0
0
0
0
19.25386429
0
19.25386429
0
0
0
17.42798233
0
23.12822533
0
0
0
0
0
0
21.42064285
0
0
0
15.45301819
15.45301819
0
0
0
0
12.73966885
0
12.73966885
0
0
0
0
21.48074913
0
0
0
0
13.74139977
0
13.04176712
0
13.04176712
13.04176712
13.04176712
0
30.69516563
7.673791409
15.34758282
0
0
44.36788559
33.27591324
0
0
0
14.19805527
0
0
0
0
0
0
17.29488373
0
7.786744595
0
0
7.786744595
7.786744595
0
0
0
10.78487492
10.78487492
0
4.821172237
0
0
0
4.821172237
0
0
0
0
6.307778358
0
0
0
0
0
0
0
8.145693779
0
0
0
0
0
0
0
0
4.355672359
4.355672359
8.711344719
0
4.741858959
9.483717918
0
4.741858959
4.741858959
0
0
0
0
0
0
0
0
0
0
0
0
0
0
0
0
0
0
0
0
0
0
0
0
0
0
-0.1
7.1
0
0
0
6.604017735
0
0
0
0
0
0
0
0
0
0
0
0
0
0
0
0
0
0
0
0
0
0
0
0
0
0
0
0
0
0
0
0
3.598671675
0
0
0
7.197343349
0
0
0
0
0
0
0
0
0
0
0
0
0
0
0
0
0
0
0
11.77487469
0
0
0
0
0
4.114802837
0.470263153
0.470263153
0
0
0
9.674559593
0
0
0
0
0
0
0
5.797840118
0
0
0
5.073110104
3.103846073
3.103846073
6.207692146
0
0
0
0
6.315387726
3.60879302
9.473081589
3.60879302
4.422084332
5.053811073
5.053811073
8.844168663
4.422084332
2.286027193
2.286027193
2.286027193
0
0
9.95353508
19.90707016
0
0
0
9.799260139
0
0
3.266420126
0
0
0
4.895748615
4.895748615
4.283779621
0
0
3.529655218
3.529655218
7.059310436
0
11.14348793
16.71523285
0
11.14348793
0
0
10.26830864
0
0
0
4.996806622
5.710636139
4.996806622
24.98403168
19.2906208
4.822655201
9.645310402
0
0
21.53203583
7.177345753
0
0
0
7.177345753
8.003545761
8.003545761
0
0
8.003545761
12.14812946
0
0
24.29625893
0
0
0
10.24513626
0
0
12.01837158
0
12.01837158
0
0
0
0
0
0
0
0
13.70055008
0
0
0
0
11.74581909
0
0
0
12.0365963
0
0
12.0365963
0
0
8.452265739
0
7.76356411
0
23.55467224
0
0
0
0
0
0
9.335124969
9.335124969
0
0
0
0
0
11.37599945
0
0
0
0
0
0
0
0
0
0
0
0
0
0
0
0
0
0
0
0
0
0
0
0
0
13.37398148
45.35089111
0
0
0
0
0
0
0
0
0
0
8.676135063
0
8.676135063
8.676135063
0
23.57883644
0
23.57883644
0
0
0
11.02995014
11.02995014
0
11.02995014
13.804286
27.60857201
0
0
0
0
0
3.454373837
23.97741699
21.55935478
0
7.766261101
0
0
0
0
4.252327442
0
8.504654884
0
14.10359287
4.701197624
0
0
0
0
9.907586098
0
19.8151722
9.907586098
7.796003819
7.796003819
0
0
0
0
0
0
0
0
0
0
4.132365704
0
0
4.132365704
4.228010654
0
8.456021309
4.228010654
4.228010654
4.965583324
0
0
0
0
0
0
5.883987904
0
0
6.483681202
0
0
0
0
0
0
0
0
0
0
0
0
0
0
0
0
0
0
0
19.31833076
0
0
0
0
0
0
0
0
0
0
0
0
0
0
0
0
0
0
0
0
-0.1
7.1
0
0
0
0
7.316932201
0
0
0
0
0
0
0
0
0
0
0
0
0
0
0
0
0
0
0
0
0
0
0
0
0
0
0
0
3.527330875
0
0
0
0
0
0
0
0
0
0
4.055734158
4.055734158
0
0
0
0
0
0
0
0
0
0
0
0
2.746090412
0
0
0
0
3.362324238
2.68069458
0.35479784
6.544047832
2.168208361
4.178730011
0
3.275574923
3.275574923
6.551149845
3.275574923
0
0
3.611115694
10.83334637
0
0
0
0
0
0
2.482739449
7.448219299
7.448219299
4.965478897
7.448219299
5.674833775
2.537190676
5.074381351
5.074381351
7.611572266
5.799293041
5.060715675
8.434526443
1.686905265
1.686905265
1.686905265
4.926241398
5.747281075
6.294641018
0
5.747281075
4.85915947
0.899844468
2.279605865
19.13669205
0
0
0.573153913
14.22463799
0
0.260524482
0.475117654
8.206577301
0.561502576
0
0
0
20.91335678
11.95048904
6.971118927
0
5.743998051
2.871999025
5.743998051
5.743998051
5.743998051
0
4.957540035
0
4.957540035
0
1.709351301
0
1.953544378
3.418702602
0
0
0
5.190363884
5.190363884
2.595181942
0
0
21.19442177
0
0
8.825219154
26.21771622
0
0
0
17.47847557
8.833918571
0
8.833918571
8.833918571
26.50175667
0
0
0
0
0
11.9749403
5.98747015
0
0
0
20.3190937
0
0
0
0
0
0
9.684781075
0
9.684781075
8.877389908
17.75477982
0
26.63216782
8.877389908
0
0
16.04379082
0
0
0
0
0
0
0
4.445189476
0
0
0
0
0
0
0.480315715
0.344671011
0.856118321
3.83400774
3.70549345
0
0
9.874175072
3.46988368
0
0
0
0
14.44531441
16.48315239
0
0
0
0
0
0
4.037757397
0
0
18.73993301
9.369966507
0
0
9.369966507
4.291246891
4.291246891
4.291246891
8.582493782
12.87374115
10.95792198
10.95792198
10.95792198
0
10.95792198
0
0
6.786161423
0
13.57232285
0
0
17.73656654
0
0
7.759747982
0
5.925738335
0
11.85147667
5.925738335
9.080692291
0
9.080692291
9.080692291
18.16138458
11.97127151
0
23.94254303
35.91381836
11.97127151
29.41835976
0
9.806119919
19.61223984
0
0
0
0
20.28087044
0
5.114318848
10.2286377
10.2286377
15.3429575
10.2286377
0
8.085190773
0
8.085190773
0
0
5.705268383
8.756923676
0
2.520932436
0
9.611027718
19.22205544
0
0
13.43232727
13.43232727
0
0
0
0
2.023615122
0
0
0
0
0
2.60861659
0
0
0
0
0
3.966612339
3.966612339
3.966612339
0
0
11.16157246
5.580786228
0
0
0
0
0
0
6.041517735
24.16607094
0
6.041517735
0
6.74920845
11.81111431
5.905557156
5.905557156
0
0
0
0
0
0
0
0
0
0
0
0
0
0
0
0
0
0
0
0
0
0
0
0
0
0
0
-0.1
7.1
0
0
0
0
0
0
0
0
0
0
9.535527229
0
0
0
0
0
0
0
0
0
0
0
0
0
0
0
0
0
0
0
0
0
0
0
0
0
0
0
0
0
0
6.303525925
6.303525925
0
0
0
0
0
0
0
0
0
0
0
0
0
0
0
2.797721148
0
0
0
10.77474213
5.387371063
0
0
0
4.467095852
7.817418098
10.27430725
0
5.137153625
0
0
0
1.633012056
3.266024113
1.866299629
1.633012056
2.447194576
0
0
2.447194576
0
0
0
2.31317544
0
5.287258148
2.31317544
2.902913809
24.34701729
3.371125698
13.01629066
0
0
0
7.682718277
0
0
0
0
0
0
3.518191338
9.549221992
0
0
0
0
0
10.96168804
12.52764511
10.96168804
0
2.965525389
5.189669132
5.189669132
2.594834566
7.784503937
5.033595562
15.10078621
5.033595562
5.033595562
10.06719112
0
4.526780605
0
9.053561211
0
0
6.414364815
11.22513771
11.22513771
0
0
0
0
3.064820528
6.129641056
5.343909264
16.03172684
0
0
16.03172684
6.880518436
6.880518436
0
13.76103687
0
0
0
0
0
0
18.69998932
0
9.857440948
0
19.7148819
0
0
12.85714531
0
0
0
0
14.04284668
0
0
0
0
0
0
0
12.8869381
0
16.75681686
0
0
0
0
0
0
8.073563576
0
0
0
0
14.05490208
4.684967518
0
0
9.270467758
0
0
0
7.996245861
0
7.996245861
0
0
0
15.37556839
0
0
0
0
0
0
0
0
0
0
0
0
0
8.495703697
0
0
0
0
0
0
0
0
0
0
0
0
0
22.28145218
0
11.70143509
23.40287018
0
0
0
12.56368828
0
12.56368828
0
0
28.93194962
0
0
0
0
0
0
0
0
0
0
0
0
22.64866447
0
0
0
0
0
17.90305138
0
29.57066727
9.856889725
29.57066727
0
0
9.048124313
18.09624863
9.048124313
9.048124313
4.802722454
14.40816689
4.802722454
9.605444908
4.802722454
5.388998032
5.388998032
5.388998032
5.388998032
0
18.27101707
18.27101707
0
0
9.135508537
9.053832054
0
0
36.21532822
18.10766411
4.700626373
0
0
4.700626373
4.700626373
24.96114349
0
0
16.64076233
0
0
0
0
12.00847244
8.005647659
4.00282383
2.56362462
0
2.56362462
0
0
0
0
0
0
0
0
0
3.428823948
0
3.428823948
0
0
0
0
0
0
0
0
0
0
0
0
0
0
0
0
0
0
0
0
0
0
0
0
0
0
0
0
0
0
0
0
7.52878952
0
0
0
0
0
0
0
0
-0.1
7.1
0
3.01143074
0
0
3.01143074
0
0
0
0
0
0
0
0
0
0
0
0
0
0
0
0
0
0
0
0
0
0
0
0
0
0
0
0
7.082077503
0
0
0
0
0
0
0
0
0
0
0
0
0
0
0
0
0
0
0
0
0
0
0
5.240741253
5.989418983
2.433697462
2.433697462
4.867394924
4.867394924
0
8.419032097
8.419032097
0
8.419032097
0
0
0
3.562154055
9.350653648
15.58442402
0
2.226932526
7.635197639
0
0
0
0
3.830143213
3.830143213
0
0
0
4.937726021
2.46886301
0
4.937726021
5.332141876
2.666070938
6.093875885
2.666070938
5.332141876
0
3.894727468
7.789454937
1.947363734
3.894727468
0
4.440738201
7.612694263
2.220369101
2.537564993
9.981368065
18.54693985
16.56482315
3.114753008
0
0
0
0
33.89701462
0
5.126244545
0
5.126244545
15.37873363
5.126244545
21.05976868
28.07969093
0
0
0
4.183358192
0
4.183358192
8.366716385
0
20.5310955
10.26554775
0
0
10.26554775
7.892985821
0
7.892985821
0
0
0
18.61705017
12.41136742
18.61705017
0
4.479547024
8.959094048
0
8.959094048
8.959094048
0
0
0
21.5105648
0
0
21.07575989
14.05050755
28.10101509
0
0
0
0
9.403552055
0
9.403552055
8.509770393
17.01954079
0
17.01954079
8.509770393
0
0
0
17.49742699
17.49742699
0
0
0
0
11.0280323
0
0
19.2828083
19.2828083
0
0
0
4.320127487
0
8.640254974
9.851075172
9.851075172
9.851075172
0
0
7.200438976
0
0
0
14.40087795
0
11.84785271
0
0
0
0
0
0
0
5.802126408
11.60425282
10.85644054
0
0
16.28466034
0
8.694881439
8.694881439
17.38976288
0
0
4.651207447
0
4.021720409
0
5.193264961
9.149375916
18.29875183
4.574687958
4.574687958
13.72406387
0
0
10.40568256
20.81136513
31.21704674
22.4467659
11.22338295
11.22338295
11.22338295
0
0
23.10971832
11.55485916
0
0
0
0
0
39.52732468
0
0
12.40417862
24.80835724
0
12.40417862
12.40417862
23.43592262
7.811973572
0
7.811973572
15.62394714
13.47828388
13.47828388
13.47828388
0
0
11.65408897
11.65408897
11.65408897
11.65408897
0
0
0
0
0
0
9.380727768
9.380727768
0
0
0
0
5.458697319
5.458697319
5.458697319
0
0
0
7.376290798
7.376290798
0
10.82723236
0
0
10.82723236
10.82723236
8.915541649
0
0
17.8310833
0
0
7.744719028
3.872359514
0
0
3.872359514
0
8.363648415
4.181824207
0
4.181824207
0
0
0
3.401126385
0
0
0
0
0
0
0
0
0
0
0
0
0
0
0
0
0
2.45197463
2.45197463
0
0
0
0
7.458688736
0
0
4.854910374
0
0
0
0
0
0
0
0
3.314098358
0
4.863858223
4.863858223
0
0
0
0
0
0
0
0
-0.1
7.1
0
0
0
0
0
0
3.84457159
0
0
0
0
1.373178482
0
0
1.373178482
0
0
0
0
0
1.599847555
0
0
0
0
3.351617098
1.675808549
0
0
0
0
0
2.324248314
0
4.648496628
0
0
0
8.851691246
2.950563669
5.901127338
4.558068275
4.558068275
6.837102413
0
4.558068275
7.532793045
0
0
0
0
0
0
0
0
0
0
0
5.015550137
1.671850085
3.39915967
0
3.39915967
10.19747925
6.79831934
0.992200911
1.894201756
2.886402607
2.074601889
0.631400585
0
0
8.466277122
4.233138561
12.69941616
2.267240524
0
2.267240524
2.267240524
2.591132164
4.200837612
4.200837612
2.100418806
4.200837612
0
0
0
3.028799057
3.028799057
0
0
0
7.072007656
7.072007656
0
7.072007656
0
0
0
4.147428989
16.58971596
14.62826347
9.752175331
0
0
9.752175331
6.311344147
16.567276
0
0
5.522425652
0
0
7.961081982
0
0
0
12.53057289
0
4.176857948
4.176857948
4.044894695
8.089789391
4.044894695
8.089789391
16.17957878
4.350839615
0
0
4.350839615
8.70167923
0
0
0
0
17.76289558
2.607589245
0
0
0
7.822767258
4.713197708
9.426395416
4.713197708
0
9.426395416
3.523525953
21.14115524
3.523525953
10.57057762
3.523525953
0
0
0
39.13487244
9.783718109
9.783718109
0
24.99237061
0
10.93416309
10.93416309
11.88356876
23.76713753
0
0
11.88356876
0
0
0
0
0
0
0
0
0
0
0
20.43487167
0
30.6523056
0
7.289496422
7.289496422
7.289496422
14.57899284
0
8.120752335
0
0
16.24150467
0
10.53302765
21.0660553
10.53302765
21.0660553
0
0
12.21492195
0
12.21492195
0
0
0
0
0
0
8.33882618
0
0
0
0
0
0
0
0
0
0
9.866659164
0
0
0
0
0
4.387238026
4.387238026
0
0
0
13.32699203
0
0
0
8.176125526
0
0
8.176125526
0
0
0
0
0
32.30792236
32.30792236
0
0
0
0
24.06814766
0
11.33494377
22.66988754
0
11.33494377
0
0
0
0
0
0
0
0
0
0
8.632752419
0
0
0
25.89825439
0
0
25.20697594
0
0
0
6.536143303
13.07228661
6.536143303
0
4.528738499
4.528738499
0
4.528738499
4.528738499
0
9.130934715
27.3928051
0
0
27.68709373
6.921773434
0
6.921773434
6.921773434
0
10.25719547
0
0
0
13.86114693
13.86114693
0
0
0
0
0
0
0
0
0
0
0
0
0
0
0
0
0
0
0
0
0
0
0
0
0
0
0
0
0
0
0
0
14.43150902
0
7.143488884
0
0
7.143488884
3.571744442
0
0
0
5.189716339
0
0
0
0
0
0
0
0
0
0
0
0
0
0
0
5.749587536
0
0
0
0
0
0
-0.1
7.1
0
0
0
0
0
1.720780373
0
0
0
1.720780373
1.200396657
0
2.400793314
1.200396657
2.400793314
1.554326534
0
0
0
1.554326534
2.54668951
0
0
0
0
0
0
0
0
0
0
0
0
0
0
0
0
0
0
0
0
0
0
0
0
0
0
0
0
0
0
0
0
0
0
0
0
7.435342789
3.717671394
3.366047144
6.732094288
0
0
0
0
0
0
0
0
0
5.367929459
0
0
0
0
0
0
2.116837025
0
3.11631465
14.24601173
12.4652586
0
0
8.791707993
0
0
0
5.023833275
2.197926998
0
0
8.019026756
10.52497196
0
0
0
4.211845398
0
0
13.11596584
13.11596584
0
8.743977547
4.371988773
8.062060356
0
4.031030178
4.606891632
8.062060356
5.076608181
5.076608181
0
5.801838398
0
3.349771023
10.04931259
0
8.793148994
2.931049347
11.10770321
16.66155624
0
0
0
0
7.533812046
0
15.06762409
0
0
6.200739861
6.200739861
0
0
0
0
11.14364147
5.571820736
11.14364147
10.16298962
10.16298962
0
0
0
10.96304798
10.96304798
0
10.96304798
0
5.481523991
16.04606247
0
16.04606247
0
16.04606247
0
0
6.97030735
6.97030735
0
36.04560852
0
0
27.03420448
0
0
0
0
25.82889366
0
0
0
15.64256477
0
0
0
0
7.164117813
7.164117813
0
0
0
0
0
0
0
0
0
0
0
0
43.10887527
0
0
21.55443764
0
0
0
0
0
0
0
11.01171303
11.01171303
0
0
0
0
0
0
0
0
15.36001015
0
0
0
0
0
0
0
0
0
0
0
0
9.330728531
0
0
0
0
0
0
0
0
15.67783165
0
0
0
0
0
18.30443192
0
0
0
0
0
13.83462715
7.295142651
14.5902853
21.88542557
0
7.295142651
0
0
22.58864021
7.529546738
0
12.08066845
24.1613369
24.1613369
0
0
0
0
5.008913994
10.01782799
5.008913994
5.900598049
5.900598049
5.900598049
0
0
0
0
6.656355858
13.31271172
6.656355858
7.604687691
0
7.604687691
3.802343845
7.604687691
5.500764847
0
0
11.00152969
5.500764847
0
0
9.498534203
0
0
4.86089468
4.86089468
0
0
0
7.404041767
7.404041767
0
0
7.404041767
22.21212387
4.635825157
0
0
0
0
0
0
0
0
0
0
0
0
0
0
0
0
0
0
0
0
0
0
0
0
7.471944332
0
7.471944332
7.471944332
0
3.890094995
0
0
0
0
0
2.266563416
0
0
6.799690723
10.83242512
6.189957619
0
0
0
0
0
0
0
0
0
0
0
0
0
0
0
0
0
0
0
-0.1
7.1
0
0
0
0
5.95673275
0
0
0
0
0
0
0
0
0
0
0
0
0
0
0
0
0
0
0
0
0
0
0
0
9.53762722
3.179208994
7.572537899
0
0
0
0
0
0
0
0
3.901123047
3.782243967
7.564487934
0
0
0
0
0
0
0
0
0
0
0
0
0
0
0
0
0
2.805533648
5.611067295
0
0
0
0
0
0
0
0
4.438645363
4.438645363
0
0
0
0
0
0
0
0
0
0
0
0
0
0
0
0
4.627048969
4.627048969
5.99285841
5.99285841
5.99285841
5.99285841
6.84898138
3.964780569
3.964780569
3.964780569
11.89434147
7.929561138
3.224452019
6.448904037
0
3.685088158
3.224452019
0
0
4.431683064
15.51089096
0
15.87685966
9.072491646
7.938429832
0
0
0
13.78980827
7.879891396
7.879891396
15.75978279
10.6371088
5.318554401
0
10.6371088
0
16.9445343
0
12.08782101
4.532932758
4.425005436
0
0
0
0
0
8.175303459
0
0
28.02961159
9.343204498
0
0
15.65392685
0
0
0
0
8.870894432
0
13.30634308
4.435447216
9.048239708
4.65498209
18.2273407
4.01936245
13.90886402
0
0
0
0
0
0
11.63253784
0
5.816268921
5.816268921
0
0
24.68932533
0
0
18.36644745
0
0
0
0
0
13.25892162
0
0
0
0
13.91153908
0
0
0
12.09038448
12.09038448
12.09038448
0
0
9.482702255
4.741351128
4.741351128
0
4.741351128
0
0
0
0
21.73067093
0
0
0
0
0
0
0
8.64411068
0
0
0
0
0
0
0
0
0
0
0
0
8.879490852
34.45199966
0
17.22599983
0
0
0
0
18.72751617
0
0
0
0
9.001095772
0
0
0
0
0
0
0
0
0
9.978056908
0
0
0
0
0
0
15.96119595
0
11.84153461
0
0
11.84153461
0
0
0
0
18.83159447
0
38.10421753
12.70140457
12.70140457
0
0
0
0
0
15.57773209
0
0
0
0
14.16503239
0
0
0
34.07076263
0
0
21.67136765
21.67136765
0
0
0
0
9.021325111
20.62017059
9.021325111
9.021325111
0
5.882815838
17.64844894
0
0
0
0
0
0
0
0
0
0
0
0
0
5.241901875
0
0
0
0
0
0
0
0
0
0
0
0
7.985826015
0
0
0
0
0
0
2.86511755
2.86511755
0
0
0
0
0
0
0
0
3.228828669
0
0
3.228828669
0
0
3.680202723
0
0
0
0
0
0
0
0
0
0
0
0
0
0
0
0
0
6.18763876
3.09381938
-0.1
7.1
7.3748703
0
0
0
0
0
0
0
0
0
0
0
0
0
0
3.725178003
0
0
0
0
0
0
0
0
0
0
0
0
0
7.456123352
3.728061676
0
10.57905483
7.052703381
3.52635169
0
0
0
0
0
0
0
0
3.790484667
3.790484667
4.331983089
4.713739872
4.713739872
0
0
0
0
0
0
0
0
2.117320061
4.234640121
4.234640121
0
0
3.712934256
12.73006058
14.85173702
2.808411121
0
5.616822243
5.616822243
5.616822243
3.355497837
10.06649399
10.06649399
0
0
8.006878853
4.003439426
8.006878853
8.006878853
4.575359821
0
0
6.961523533
0
0
0
0
0
0
0
11.03669548
3.990264893
20.94889069
3.491481781
3.491481781
0
4.115511417
16.46204567
4.115511417
0
0
0
0
5.884683609
7.723646164
7.723646164
5.68710947
14.92866135
0
0
11.37421894
9.644317627
0
0
4.822158813
0
3.377207994
8.865170479
5.910113811
0
0
3.271803856
0
3.271803856
0
0
4.613182545
0
9.226365089
9.226365089
0
0
0
9.283604622
9.283604622
9.283604622
5.203213215
0
5.203213215
5.946529865
10.40642643
0
0
0
0
3.897162437
5.453210831
10.90642166
6.232241631
5.453210831
5.453210831
0
0
7.598743439
19.94670105
6.648900509
6.648900509
0
16.15310478
0
9.230345726
0
8.581733704
0
7.509016991
7.509016991
15.01803398
0
9.925182343
8.684535027
8.684535027
0
0
7.558691502
7.558691502
17.27700806
0
0
5.814004421
0
5.814004421
11.62800884
16.34621811
40.86554718
0
0
16.34621811
0
10.40347385
0
0
20.80694771
27.7664299
27.7664299
0
18.510952
18.510952
10.35492611
10.35492611
0
20.70985222
0
0
0
0
19.73700142
0
0
0
21.784832
0
0
0
0
0
0
0
0
0
0
0
0
0
7.858263969
0
0
0
0
0
35.42781448
20.24446678
0
17.71390724
0
27.3491993
0
0
18.23279953
12.13802814
0
0
24.27605629
24.27605629
0
6.788558483
6.788558483
13.57711697
0
0
12.99243927
0
0
0
25.98487854
0
0
8.094021797
16.18804359
16.18804359
0
38.91801453
0
0
0
34.00404739
11.33468246
34.00404739
0
11.33468246
23.07738304
0
11.53869152
23.07738304
23.07738304
5.099593163
10.19918633
0
15.29878044
15.29878044
0
0
13.6802597
6.840129852
0
6.368003368
0
6.368003368
6.368003368
6.368003368
6.716026306
6.716026306
13.43205261
6.716026306
0
0
0
21.33596611
14.22397709
14.22397709
0
11.948493
35.84547806
0
0
0
0
0
8.785282135
2.928427458
0
0
0
0
2.875565529
5.751131058
0
0
0
0
0
0
0
5.284930229
5.284930229
0
0
10.60157871
0
0
0
4.966014385
8.690525055
0
0
0
0
0
0
0
0
0
0
0
0
0
0
0
0
0
0
0
0
0
0
4.755875587
0
0
0
0
0
5.519826412
0
0
0
0
0
-0.1
7.1
0
5.078616142
0
0
0
0
0
0
0
0
0
0
0
0
0
0
0
0
0
0
0
0
0
0
0
4.288745403
0
0
0
0
0
0
0
0
0
0
0
0
0
0
0
0
0
0
0
0
0
0
0
0
0
8.598344803
0
0
0
0
0
0
0
0
0
0
0
0
0
0
0
0
0
0
0
0
0
0
0
7.389656067
0
14.77931213
0
22.1689682
3.678352118
0
3.678352118
0
0
6.17431736
12.34863472
6.17431736
0
12.34863472
0
5.081143856
5.081143856
2.540571928
5.081143856
5.081143856
0
0
0
0
0
15.28016472
0
0
4.074710846
3.056033134
0
5.803841591
8.705762863
2.901920795
8.705762863
7.948289871
15.89657974
0
0
0
0
5.751173019
11.50234604
0
5.751173019
14.64286709
0
0
12.81250858
0
6.371421337
6.371421337
3.185710669
3.185710669
9.557131767
5.216572285
0
10.43314457
5.216572285
5.216572285
11.74211121
0
0
0
0
3.525587082
0
7.051174164
7.051174164
3.525587082
10.51096821
0
0
5.255484104
0
5.255484104
18.94782257
4.736955643
4.736955643
0
9.473911285
0
0
0
20.82467079
0
0
16.14868927
8.074344635
0
0
37.88014603
9.470036507
9.470036507
9.470036507
0
6.056598663
0
0
3.028299332
3.028299332
0
0
0
6.006761551
12.0135231
0
0
4.154374599
0
4.154374599
21.85861397
7.286205292
7.286205292
14.57241058
0
0
0
8.938297272
8.938297272
0
0
0
0
0
0
0
0
0
0
0
0
0
0
9.587224007
0
9.587224007
36.90351486
0
9.225878716
0
0
0
0
5.845508099
5.845508099
0
0
0
6.931833744
6.931833744
0
0
0
5.048320293
0
0
0
0
16.23719788
0
0
6.595176697
6.595176697
0
0
0
0
0
0
0
0
11.58247662
0
18.9705677
0
0
37.94113541
6.445128441
0
6.445128441
6.445128441
6.445128441
0
23.93437958
0
0
11.96718979
0
6.053673267
0
0
12.10734653
0
12.89024353
0
0
0
9.84237957
9.84237957
4.921189785
4.921189785
0
16.18717194
8.093585968
0
8.093585968
0
0
0
0
0
5.414432526
0
10.5764246
21.1528492
0
0
3.411589146
6.823178291
0
6.823178291
0
0
0
17.05654526
8.528272629
0
17.05654526
5.82656908
0
0
2.91328454
0
0
0
0
0
0
0
0
0
0
7.216660976
0
0
0
6.627851486
0
4.96165514
0
0
0
0
0
0
0
0
0
0
0
0
0
0
0
0
0
0
1.728615046
5.180912495
0
0
0
0
0
0
0
0
0
6.216383934
0
0
0
0
0
0
0
0
0
0
-0.1
7.1
0
0
0
0
5.117807865
0
0
0
0
0
0
0
0
0
0
0
0
0
0
0
3.545418024
0
0
0
0
0
0
0
0
0
0
0
0
0
0
0
0
0
0
0
0
0
0
0
0
0
0
0
0
0
0
0
0
0
0
0
2.254932642
4.509865284
2.254932642
3.891560793
0
0
7.783121586
3.891560793
0
0
0
0
0
0
2.37593174
6.236820221
6.236820221
2.078939915
5.536244392
1.845414877
0
5.536244392
1.845414877
3.689226866
1.844613433
1.844613433
0
1.844613433
6.771299362
3.385649681
3.385649681
3.385649681
3.385649681
3.385649681
13.6182394
9.078826904
27.23647881
0
9.078826904
3.443001509
0
0
0
0
3.842895508
3.842895508
3.842895508
1.921447754
0
8.560119629
2.853373289
8.560119629
2.853373289
0
4.010109425
4.010109425
0
4.010109425
16.0404377
7.90683651
0
0
11.86025524
0
0
7.043405533
7.043405533
14.08681107
0
0
0
0
17.36260796
0
0
4.731707573
4.731707573
9.463415146
18.92683029
0
0
0
0
15.04647541
0
0
0
29.73854828
0
0
11.13515377
5.567576885
11.13515377
16.70273018
5.567576885
0
5.172530174
0
0
10.34506035
0
0
5.797764778
5.797764778
0
0
0
11.50798798
0
0
0
0
7.466784477
7.466784477
0
0
0
26.32854271
26.32854271
0
0
18.81239128
0
9.406195641
0
0
22.93190956
0
0
0
0
0
0
0
0
0
0
0
0
0
0
0
0
0
0
17.98764992
8.993824959
0
0
0
0
0
0
0
0
0
0
0
0
0
0
0
0
0
0
0
0
15.20694351
0
0
0
0
0
0
0
0
0
0
0
0
0
0
0
17.66543961
0
0
0
0
0
0
0
0
0
0
21.47408867
10.73704433
0
0
35.14365005
0
0
0
10.0628767
10.0628767
10.0628767
0
0
0
10.75237274
10.75237274
0
32.25711823
0
11.50342178
0
0
0
0
0
0
0
0
0
0
0
0
0
0
0
0
0
5.438149452
8.408074379
19.21845627
0
0
0
0
12.49178696
0
6.245893478
0
0
5.209102154
0
0
0
0
0
0
0
0
8.13493824
16.08507538
0
0
0
0
0
0
0
0
0
0
0
0
0
0
0
0
0
0
0
0
0
0
0
0
4.779137611
4.779137611
4.779137611
0
0
0
0
0
0
0
0
0
0
0
0
0
0
0
0
0
0
0
0
0
0
0
0
0
0
0
0
-0.1
7.1
0
0
0
0
0
0
7.138913155
0
0
0
2.771710396
0
0
0
0
0
0
0
0
0
0
0
0
4.817672253
0
0
0
0
0
0
0
0
0
0
0
0
0
0
0
0
0
0
0
0
0
0
0
0
0
0
0
0
2.243178368
4.486356735
2.243178368
2.243178368
3.022567034
0
0
0
4.613633156
0
0
0
5.937508106
0
8.906262398
2.968754053
8.906262398
0
0
0
0
0
3.679610491
3.679610491
3.679610491
4.205269337
0
0
2.939914227
1.469957113
1.469957113
1.469957113
4.864360809
0
9.728721619
14.59308243
0
0
0
0
3.643972635
3.643972635
3.643972635
4.492548943
17.97019577
15.40302563
13.47764874
4.492548943
11.0132494
0
8.259937286
0
8.259937286
6.268994331
0
6.268994331
18.80698204
0
0
0
4.188633442
0
0
5.668646336
6.478453159
0
5.668646336
2.834323168
15.06979084
15.06979084
0
10.04652691
0
16.75212097
0
0
25.12818336
0
12.06970596
6.034852982
0
12.06970596
0
4.400693893
13.20208073
4.400693893
13.20208073
4.400693893
0
8.958926201
8.958926201
0
0
4.536685944
13.61005878
9.073371887
4.536685944
0
0
0
13.8396244
20.75943756
6.919812202
0
39.09503937
0
0
15.63801575
31.27603149
0
0
13.34398174
15.25026512
0
0
0
0
30.25259209
15.12629604
10.8226099
0
5.411304951
0
0
13.63647556
27.27295113
0
0
0
0
26.72800446
23.38700485
0
11.69350243
0
0
9.819954872
0
0
5.446695328
10.89339066
0
0
5.446695328
6.738530159
6.738530159
0
0
0
0
14.894907
14.894907
0
0
0
0
8.762742043
0
0
17.52548409
0
0
0
8.814124107
26.44237137
0
0
0
15.96213245
0
0
0
15.67455578
0
0
0
0
0
5.309929848
0
18.33365631
0
0
0
0
0
0
0
0
0
0
0
0
6.261746407
6.261746407
0
21.11250305
0
10.55625153
10.55625153
0
0
0
0
0
0
0
0
9.272735596
0
0
0
0
0
24.08990479
0
0
0
0
9.599769592
0
0
5.749559402
5.749559402
5.749559402
0
0
0
0
11.87841892
11.87841892
0
8.448188782
0
12.67228222
8.448188782
8.003395081
16.00679016
0
8.003395081
0
8.123291016
8.123291016
8.123291016
0
8.123291016
0
0
18.86713028
0
0
0
0
0
0
7.49726963
11.24590397
10.17059326
0
0
4.449634075
8.89926815
0
0
0
0
0
3.206065178
0
0
0
0
0
0
0
0
0
0
0
0
0
0
0
0
0
2.279933453
9.11973381
2.605112314
0
0
5.210224628
0
0
0
0
0
0
0
0
0
0
0
0
0
0
0
0
0
0
0
0
0
0
-0.1
7.1
0
0
0
0
0
0
0
0
0
0
0
0
3.294245005
0
0
0
0
0
0
0
0
0
5.353511333
1.784503818
0
0
0
0
0
0
0
0
0
0
0
0
0
0
0
0
6.84773016
4.021834373
0
0
4.021834373
2.010917187
6.543629646
3.271814823
0
0
0
7.202462673
0
3.601231337
1.800615668
0
4.686743736
0
0
5.148263454
0
0
0
0
0
0
0
7.888613224
0
0
0
0
0
0
0
0
0
8.63127327
3.699116945
0
0
0
0
4.437358379
0
3.285788059
0
6.571576118
6.571576118
0
0
5.028009415
15.0840292
0
5.028009415
7.425265789
4.950177193
4.950177193
0
0
13.45872307
3.364680767
0
3.845349789
20.18808556
3.862395525
7.72479105
0
7.72479105
7.72479105
0
0
0
0
0
0
15.08353329
0
3.770883322
4.309580803
0
0
0
0
8.220687866
5.707974434
0
0
0
0
7.107096195
14.21419239
0
0
0
0
11.63083458
0
0
0
3.714453459
0
3.250146627
3.250146627
3.250146627
0
3.305080175
13.2203207
3.305080175
3.305080175
3.305080175
15.4717207
10.31447983
5.157239914
5.157239914
5.157239914
22.35434532
33.53152084
0
11.17717266
11.17717266
0
14.42646885
0
0
0
0
0
48.91951752
0
16.3065052
7.29193449
7.29193449
7.29193449
0
0
0
0
0
13.13766479
0
2.526946783
0
0
0
0
0
0
0
0
0
0
3.488194466
0
3.488194466
3.488194466
21.25782394
10.62891197
0
10.62891197
10.62891197
4.449625015
0
0
0
0
0
26.61210251
0
0
0
0
0
2.983296871
0
0
3.409482479
0
0
0
0
12.69564819
9.078435898
0
0
0
9.078435898
0
0
0
28.94416237
0
0
0
10.09428883
0
0
0
0
0
0
0
17.38143921
0
0
0
25.60498428
0
0
0
0
17.43186188
17.43186188
0
6.424929142
19.274786
0
0
10.0585928
0
10.0585928
30.17577934
0
0
10.84636593
12.39584827
10.84636593
10.84636593
0
0
0
0
41.23436356
0
2.356323719
0
0
2.356323719
4.084236145
0
4.084236145
12.25270748
4.084236145
0
13.83688068
0
41.51064301
0
13.9181633
6.95908165
6.95908165
0
0
7.104526997
0
0
0
0
7.028819084
0
7.028819084
7.028819084
0
7.028819084
0
0
13.16396236
0
0
0
0
0
11.03306389
5.516531944
0
11.07974625
0
0
0
0
7.415716648
7.415716648
0
0
0
0
0
4.606766224
0
0
0
0
0
0
0
4.357857704
2.178928852
2.178928852
0
0
0
0
0
0
0
0
12.44047642
0
0
0
0
0
0
0
0
0
0
0
0
0
0
0
0
0
0
-0.1
7.1
0
0
0
0
0
0
0
0
0
0
0
0
0
0
0
0
0
0
0
0
4.46988678
4.46988678
4.46988678
0
0
0
0
0
0
0
0
0
2.89354825
0
0
0
0
0
0
0
0
0
0
0
2.931068659
5.862137318
2.620863199
0
0
0
5.241726398
0
0
0
0
6.242084503
1.980523467
3.961046934
3.961046934
5.941570282
7.475371361
2.491790771
4.983581543
0
0
0
0
0
0
0
0
0
0
0
3.2467556
12.25842476
0
0
0
0
1.877902985
5.633708954
3.755805969
0
1.877902985
0
0
1.948956847
3.897913694
5.846870899
3.897913694
9.714949608
6.476633072
3.238316536
3.238316536
3.238316536
10.25514221
0
10.25514221
0
0
0
3.341503859
3.341503859
0
6.683007717
0
0
2.552625656
2.552625656
2.552625656
0
10.72315884
0
0
0
0
17.43413734
13.94731045
6.973655224
3.486827612
2.634141207
0
0
0
0
15.49278927
3.098557949
3.098557949
0
0
8.099645615
0
0
16.19929123
16.19929123
0
0
0
8.48393631
4.241968155
0
8.060793877
8.060793877
0
4.030396938
31.4830265
0
0
0
0
12.59321022
0
0
16.96406746
16.96406746
0
0
19.69557571
0
0
0
0
0
6.792830467
13.58566093
0
6.871803284
0
0
0
0
0
0
0
0
0
0
0
0
0
18.02015686
0
9.666978836
0
0
0
13.12799644
6.563998222
0
26.25599289
13.12799644
0
8.561742783
0
8.561742783
0
0
0
0
0
0
0
0
0
0
0
0
0
30.95339012
0
0
0
0
0
4.13411665
4.13411665
0
0
0
12.73415756
0
0
0
0
0
13.58838367
0
0
0
0
0
0
0
0
0
0
15.36017418
8.462121964
0
8.462121964
0
8.462121964
0
9.90515995
5.660091877
4.952579975
4.952579975
0
0
15.05346966
0
0
0
0
0
14.60115051
14.60115051
14.60115051
8.518333435
0
8.518333435
25.55500221
17.03666687
4.847350597
0
3.635512829
7.271025658
0
17.73620796
0
0
17.73620796
8.868103981
0
0
12.12392807
6.061964035
6.061964035
4.128157616
4.128157616
8.256315231
4.128157616
4.128157616
17.29212379
0
0
0
0
0
0
0
0
11.2065134
0
0
3.613305807
3.613305807
4.129492283
0
0
0
22.13881302
0
7.379604816
2.036655664
0
4.073311329
0
0
0
6.289587975
0
0
0
1.722255826
0
0
1.722255826
0
3.102459431
0
3.102459431
3.102459431
6.204918861
0
0
0
5.841597557
3.894398689
7.007945538
0
0
0
0
0
0
0
0
0
0
0
4.00014019
0
0
0
12.00249386
0
0
0
0
0
0
0
0
0
3.906270504
0
0
3.906270504
4.568892002
0
0
0
9.128721237
0
-0.1
7.1
0
0
0
0
0
0
0
0
0
0
0
0
0
0
0
0
0
0
0
0
0
0
0
0
3.704618931
0
0
5.603626251
0
0
0
0
0
2.718008041
2.718008041
0
0
0
0
9.530812263
0
0
6.103475094
3.051737547
0
0
0
0
0
3.900879383
0
7.991520405
4.566583157
0
0
3.995760202
1.621117949
0
3.242235899
4.183341026
2.091670513
4.183341026
2.091670513
0
4.011968613
0
9.170214653
4.011968613
4.011968613
12.07220268
6.898402214
12.07220268
6.036101341
0
0
4.859059811
4.859059811
9.718119621
14.57718086
3.115804672
0
0
4.673707008
0
6.462165356
0
0
0
0
6.462165356
1.974569678
0
1.974569678
3.949139357
1.974569678
0
4.890801907
0
0
0
7.670276642
7.670276642
0
15.34055328
7.670276642
0
0
0
2.816978693
17.25399399
0
8.012399673
16.02479935
0
4.006199837
0
0
0
13.96405506
13.96405506
5.014760494
0
5.014760494
15.04428101
5.014760494
6.551382542
6.551382542
0
13.10276508
6.551382542
0
0
0
0
0
0
9.432943344
9.432943344
0
0
0
14.5623579
0
0
0
11.13525677
16.70288467
0
0
11.13525677
11.13525677
0
0
13.149786
0
13.149786
0
0
0
0
24.26516151
16.99536705
0
8.497683525
8.497683525
16.99536705
0
0
10.67231274
0
0
9.728701591
0
8.512613297
8.512613297
8.512613297
5.709221363
0
0
0
0
0
0
0
0
20.49850464
0
0
0
0
0
0
0
8.643938065
0
0
11.22316551
11.22316551
0
0
11.22316551
2.778430223
0
5.556860447
0
5.556860447
0
0
0
0
0
0
0
0
0
0
0
0
0
0
0
0
0
0
0
0
0
0
0
0
0
0
0
0
0
0
0
0
0
22.93217087
45.86434174
0
0
15.1734581
0
0
0
15.1734581
0
0
7.135354996
0
7.135354996
0
0
0
10.54657841
0
0
0
0
18.16337204
0
0
0
0
37.13998032
0
0
35.21041107
11.73680305
0
0
0
13.86945343
0
0
13.86945343
0
0
0
0
0
0
0
0
6.577821255
13.15564251
8.219614029
8.219614029
8.219614029
16.43922806
16.43922806
0
0
0
0
0
0
0
0
15.56198788
0
0
9.901724815
0
8.664009094
8.664009094
8.664009094
0
0
0
0
0
1.615395904
0
0
0
0
0
0
0
0
0
0
0
0
0
5.462673187
3.673675299
3.673675299
0
0
3.673675299
11.64437294
0
0
0
0
7.187039852
0
0
0
3.593519926
0
0
0
0
0
0
0
0
0
0
0
0
0
0
0
0
0
0
0
0
0
-0.1
7.1
0
0
0
0
2.695454597
0.809689462
2.429068327
0
0
0
0
0.961026311
0
0.961026311
0.961026311
0
0
1.730816245
0
0
0
0
0
0
0
0
0
3.593683004
3.593683004
3.593683004
0
0
0
0
0
0
0
0
2.395445824
0
2.395445824
2.112048388
0
0
4.224096775
2.112048388
8.35425663
2.088564157
2.088564157
0
0
1.449603319
2.899206638
0
0
0
1.388039589
0
1.388039589
7.07225275
3.536126375
3.536126375
3.536126375
3.536126375
9.345669746
9.345669746
0
9.345669746
0
0
0
0
3.737889767
1.868944883
0
0
0
3.986459017
11.95937634
6.598450661
9.897675514
0
0
0
3.371317863
3.371317863
0
0
0
6.742635727
0
7.680297375
7.680297375
7.680297375
2.560099125
2.560801983
0
0
2.560801983
0
0
3.949037313
3.949037313
7.898074627
0
5.772789001
2.886394501
8.659183502
5.772789001
0
0
0
0
6.269785881
12.53957176
3.988162518
3.988162518
11.96448708
7.976325035
3.988162518
0
8.176998138
4.088499069
4.088499069
0
9.005064964
13.50759792
4.502532482
4.502532482
22.51266289
10.17000961
0
15.25501442
5.085004807
10.17000961
21.15589333
0
10.57794666
10.57794666
15.86691952
0
0
11.16645145
0
5.583225727
0
0
8.260438919
0
12.39065742
0
0
0
24.26047897
0
0
0
0
9.792181969
19.58436394
9.792181969
7.147099972
0
0
0
21.44129944
0
0
7.045385361
0
14.09077072
0
14.17348766
14.17348766
14.17348766
0
0
0
0
6.502698421
0
0
0
0
0
20.90683174
0
8.99306488
0
0
0
0
0
0
0
0
0
12.06231785
0
0
0
0
0
0
0
0
0
0
12.93311214
12.93311214
0
25.86622429
23.07073212
30.76097679
15.3804884
0
0
0
0
0
0
0
0
0
0
0
16.94279289
0
0
0
0
0
0
0
0
0
0
23.29219627
0
0
0
0
11.64609814
21.30422401
0
21.30422401
0
10.65211201
8.991821289
17.98364258
17.98364258
0
8.991821289
0
12.69654369
6.348271847
0
19.04481506
0
0
0
0
0
0
28.71125603
7.177814007
7.177814007
7.177814007
0
7.577503204
0
7.577503204
7.577503204
0
13.44447422
0
0
0
0
0
0
25.35087967
0
20.96127701
0
6.987092018
0
0
7.942519665
0
0
39.71260071
0
0
6.423243999
0
0
0
0
0
0
10.04919529
0
0
2.880037785
2.880037785
2.880037785
0
0
2.021567106
0
2.021567106
0
0
0
0
0
0
0
0
0
0
0
0
0
0
0
0
0
0
0
0
0
0
3.950031281
7.900062561
0
0
0
0
0
0
0
0
0
0
0
0
0
0
0
0
0
0
0
0
0
0
0
0
0
0
0
0
0
-0.1
7.1
0
0
0
0
0
0
0
0
0
0
0
0
0
0
0
0
0
0
0
0
0
0
0
0
0
0
0
0
4.745782852
4.745782852
0
0
0
0
0
0
2.17412281
6.522368431
4.348245621
4.348245621
4.348245621
1.609155297
0
0
0
0
0
0
0
0
2.571465969
0
0
3.963953972
0
0
0
0
0
0
0
0
0
0
0
0
3.987468481
0
3.987468481
0
0
0
0
0
5.381577492
0
5.381577492
2.690788746
0
0
2.596977711
10.38791084
2.596977711
2.596977711
9.915864944
0
0
0
14.87379742
0
9.529592514
19.05918503
0
9.529592514
23.82398033
0
26.81375313
0
0
0
0
0
6.899667263
2.299888849
4.599777699
3.153769493
3.153769493
15.76884747
0
0
7.381908894
11.07286358
0
0
3.690954447
8.173863411
4.086931705
4.086931705
8.173863411
4.086931705
0
30.87986183
0
23.15989494
7.719965458
0
2.077096462
2.077096462
0
4.154192924
18.72526741
0
0
18.72526741
0
0
0
0
0
2.598101854
11.46963787
0
5.734818935
0
5.734818935
0
7.560211182
0
0
0
0
0
23.16336823
7.721123219
15.44224644
0
0
10.14140797
0
0
10.14140797
3.498395681
0
6.996791363
0
0
0
0
0
0
19.42657089
0
0
14.52230358
14.52230358
0
0
0
12.450243
0
0
0
0
0
0
0
0
0
0
0
0
0
5.710624695
0
5.710624695
0
34.39873123
0
0
0
22.93248749
13.82029343
0
13.82029343
0
41.46088028
14.1406889
28.28137779
0
0
0
0
0
0
0
0
0
0
0
0
0
0
19.06864738
0
19.06864738
0
0
0
0
0
0
21.67251587
0
0
0
0
0
0
9.607636452
9.607636452
0
28.82291031
38.43054581
9.711381912
0
29.13414764
29.13414764
9.711381912
0
0
14.84241295
44.52723694
0
17.04944992
17.04944992
0
0
0
0
14.3129282
0
28.6258564
14.3129282
21.54370308
10.77185154
10.77185154
21.54370308
32.31555557
0
0
38.71457672
0
0
0
0
0
0
6.15631485
0
0
17.71666718
0
0
12.56051159
0
6.280255795
6.280255795
0
0
6.74769783
13.49539566
6.74769783
0
0
5.257750511
10.51550102
0
10.51550102
27.69534683
13.84767342
0
0
0
0
0
6.924705029
0
3.462352514
0
0
0
0
0
0
0
0
0
0
4.009112835
3.515028238
0
0
0
3.515028238
0
0
0
0
7.273584843
0
0
0
0
0
0
13.15680122
4.38560009
8.77120018
0
0
0
0
0
0
0
0
0
0
0
0
0
0
0
0
0
0
0
0
0
0
0
0
0
0
0
-0.1
7.1
0
0
0
3.596256733
3.596256733
0
0
0
0
0
0
0
0
0
0
0
0
0
0
0
0
0
0
0
0
0
0
0
0
0
0
0
0
0
0
0
0
0
5.031281948
0
0
0
0
0
0
0
0
0
0
0
0
0
0
0
0
0
0
0
1.746922016
1.746922016
0
3.176714659
1.588357329
4.765071869
3.176714659
0
0
0
0
7.35579586
4.267486095
6.401229382
2.133743048
0
0
1.611873627
1.611873627
4.83562088
1.611873627
0
6.688878536
6.688878536
3.344439268
0
0
4.00988245
0
4.00988245
8.0197649
0
12.02964687
5.815979958
2.907989979
5.815979958
0
2.907989979
7.091031551
3.545515776
0
0
3.545515776
6.840967178
0
6.840967178
3.420483589
0
0
13.8168335
0
0
0
0
0
24.70545387
0
0
0
7.510350227
3.755175114
3.755175114
3.755175114
0
2.952401161
8.857203484
0
5.904802322
0
0
4.397482395
4.397482395
0
16.90986824
0
16.90986824
0
0
5.353236675
2.676618338
8.029855728
8.029855728
2.676618338
5.059710503
0
0
15.17913151
20.23884201
0
0
21.28421783
10.64210892
0
21.28421783
10.99321938
0
10.99321938
0
0
0
0
0
17.9156189
0
0
0
29.4454422
19.63029671
0
0
0
0
0
0
0
5.615411758
0
16.84623528
5.615411758
0
25.13512039
25.13512039
8.3783741
25.13512039
13.60275841
0
4.534252644
4.534252644
0
0
0
0
0
0
0
0
0
13.73513985
13.73513985
0
0
10.84442806
21.68885612
0
7.816139698
23.44841957
0
7.816139698
0
15.50859737
38.77149582
0
0
7.754298687
15.50859737
10.21048355
0
10.21048355
0
0
0
19.44097519
19.44097519
0
0
0
3.193253279
3.193253279
3.193253279
0
0
0
0
0
0
5.846027374
5.846027374
0
0
17.53808212
0
0
25.92267609
8.640892029
0
0
8.661698341
17.32339668
0
8.661698341
0
0
0
0
0
15.67899036
24.83976936
0
0
12.41988468
0
0
7.415544987
7.415544987
0
14.83108997
0
29.03682518
9.678941727
0
0
10.7929306
32.37879181
10.7929306
0
0
14.89785385
0
4.965951443
0
4.965951443
18.84269333
0
0
0
4.710673332
6.043072224
0
6.043072224
12.08614445
0
21.0147934
31.52219391
0
0
0
0
0
0
0
0
0
4.290045738
0
8.580091476
0
4.290045738
0
0
9.266078949
0
0
0
0
0
0
0
0
0
0
0
0
7.545266151
0
0
0
0
0
0
0
0
0
0
0
0
0
0
0
6.395504475
12.79100895
12.79100895
0
0
0
0
0
0
0
7.987465382
0
2.662488461
0
4.648644447
0
0
0
0
0
0
0
0
0
0
0
0
0
0
0
-0.1
7.1
0
0
0
0
0
0
0
0
0
0
0
0
0
0
0
0
0
0
2.169426918
0
0
0
0
0
0
0
0
0
0
4.018661022
4.018661022
0
3.108163595
0
0
0
0
6.642748356
3.321374178
6.642748356
0
10.00755215
0
0
0
0
0
0
7.094930649
0
0
0
3.13392067
0
3.13392067
6.267841339
5.254333496
2.627166748
0
0
0
0
0
0
0
21.52105522
16.14079285
0
0
8.183016777
8.183016777
12.27452469
0
0
0
0
5.78796196
2.89398098
2.89398098
6.514466763
0
0
3.257233381
6.514466763
4.388568878
8.777137756
0
8.777137756
0
13.16570663
8.773329735
13.15999603
0
6.579998016
2.193332434
6.090462208
12.18092442
6.090462208
6.090462208
0
0
0
26.30041885
0
0
12.8586216
0
6.429310799
12.8586216
0
0
3.059937716
0
6.119875431
0
0
0
0
0
0
10.17676258
10.17676258
10.17676258
0
10.17676258
16.52865982
5.509552956
5.509552956
16.52865982
11.01910591
0
0
0
6.23210907
0
0
3.254841805
0
6.509683609
0
0
0
0
3.53971529
14.15886116
0
0
0
6.82656765
6.82656765
0
0
0
0
17.80205536
0
0
6.565698624
6.565698624
6.565698624
26.26279449
39.23192596
0
0
0
9.807981491
9.082052231
0
0
27.24615669
0
5.975717545
5.975717545
0
5.975717545
0
13.66897488
0
27.33794975
0
6.834487438
0
0
0
56.44539261
0
17.13069153
0
0
34.26138306
0
0
0
0
0
0
0
4.661031246
0
0
0
0
0
0
0
17.24496269
0
0
0
0
0
12.44563675
0
0
0
0
0
17.61018944
0
0
0
8.805094719
0
9.978421211
0
0
0
5.5540452
11.1080904
5.5540452
0
11.1080904
5.150706291
0
0
0
10.30141258
0
0
31.11615372
0
0
0
0
0
0
6.678733349
0
0
0
8.322566032
24.96769714
0
7.74644804
7.74644804
15.49289608
0
15.49289608
20.55747986
0
0
0
20.55747986
13.91795158
0
0
0
0
0
7.296328068
7.296328068
0
0
0
0
0
0
9.643582344
0
7.543701172
7.543701172
0
0
0
0
7.866585732
15.73317146
0
0
0
0
4.547937393
4.547937393
5.225810528
0
5.225810528
0
5.225810528
0
11.00842667
11.00842667
5.504213333
0
0
11.89056015
5.945280075
5.945280075
0
0
6.276374817
0
0
0
0
6.73067379
6.73067379
0
0
6.73067379
0
0
0
0
0
0
0
0
0
0
0
0
0
0
0
0
0
0
0
0
0
0
0
0
0
4.615034103
6.922551155
0
0
0
0
0
0
0
0
5.338079929
0
0
0
0
3.601372719
0
0
0
0
0
-0.1
7.1
0
0
0
0
0
0
0
0
0
4.387703419
0
0
0
0
2.947973251
1.787406564
0
0
0
0
0
0
0
0
0
0
6.655977249
0
0
0
0
0
0
0
0
0
0
0
0
0
0
0
14.63674736
0
21.95512199
0
0
2.37723875
7.131716728
4.754477501
2.37723875
2.950794458
5.901588917
2.950794458
0
5.901588917
3.040404081
1.520202041
1.520202041
1.698493958
1.698493958
3.396987915
0
1.698493958
0
0
11.87373543
17.81060219
17.81060219
3.597033978
10.79110241
0
3.597033978
7.194067955
0
0
3.780603647
7.561207294
3.780603647
0
0
0
0
0
0
2.679352999
0
0
2.679352999
5.358705997
3.098133802
3.098133802
9.294400215
0
0
6.793016911
0
0
0
6.793016911
0
0
0
9.256780624
6.171186924
3.568167686
7.136335373
0
1.784083843
5.352251053
3.906594515
3.906594515
3.906594515
11.71978378
0
0
0
7.710318565
0
3.855159283
8.815684319
13.22352695
0
0
13.22352695
0
0
0
0
0
0
0
0
7.602837563
7.602837563
0
0
0
0
20.46717644
13.33306694
0
0
0
0
20.40316963
6.801056385
0
0
6.801056385
6.801056385
0
0
6.396314144
19.18894196
0
14.50150967
14.50150967
14.50150967
14.50150967
0
8.199376106
16.39875221
0
8.199376106
8.199376106
13.88598633
0
6.942993164
0
0
0
21.94723701
0
0
7.315745831
6.502581596
0
6.502581596
0
0
11.54661274
23.09322548
0
11.54661274
11.54661274
0
9.469088554
0
9.469088554
28.40726471
0
0
0
0
0
0
0
0
0
0
0
0
0
0
0
0
4.459607124
0
0
0
0
0
0
0
0
0
0
14.87268543
0
0
0
3.971363783
0
0
7.942727566
0
0
9.744363785
0
0
29.23309326
0
0
0
43.73976517
0
10.35807514
0
0
0
0
0
0
0
0
0
36.47205734
0
0
0
21.92841721
21.92841721
16.09776497
16.09776497
0
16.09776497
24.14664841
0
0
16.53938293
0
33.07876587
0
11.96081543
11.96081543
11.96081543
0
0
19.48648071
0
0
0
6.663618565
0
13.32723713
6.663618565
6.663618565
0
38.2796669
0
0
19.13983345
0
10.29138851
0
10.29138851
0
0
8.572877884
0
0
25.71863556
5.810729027
0
0
11.62145805
0
19.05528259
6.351761341
0
0
12.70352268
12.70352268
11.62344074
5.811720371
5.811720371
0
0
3.312134504
0
0
0
0
0
15.33176613
7.665883064
0
0
0
8.175024033
8.175024033
0
0
8.248616219
8.248616219
0
0
0
0
4.322469234
0
0
0
0
0
0
0
6.270484924
0
0
0
0
0
0
0
0
0
0
0
0
0
0
0
0
0
0
0
0
0
0
9.890636444
0
0
0
-0.1
7.1
0
0
0
0
0
0
0
0
0
0
0
0
0
0
0
0
0
0
0
0
0
0
0
0
0
0
0
0
0
4.716878891
4.716878891
5.847787857
2.923893929
5.847787857
0
0
0
0
0
0
6.170557976
8.683172226
8.683172226
8.683172226
4.341586113
4.341586113
0
0
0
0
0
0
14.20148182
7.10074091
0
14.20148182
0
8.512761116
0
0
0
5.731563568
0
0
0
4.001699448
4.001699448
6.002549171
0
0
3.711899996
3.711899996
1.855949998
3.711899996
0
0
3.53698349
7.07396698
0
8.046869278
2.6822896
0
5.364579201
5.364579201
3.358418703
0
3.358418703
6.716837406
0
0
2.888887167
5.777774334
2.888887167
5.777774334
0
0
0
0
7.454210281
0
0
8.566036224
0
2.141509056
0
0
12.16883469
6.084417343
0
0
7.893221855
0
7.893221855
3.946610928
3.946610928
0
10.76900291
10.76900291
10.76900291
5.384501457
0
0
0
22.30811882
0
0
0
14.90954399
0
0
0
0
0
14.39168453
0
0
3.997526407
7.995052814
0
0
0
0
8.395506859
0
0
8.646037102
8.646037102
17.2920742
0
0
0
0
0
17.32352066
5.774506569
11.54901314
0
8.494734764
12.74210262
8.494734764
0
15.0015583
15.0015583
0
0
0
9.842993736
0
19.68598747
0
0
5.182959557
0
5.182959557
5.182959557
5.182959557
22.35268593
11.17634296
0
11.17634296
0
0
0
17.8116951
0
17.8116951
21.60149574
0
0
7.200498581
21.60149574
5.41643858
6.190216064
5.41643858
0
10.83287716
11.01192474
0
33.03577423
0
22.02384949
6.519032478
0
0
0
0
0
0
0
0
0
0
0
0
0
26.05714989
0
0
9.730155945
0
0
0
0
11.57585335
11.57585335
0
0
0
0
0
0
0
0
0
0
0
0
42.26778793
31.7008419
0
0
10.56694698
10.56694698
12.78513336
0
0
0
0
14.10920238
0
16.12480164
0
0
0
0
16.13890839
0
0
8.011260986
24.03378296
0
8.011260986
0
10.14102364
0
10.14102364
10.14102364
10.14102364
0
27.6831398
0
9.227712631
9.227712631
21.84856796
0
7.282855988
0
0
0
8.499746323
25.49923897
0
25.49923897
0
17.70790291
17.70790291
8.853951454
8.853951454
8.036330223
8.036330223
16.07266045
0
8.036330223
0
22.4290638
0
14.95271015
14.95271015
19.21808815
0
0
0
0
0
0
0
0
0
0
0
0
0
0
0
0
0
10.74329472
0
0
0
0
0
0
0
0
0
0
0
0
0
0
3.167977571
0
0
0
0
0
0
0
0
0
0
0
0
0
0
0
0
0
0
0
0
0
0
0
0
0
2.992097378
0
2.840873718
0
0
0
0
0
-0.1
7.1
0
0
0
0
0
0
0
0
0
0
0
0
0
0
0
0
0
0
0
0
11.61299515
0
0
0
0
0
0
0
0
0
0
0
0
0
0
0
0
0
0
0
0
0
0
0
0
0
0
0
8.547764778
12.82164669
0
8.595552444
5.730368137
2.865184069
0
0
0
1.10203898
2.204077959
2.204077959
2.381722212
4.763444424
0
7.145166397
4.763444424
2.590866089
0
0
7.772598267
2.590866089
0
0
0
0
0
0
0
0
0
0
0
0
0
1.273368835
3.820106268
0
0
2.423521996
2.423521996
7.270565987
0
0
6.451656818
12.90331364
0
0
7.474966526
3.737483263
11.21245003
11.21245003
7.474966526
0
3.306488752
16.532444
3.306488752
0
3.425365686
8.563414574
0
3.425365686
3.425365686
0
0
0
4.11806488
20.59032631
0
0
0
0
3.102273464
0
5.128791332
5.128791332
5.128791332
0
0
0
6.155534267
3.077767134
0
5.911910534
0
17.73573112
17.73573112
0
0
13.29574871
0
0
0
9.564149857
0
0
0
0
0
0
6.565129757
6.565129757
13.13025951
6.565129757
5.867269993
17.60180855
0
0
11.73453999
0
0
8.615502357
0
0
0
11.9484005
5.974200249
5.974200249
0
11.46667671
22.93335342
0
0
11.46667671
9.899296761
0
0
29.69788933
0
22.86134148
11.43067074
11.43067074
0
0
11.9874897
11.9874897
23.9749794
0
0
0
28.63826942
0
0
0
0
0
0
24.05663681
8.018878937
0
0
0
0
0
0
0
0
0
0
0
0
8.704499245
0
0
8.704499245
0
0
0
0
0
0
0
0
0
0
0
0
0
0
0
0
0
18.37045479
0
0
0
0
0
0
0
0
0
42.69216537
0
0
0
0
0
0
0
11.12878323
26.86495781
13.4324789
0
0
0
7.55402565
0
0
0
0
0
0
0
9.433743477
9.433743477
12.95345497
6.476727486
12.95345497
0
0
7.39134407
44.34806061
0
14.78268814
0
0
0
0
11.84998703
0
12.17913818
0
0
6.089569092
12.17913818
3.894509315
0
0
0
7.789018631
0
14.82638836
0
9.88425827
0
15.58138752
15.58138752
31.16277504
15.58138752
0
8.251412392
16.50282478
0
8.251412392
0
0
2.355543613
2.355543613
0
0
0
0
0
5.347761631
10.69552326
0
0
7.083350658
0
0
0
0
0
0
3.663200617
0
0
9.91936779
0
0
0
2.60388422
0
0
0
0
0
0
0
0
0
0
0
6.261960506
0
0
6.289385319
3.144692659
0
0
0
0
0
0
0
0
0
0
0
0
0
0
0
0
0
0
0
-0.1
7.1
0
0
0
0
0
0
0
0
0
0
0
0
0
0
0
0
0
0
0
0
0
6.489833355
0
0
6.489833355
0
0
0
0
0
0
0
0
0
0
0
0
3.940406561
0
0
0
0
0
3.861910105
0
0
0
0
0
0
0
5.685796738
5.685796738
0
0
8.52869606
1.309071779
2.618143559
2.618143559
3.060665607
3.060665607
6.121331215
9.181996346
6.121331215
0
0
3.185606003
9.556817055
0
0
0
3.883715868
1.941857934
1.941857934
0
0
0
0
2.367148161
4.022368908
2.011184454
2.011184454
4.022368908
0
6.850516796
3.425258398
10.27577496
0
0
0
0
0
0
0
0
3.797280312
0
7.594560623
3.797280312
0
0
2.401649475
12.00824738
2.401649475
0
0
2.688315392
8.064947128
2.688315392
8.064947128
0
5.6795578
5.6795578
0
0
14.85414791
0
0
4.951382637
0
4.117183208
0
0
16.46873283
4.117183208
4.020514965
0
8.04102993
0
4.020514965
11.27658653
0
0
0
0
0
8.481420517
8.481420517
4.240710258
0
0
7.689899445
7.689899445
0
0
2.224196196
6.155967712
3.647739172
2.224196196
2.224196196
0
8.130623817
4.065311909
4.065311909
0
4.065311909
6.442005157
0
12.88401031
6.442005157
0
0
0
0
0
11.63828373
0
0
11.60377979
0
0
0
0
0
0
0
0
0
0
12.59166813
0
0
0
15.4967041
10.33113575
0
4.287037373
4.287037373
4.287037373
0
4.287037373
4.924357414
9.848714828
0
0
0
0
0
0
0
0
0
0
0
21.68470001
0
0
0
0
0
0
0
0
0
0
0
0
0
0
0
0
0
0
0
0
0
0
0
0
0
0
0
0
0
0
0
0
0
0
0
30.70511246
10.2350378
0
0
0
0
0
18.39470482
0
22.12906837
22.12906837
0
0
0
0
0
0
0
0
0
0
19.19471169
0
10.07600784
0
30.22802544
0
0
0
26.90961838
0
0
0
0
5.91290617
11.82581234
0
0
11.87791348
0
5.938956738
5.938956738
0
6.037329674
0
3.018664837
0
0
0
20.46383095
0
4.092766285
0
0
0
0
0
0
0
7.629624844
0
7.629624844
0
0
7.553215504
0
0
0
0
0
0
0
0
0
0
0
0
3.088817596
0
0
0
0
6.793681145
6.793681145
0
0
10.54325771
0
10.54325771
0
0
0
0
0
0
5.122288227
0
0
0
0
0
0
0
0
0
0
0
5.597651958
0
0
0
0
0
0
0
0
0
0
0
0
0
0
0
3.463068008
3.463068008
-0.1
7.1
4.677890301
0
0
0
0
0
0
0
0
0
0
0
0
0
0
0
1.947308421
3.894616842
0
0
0
0
0
0
0
0
0
1.735436201
0
3.470872402
5.206308365
4.47068882
0
0
0
0
0
0
0
6.418968201
0
0
0
0
6.370509148
0
8.440438271
0
0
0
0
0
0
0
0
10.15821838
0
4.178572655
6.267859459
0
0
0
0
4.331723213
4.685453892
4.685453892
4.685453892
0
7.028181553
4.164253235
0
4.164253235
0
0
5.290754795
9.069865227
2.645377398
2.645377398
7.936132431
0
9.606574059
0
0
0
7.513417244
7.513417244
15.02683449
0
0
7.513417244
0
0
0
0
12.09220695
2.182609797
2.182609797
0
2.182609797
0
2.455082417
0
7.365247726
0
0
5.218158245
5.218158245
10.43631649
0
5.218158245
1.973481774
3.946963549
3.946963549
1.973481774
0
5.077474594
0
0
0
10.15494919
0
0
0
0
9.265281677
14.07148361
8.442890167
2.814296722
2.814296722
5.628593445
2.852434158
5.704868317
5.704868317
5.704868317
5.704868317
0
0
0
6.602723122
3.301361561
0
0
6.891215801
0
0
7.967811108
3.983905554
3.983905554
11.95171547
0
0
16.74052238
0
0
16.74052238
16.74052238
27.95611572
0
0
0
0
0
14.67790508
0
0
0
5.38313818
10.76627636
5.38313818
5.38313818
0
0
0
0
26.21821785
0
0
0
11.92648697
2.981621742
0
0
0
9.729308128
38.91723251
0
0
0
0
0
0
0
0
0
0
0
38.02733231
0
0
0
0
0
0
0
0
0
0
0
0
0
0
2.919688463
0
12.22047329
0
0
0
0
0
0
0
0
0
0
0
0
0
0
0
12.11047649
24.22095299
0
0
0
0
0
0
32.33214569
0
0
10.7773819
0
10.7773819
0
0
0
11.18762207
22.37524414
0
0
0
14.55541611
0
10.56791115
10.56791115
0
0
10.56791115
25.01717377
8.339056969
16.67811394
0
33.35622787
0
0
0
41.95372009
0
18.79066277
0
0
0
18.79066277
0
0
6.992607117
6.992607117
0
0
0
9.466719627
0
0
8.619778633
0
4.309889317
4.309889317
0
0
6.863248348
6.863248348
6.863248348
0
0
0
0
0
32.57470322
7.397499084
0
0
0
0
7.397499084
0
0
0
2.63975811
2.63975811
0
0
5.198727608
2.599363804
5.198727608
4.356222153
2.178111076
0
0
0
0
5.311564922
0
0
0
0
0
0
0
0
0
0
0
0
0
0
0
0
0
0
0
0
0
0
0
0
6.03119278
0
0
0
0
5.569638729
0
0
0
0
0
0
0
0
0
0
0
0
0
0
-0.1
7.1
0
0
0
0
0
0
0
0
0
0
0
0
0
0
0
0
0
0
0
0
0
0
0
0
5.25543642
4.852196217
0
0
0
0
0
0
0
3.139386415
3.139386415
0
1.539717436
1.539717436
0
0
0
3.99216032
1.99608016
0
0
5.988240242
5.90632534
2.95316267
5.90632534
0
0
0
0
0
0
0
0
0
0
0
0
0
0
7.417985916
0
0
0
0
0
0
8.945981979
4.47299099
4.47299099
0
9.215307236
15.35884666
3.071769238
0
6.143538475
6.072030067
12.14406013
0
6.072030067
30.36015129
0
8.282436371
12.42365456
0
0
8.282436371
0
0
0
1.859931231
0
4.881536484
4.881536484
4.881536484
4.881536484
0
10.09845257
6.732302189
0
0
0
0
0
4.023804665
0
4.023804665
3.014970064
3.014970064
9.044909477
3.014970064
3.014970064
4.628864288
0
9.257728577
4.628864288
4.628864288
6.108933926
3.054466963
6.108933926
3.054466963
6.108933926
0
0
0
0
0
0
0
9.880120277
13.17349339
0
0
5.202867508
20.81147003
0
10.40573502
0
0
13.47017288
0
0
2.837352037
0
2.837352037
0
0
2.837352037
0
13.15743828
13.15743828
6.578719139
13.15743828
0
23.70026207
0
15.80017471
0
0
0
12.87125111
0
0
0
0
0
0
37.36335754
0
0
0
0
0
0
6.686612606
0
0
0
0
15.73127842
0
0
5.243759632
0
0
0
7.409617901
22.22885323
7.740338326
3.870169163
0
3.870169163
0
0
0
2.410854816
0
0
0
0
0
0
0
0
1.843741536
0
0
0
0
0
0
0
0
0
0
0
0
0
0
0
0
9.89011097
0
0
0
0
0
0
0
0
0
27.55154991
0
0
0
0
0
0
0
23.21707726
0
0
0
0
0
7.919540405
0
0
0
0
18.20997429
0
0
18.20997429
0
12.97800732
0
0
0
0
6.309423447
0
0
18.92827034
12.61884689
7.266011715
0
7.266011715
0
14.53202343
0
0
4.347296238
0
4.347296238
0
27.69049644
18.46033096
9.230165482
0
0
0
2.966834784
2.966834784
0
0
0
0
11.10770512
0
13.9158411
6.957920551
0
6.957920551
13.9158411
0
7.074409485
0
7.074409485
14.14881897
7.074409485
10.41305733
10.41305733
0
0
0
0
0
0
0
7.597265244
0
0
0
0
0
9.047050476
0
0
0
0
0
0
0
0
0
0
0
0
0
0
0
0
0
0
0
0
0
0
0
0
0
0
0
0
0
0
0
0
0
0
0
3.32836175
0
0
0
0
0
0
0
0
2.769572496
-0.1
7.1
0
0
4.199985504
0
4.199985504
0
0
0
0
0
0
0
0
0
0
0
0
0
0
0
0
0
0
0
0
0
0
0
0
0
0
0
0
0
0
0
0
0
0
0
0
0
0
0
0
0
0
0
0
0
0
0
0
0
0
0
0
0
6.802640915
4.535094261
5.041923046
0
0
0
10.08384609
7.65857029
0
0
0
0
9.68285656
9.68285656
9.68285656
19.36571312
0
0
22.02014732
22.02014732
0
14.68009758
0
0
6.012644768
12.02528954
6.012644768
0
12.01484489
6.007422447
0
0
6.007422447
3.452764988
10.35829353
0
0
10.35829353
7.788239002
3.894119501
0
3.894119501
3.894119501
0
3.363253355
0
6.72650671
10.08975983
0
6.299954891
0
0
3.149977446
0
0
3.168850899
3.168850899
3.168850899
6.719157219
0
13.43831444
0
0
0
0
0
0
0
13.48426342
6.74213171
0
0
0
0
10.35059357
0
5.175296783
15.52589226
23.73214722
15.82143211
0
0
7.910716057
5.042563915
15.12769222
15.12769222
0
0
8.332891464
0
0
0
8.332891464
0
0
14.63039017
0
0
7.315195084
0
6.393796444
0
12.78759289
6.393796444
0
18.26377678
0
0
9.13188839
4.916609764
0
0
4.916609764
4.916609764
0
0
0
0
0
0
19.44908524
0
0
0
13.76460743
0
0
0
0
6.082108021
0
0
12.16421604
6.082108021
0
0
0
0
0
0
0
0
10.69280815
10.69280815
0
4.913811684
9.827623367
24.56905937
0
2.038123846
0
0
0
0
0
0
0
0
0
0
10.48022175
0
0
0
0
0
8.02363205
0
0
8.02363205
0
0
0
9.941117287
0
0
0
0
0
0
0
21.70952606
0
0
21.70952606
10.85476303
6.132941723
3.066470861
0
3.066470861
3.066470861
0
0
0
0
32.51301575
0
13.39584732
26.79169464
0
0
0
16.04878616
0
0
16.04878616
0
0
37.52647781
18.76323891
18.76323891
31.09240723
0
0
0
31.09240723
5.261828423
15.78548431
0
0
0
0
0
22.48647308
0
0
11.39366436
0
0
5.69683218
5.69683218
0
0
0
0
0
5.764000893
11.52800179
11.52800179
0
0
0
0
0
0
0
5.643564224
0
3.929633856
3.929633856
0
0
0
0
0
0
0
0
0
0
0
0
0
0
0
3.224800348
0
0
0
8.28148365
0
0
0
6.495913506
0
0
6.495913506
0
0
0
0
4.057591438
0
1.662457705
1.662457705
0
0
0
13.21864033
0
0
0
0
0
5.28619051
0
0
0
0
0
0
0
0
0
0
0
0
0
-0.1
7.1
0
0
0
0
0
0
0
0
0
0
0
1.940555215
0
0
0
0
0
0
0
0
4.981245518
4.981245518
0
0
0
0
0
0
0
0
7.202207565
4.297696114
0
0
0
0
0
0
0
0
0
0
0
0
0
0
0
0
0
0
0
0
0
0
4.405761242
4.405761242
2.619777441
0
0.873259127
2.970660925
0
4.455991268
1.485330462
0
7.48605442
0
0
0
0
0
0
0
0
0
0
0
0
0
7.599832058
1.869511604
1.869511604
1.869511604
5.608534813
1.869511604
4.290153503
2.145076752
0
2.145076752
4.290153503
0
6.922543526
3.461271763
10.38381481
3.461271763
0
8.552377701
4.27618885
12.8285675
4.27618885
0
0
5.25594902
2.62797451
2.62797451
10.51189804
4.80411911
0
9.60823822
9.60823822
14.41235733
4.058538437
0
4.058538437
0
12.17561531
2.858893871
2.858893871
0
0
0
-0.1
7.1
0
4.664170742
0
0
0
0
0
0
0
0
0
0
0
0
0
0
0
0
0
0
0
5.035627365
0
0
0
0
0
0
0
0
0
0
0
0
0
0
2.185042381
2.185042381
0
0
0
0
0
0
0
0
0
0
0
0
3.805526972
0
0
0
4.63966608
9.279332161
8.253755569
0
2.063438892
2.724326849
0
0
0
8.172980309
0
4.931511879
2.465755939
2.465755939
2.465755939
7.94976902
3.97488451
0
0
7.94976902
0
2.729944468
1.364972234
1.364972234
1.364972234
0
4.518200397
9.036400795
0
0
0
0
4.425709724
0
0
0
0
0
0
3.820755243
11.46226501
3.561113119
0
0
3.561113119
5.341669083
0
0
0
4.464799404
8.929598808
6.68389225
3.341946125
3.341946125
3.341946125
3.341946125
0
2.72849369
0
0
0
0
0
1.852319002
3.704638004
5.556956291
6.191132069
6.191132069
3.095566034
0
6.191132069
5.633305073
0
5.633305073
0
11.26661015
31.54638672
0
18.92783165
0
0
5.179799557
10.35959911
0
0
0
0
0
0
0
5.618989944
0
3.569717884
0
3.569717884
3.569717884
0
0
4.649559975
0
0
0
21.24869156
0
10.62434578
10.62434578
10.62434578
0
0
0
0
20.06361389
11.50829697
0
0
5.754148483
5.754148483
0
0
0
0
0
0
0
11.20500278
0
16.80750465
10.05491638
0
10.05491638
0
10.05491638
0
0
6.94591713
0
6.94591713
0
17.1367836
0
25.7051754
0
0
0
0
0
29.69670486
0
0
8.583625793
8.583625793
17.16725159
0
7.670268536
0
0
0
0
0
0
0
0
0
0
0
0
0
0
0
11.34423733
17.01635551
0
0
0.66716212
2.386749983
2.521893024
6.036146641
11.47872066
20.26687241
13.51124859
13.51124859
6.755624294
0
0
0
0
0
20.8132019
0
0
0
0
45.45490646
0
0
0
27.13762856
0
0
0
19.47224617
0
0
0
15.74043846
0
15.74043846
0
0
8.650671005
17.30134201
17.30134201
0
17.30134201
0
7.806799412
0
0
15.61359882
11.57743073
5.788715363
5.788715363
11.57743073
5.788715363
4.456721306
0
13.37016392
0
0
3.879040956
7.758081913
0
0
11.63712311
10.91384315
0
0
0
0
0
2.805865049
5.611730099
5.611730099
0
0
0
11.42266655
7.615110874
0
0
0
0
0
0
0
0
0
0
0
0
0
0
0
0
0
0
0
0
16.53950882
0
0
0
0
0
0
0
0
0
0
0
0
0
0
0
0
0
0
0
0
0
0
0
0
0
0
0
0
0
0
0
0
0
3.872182846
0
0
0
0
0
4.097205162
0
0
