19790101
-99
-99
-99
-99
-99
-99
-99
-99
-99
-99
-99
-99
-99
-99
-99
-99
-99
-99
-99
-99
-99
-99
-99
-99
-99
-99
-99
-99
-99
-99
-99
-99
-99
-99
-99
-99
-99
-99
-99
-99
-99
-99
-99
-99
-99
-99
-99
-99
-99
-99
-99
-99
-99
-99
-99
-99
-99
-99
-99
-99
-99
-99
-99
-99
-99
-99
-99
-99
-99
-99
-99
-99
-99
-99
-99
-99
-99
-99
-99
-99
-99
-99
-99
-99
-99
-99
-99
-99
-99
-99
-99
-99
-99
-99
-99
-99
-99
-99
-99
-99
-99
-99
-99
-99
-99
-99
-99
-99
-99
-99
-99
-99
-99
-99
-99
-99
-99
-99
-99
-99
-99
-99
-99
-99
-99
-99
-99
-99
-99
-99
-99
-99
-99
-99
-99
-99
-99
-99
-99
-99
-99
-99
-99
-99
-99
-99
-99
-99
-99
-99
-99
-99
-99
-99
-99
-99
-99
-99
-99
-99
-99
-99
-99
-99
-99
-99
-99
-99
-99
-99
-99
-99
-99
-99
-99
-99
-99
-99
-99
-99
-99
-99
-99
-99
-99
-99
-99
-99
-99
-99
-99
-99
-99
-99
-99
-99
-99
-99
-99
-99
-99
-99
-99
-99
-99
-99
-99
-99
-99
-99
-99
-99
-99
-99
-99
-99
-99
-99
-99
-99
-99
-99
-99
-99
-99
-99
-99
-99
-99
-99
-99
-99
-99
-99
-99
-99
-99
-99
-99
-99
-99
-99
-99
-99
-99
-99
-99
-99
-99
-99
-99
-99
-99
-99
-99
-99
-99
-99
-99
-99
-99
-99
-99
-99
-99
-99
-99
-99
-99
-99
-99
-99
-99
-99
-99
-99
-99
-99
-99
-99
-99
-99
-99
-99
-99
-99
-99
-99
-99
-99
-99
-99
-99
-99
-99
-99
-99
-99
-99
-99
-99
-99
-99
-99
-99
-99
-99
-99
-99
-99
-99
-99
-99
-99
-99
-99
-99
-99
-99
-99
-99
-99
-99
-99
-99
-99
-99
-99
-99
-99
-99
-99
-99
-99
-99
-99
-99
-99
-99
-99
-99
-99
-99
-99
-99
-99
-99
-99
-99
-99
-99
-99
-99
-99
-99
-99
-99
-99
-99
-99
-99
-99
-99
-99
-99
-99
-99
-99
-99
-99
-99
-99
-99
-99
-99
-99
-99
-99
-99
-99
-99
-99
-99
-99
-99
-99
-99
-99
-99
-99
-99
-99
-99
-99
-99
-99
-99
-99
-99
-99
-99
-99
-99
-99
-99
-99
-99
-99
-99
-99
-99
-99
-99
-99
-99
-99
-99
-99
-99
-99
-99
-99
-99
-99
-99
-99
-99
-99
-99
-99
-99
-99
-99
-99
-99
-99
-99
-99
-99
-99
-99
-99
-99
-99
-99
-99
-99
-99
-99
-99
-99
-99
-99
-99
-99
-99
-99
-99
-99
-99
-99
-99
-99
-99
-99
-99
-99
-99
-99
-99
-99
-99
-99
-99
-99
-99
-99
-99
-99
-99
-99
-99
-99
-99
-99
-99
-99
-99
-99
-99
-99
-99
-99
-99
-99
-99
-99
-99
-99
-99
-99
-99
-99
-99
-99
-99
-99
-99
-99
-99
-99
-99
-99
-99
-99
-99
-99
-99
-99
-99
-99
-99
-99
-99
-99
-99
-99
-99
-99
-99
-99
-99
-99
-99
-99
-99
-99
-99
-99
-99
-99
-99
-99
-99
-99
-99
-99
-99
-99
-99
-99
-99
-99
-99
-99
-99
-99
-99
-99
-99
-99
-99
-99
-99
-99
-99
-99
-99
-99
-99
-99
-99
-99
-99
-99
-99
-99
-99
-99
-99
-99
-99
-99
-99
-99
-99
-99
-99
-99
-99
-99
-99
-99
-99
-99
-99
-99
-99
-99
-99
-99
-99
-99
-99
-99
-99
-99
-99
-99
-99
-99
-99
-99
-99
-99
-99
-99
-99
-99
-99
-99
-99
-99
-99
-99
-99
-99
-99
-99
-99
-99
-99
-99
-99
-99
-99
-99
-99
-99
-99
-99
-99
-99
-99
-99
-99
-99
-99
-99
-99
-99
-99
-99
-99
-99
-99
-99
-99
-99
-99
-99
-99
-99
-99
-99
-99
-99
-99
-99
-99
-99
-99
-99
-99
-99
-99
-99
-99
-99
-99
-99
-99
-99
-99
-99
-99
-99
-99
-99
-99
-99
-99
-99
-99
-99
-99
-99
-99
-99
-99
-99
-99
-99
-99
-99
-99
-99
-99
-99
-99
-99
-99
-99
-99
-99
-99
-99
-99
-99
-99
-99
-99
-99
-99
-99
-99
-99
-99
-99
-99
-99
0
0
0
0
0
0
0
0
0
0
0
0
0
0
2.99877739
0
3.133700371
0
0
0
0
0
3.670493603
0
0
0
0
0
0
0
0
0
0
0
0
0
0
0
0
0
0
0.518725038
0.518725038
0.518725038
0.518725038
0.518725038
0
0
0
2.616665363
11.22985744
0
0
0.615236878
5.29103756
0
0.494090766
0.494090766
0.494090766
0
0
1.990001917
13.1144371
1.174427509
0
0.694173872
0
8.399503708
4.685673714
13.44503212
1.662343264
1.36312151
0.924262822
22.58792305
19.15983582
0
1.159415841
2.279529333
0.373371154
0
0
0
0.220440686
7.555103779
25.75010872
0
1.069557786
1.271361232
0
0
21.14772034
0.648397088
0
0
0.748150468
11.16827965
1.801335335
0.42031163
0.480356127
1.621201992
7.991328239
0
0
0
0
0.785836697
0
2.684941769
4.387588501
0.327431947
0.092095867
3.646996498
0.128934219
1.381438136
1.473533869
1.031860709
0
0.594101667
17.82305145
10.00592232
13.19694614
47.46754837
7.185771942
2.349194527
0
4.713422298
3.818468571
3.221832752
0
6.891142845
6.137518406
3.874696016
0
0
0
0
0
1.438502431
17.0776062
0
8.212836266
15.34374046
6.589939594
0
18.58953476
4.682652473
11.07689476
1.420942903
2.066826105
1.130295396
2.48664999
0
0
14.06810093
0
0
0
8.749304771
0
0
6.255540848
17.65600777
0
4.135222912
0
0
0
4.003365993
8.515634537
2.544512749
9.635219574
9.871500969
3.515877008
17.98506546
7.798035622
9.33059597
8.799561501
0
0
6.343870163
10.23204899
6.107731819
7.789569855
0
6.579825878
0
0
0
50.86847687
0
0
0
0
0
19.79578781
0
14.22017288
0
0
0
0
0
0
11.25962162
0
0
0
17.87612152
0
0
0
0
0
6.488347054
0
8.642580032
8.155313492
4.888920307
0
6.769274712
4.813705921
6.129954338
8.369399071
0
0
0
13.50440884
0
0
27.98047638
7.214901447
0
0
6.463783264
0
0
0
0
0
10.61301708
0
0
8.634317398
12.2036438
4.189310551
5.798248768
0
5.00895834
4.427790165
0
22.88540077
2.951860189
7.006427288
3.893375158
12.34282875
0
0
13.37830067
2.65175271
5.820919514
7.340826988
14.09956074
5.303504467
3.94418025
38.78064346
0
11.13717937
5.608488083
0
4.34040308
9.255694389
0
6.295021057
6.007942677
0
9.388933182
6.007943153
0
9.903097153
0
8.080652237
7.427321911
2.441388845
4.010892391
6.129854679
0
24.0653553
5.486598492
0
0
0
10.6487484
0
2.818008184
0
0
6.78883791
6.916928768
17.57870293
0
10.22607136
0
4.479187965
12.93048763
7.64642477
0
0
0
0
0
0
0
5.978066444
0
0
0
0
2.84162569
0
0
0
0
0
0
0
0
0
0
0
0
0
0
0
0
0
0
0
0
0
0
3.393500566
0
0
0
0
0
5.639848709
0
0
0
0
3.999156237
0
0
0
0
0
0
0
0
0
0
0
0
0
0
0
0
0
0
0
0
0
0
0
0
0
0
0
0
0
0
3.17431283
0
1.298582673
5.330029488
0
0
0
0
0
0
0
0
0
0
0
0
0
0
0
0
0
0
0
0
0
0
0
7.385793686
0
0
0
4.191288471
16.55902481
0
7.729545593
0
0
0
30.91818237
4.565593243
3.043729067
1.521864533
0.98467803
0
6.400406361
0
0
0
0
0
0
1.56724751
4.129615307
0
2.519765377
0
1.469863057
0.669725418
0
26.71726036
25.09078217
0
0.410362363
12.08004093
0
0
0
0
0.905508935
0
0.226377234
1.358263254
0
0
0
4.222976208
1.689190626
3.378381252
0.865686357
7.012060165
9.522550583
0
18.61225891
11.77053165
0
0
1.110427499
0
0.852011979
0
0
0.979813933
11.26785946
7.692438126
8.356785774
0.594415724
1.188831449
1.503522038
7.03197813
0
0
8.036545753
7.03197813
6.252732277
0
0
0
0
4.335410118
11.3804512
7.586967945
7.586967945
0
5.669020176
5.669020176
0
0
0
0
0
0
11.94410133
0
0
0
1.697641373
0
4.396455765
3.56566453
12.87117767
0
1.478446245
5.826816559
2.000250816
0
3.420655966
0
11.6324234
1.216964245
0
0
0
7.551506996
3.045537233
0
0
0
0
0
4.517873287
12.68479919
14.42244244
0
0
0
1.723421574
3.311211824
0
0
10.26866913
10.26866913
0
11.73562241
0
0
0
0
30.12671852
22.40192032
0
0
0
0
0
0
0
0
10.3254652
0
0
0
0
0
11.60143089
0
13.55140781
0
0
0
0
0
3.410907269
0
0
0
0
0
0
0
0
0
0
0
0
0
0
23.90070915
11.95035458
0
0
20.61694145
20.61694145
0
0
0
0
0
16.97668457
0
0
0
0
0
0
0
0
4.48359108
3.380717516
0
0.808644295
0
13.12364674
0
0
0
0
4.951104164
0
3.397597075
5.610505104
8.236938477
0
0
1.311623096
0
20.43064499
0
0
0
31.93785667
12.35661316
0
0
0
0
15.34616756
0
0
14.29115391
0
0
1.039148808
3.77375102
0.699276865
0
2.605684996
44.51389694
0
0
0
0
10.1991272
0
8.924235344
17.84847069
0
0
0
0
0
8.309328079
8.852329254
0
0
0
0
7.745787621
0
0
0
12.49282932
0
0
0
6.345257759
0
0
0
0
6.005642891
6.863591671
0
0
0
0
0
0
0
0
0
0
0
0
0
0
0
16.53586769
0
0
0
0
0
1.692164063
0
0
0
0
0
0
0
0
0
0
0
0
0
0
0
0
5.608150482
0
0
0
0
0
0
0
0
0
7.2
0
0
0
0
0
0
0
0
0
0
0
0
0
0
0
0
0
0
0
0
0
0
0
0
0
0
0
0
0
0
0
0
0
0
0
0
0
0
0
0
0
0
0
0
0
0
0
0
0
0
10.30156994
0
0
0
0
0
0
0
0
0.493628502
0.493628502
0.493628502
0.493628502
0.493628502
0
0
0
0
0
0
0
0
0
0
0
0
0
0
0
0
2.504082203
0
0
0
0
6.607665062
15.03813553
0
7.974769115
2.962057114
0
20.28927803
0.92223978
0.553343952
0
0
3.979434729
0.346037775
2.205991268
2.508774042
0
0
0
0
0
9.755730629
14.63359547
4.877865314
9.755730629
11.14940643
0
0
4.25192976
0
0
4.497267723
13.49180317
5.139734268
0
0
2.96624279
2.96624279
0
6.779983997
0
3.331043243
0
0
0
0
0
0
0
7.332285404
14.66457081
28.45474815
3.161638498
0
5.021425724
4.835447311
0
0
0
8.197871208
5.465247154
6.225204945
0
21.34355927
0
14.2290411
7.11452055
14.27472019
14.27472019
42.82415771
0
7.137360096
0
0
0
10.24802971
34.51968002
15.90516949
13.25430775
0
11.26616287
14.46928596
0
7.601269245
3.127104759
11.01702881
2.020590782
0
0
0
0
0
0
0
0
0
0
0
0
0
4.633956909
0
0
10.97657585
25.08931732
10.97657585
0
0
10.27559662
8.991146088
0
0
0
0
0
0
0
0
0
0
0
0
0
0
0
0
0
0
0
0
0
0
0
0
0
0
0
0
0
0
0
0
0
0
0
0
0
0
0
0
0
0
0
0
0
0
26.51560974
0
0
0
7.291239738
0
7.291239738
14.58247948
0
0
0
15.87333679
0
16.28390503
0
9.305088997
8.141952515
0
15.51263523
11.19266129
0
0
9.474490166
0
28.05939484
0
14.02969742
14.02969742
0
0
0
0
19.94430542
4.05522871
0
0
0
12.77163982
0
0
0
7.097297192
7.097297192
0
0
15.04205036
7.521025181
0
0
0
0
0
0
0
0
8.536446571
0
0
0
0
0
2.980307341
0
0
0
0
0
0
0
0
0
0
0
5.574835777
0
0
0
0
12.45146942
2.245961428
0
0
0
0
0
0
0
0
0
0
13.58945751
6.794728756
0
6.794728756
0
0
13.87940025
0
0
0
0
0
0
0
7.538009644
3.297878981
0
0
0
0
0
2.458853722
4.917707443
0
0
0
0
0
0
0
0
0
0
0
0
0
7.2
0
0
0
0
0
0
0
0
0
0
1.193079114
0
0
0
0
0
0
0
0
0
0
0
0
0
0
0
0
0
0
0
3.520997286
0
3.127249956
0
0
0
0
0
0
0
0
0
0
0
0
0
0
0
0
0
0
0
0
0
0
4.03569603
0
0
0
0
0
0
0
3.387093782
6.774187565
0
0
1.24824059
7.111188889
5.371216297
4.440153599
0
0
0
21.01328659
0
17.5584259
0
0
18.22100639
1.518202066
1.735088229
36.21996689
0
0
0
8.899302483
0
0
0
0
15.79794121
0
0
15.79794121
0
4.646597385
0
0
9.293194771
0
0
4.602002621
4.602002621
0
0
0
2.868130207
0
7.060014248
2.206254244
21.28449249
14.18966293
7.094831467
0
8.10837841
1.389930844
1.08105731
0
0
3.86091876
0
7.288633347
0
0
0
0
0
0
6.628391266
0
0
0
24.49731255
0
0
21.11617851
4.655004501
0
29.07691193
0
0
0
0
0
7.359251499
0
0
0
0
0
49.07473373
5.828019142
0
0
0
0
0
0
24.26650238
0
0
6.265596867
1.127002358
8.331768036
0
0
14.00543404
7.002717018
14.00543404
0
7.002717018
12.3614254
0
6.83131361
6.614447117
0
4.321709633
13.83705425
0
0
3.373966694
6.06799078
12.13598156
0
0
0
0
5.912884712
7.525491238
0
12.605196
7.422566414
0
6.494745731
22.26769829
0
15.25590324
15.25590324
22.88385391
7.627951622
0
11.98680973
11.98680973
0
11.98680973
35.96043015
3.264289618
0
0
0
6.902104855
7.519233704
33.39780807
29.3428936
0
0
17.91537857
4.073981762
0
0
0
12.13005257
0
8.122930527
5.103412628
0
7.272363186
11.35786343
11.35786343
0
0
11.35786343
19.09165192
0
0
0
0
11.00921249
11.0482502
0
8.237387657
15.49878502
0
0
0
3.216867685
0
10.46883202
0
0
12.34672928
6.374358177
6.11593771
6.126625538
12.25325108
6.126625538
18.37987709
0
0
34.99427795
5.844555378
18.67822456
4.310359955
9.276102066
0
9.276102066
0
0
0
19.81023598
5.777985573
5.777985573
0
7.903012276
14.50164223
14.14357853
4.706000805
2.941250563
5.471026897
5.471026897
0
10.94205379
0
12.50261593
10.93978977
0
0
10.93978977
13.57517719
0
5.939139843
0
0
9.358931541
0
0
9.358931541
0
0
0
10.37902737
11.86174583
0
0
2.070327282
0
0
0
2.070327282
0
0
0
0
4.661215782
0
0
0
3.644700527
7.289401054
0
11.58474636
5.79237318
0
6.619855404
0
0
0
3.685199022
0
3.540533543
0
0
0
0
0
0
0
0
0
0
0
0
0
0
0
0
0
0
0
0
0
0
0
0
0
0
0
4.834126949
4.834126949
0
0
0
0
0
0
0
7.2
0
0
0
0
0
0
0
0
0
0
0
0
0
0
0
4.22017622
0
0
0
0
0
0
0
0
0
0
0
0
0
4.934987068
0
0
0
0
0
0
0
0
0
0
0
0
0
0
0
0
0
0
0
0
0
0
0
0
0
2.89620924
8.515099525
0
0
0
0
0
2.91484642
5.829692841
4.742261887
0
0
4.742261887
8.298957825
3.116795063
3.752258062
1.724828243
4.841622829
0
6.516820431
0
0
7.447794914
7.447794914
0.635751426
0
0
0
13.48322678
4.335058212
8.670116425
4.335058212
0
0
8.670116425
8.973205566
0
0
11.78444958
3.650422096
0
0
0
0
14.97734547
0.8333745
6.451931477
0
21.1838398
5.080895424
2.638640881
0
3.015589952
0
5.277281761
0
0
3.168399096
1.584199548
3.621027708
6.240586758
2.080195427
8.320781708
0
4.160390854
14.12591743
23.54319572
4.708639145
4.708639145
0
7.434413433
14.86882687
7.434413433
0
0
4.81433773
0
0
0
11.00420094
0
1.345215917
43.85183334
4.59799242
0
0
0
0
13.9995842
0
0
3.336872339
3.336872339
0
0
0
13.58936691
0
6.794683456
0
0
7.715774059
0
7.715774059
0
0
29.66443253
9.888143539
9.888143539
0
0
0
0
0
16.23285675
16.23285675
8.148431778
0
0
8.148431778
8.148431778
4.379561424
4.379561424
4.379561424
0
0
23.14426994
15.42951202
15.42951202
15.42951202
0
7.905082226
7.905082226
15.81016445
7.905082226
23.71524811
0
0
18.7847538
46.96188354
0
0
0
8.839608192
0
0
0
0
0
0
0
8.600549698
6.186359406
17.16337395
9.694478989
0
11.73145008
9.412947655
7.336070061
0
0
8.927226067
8.316474915
6.722030163
0
12.15763569
13.91514778
17.56019974
8.780099869
10.03439999
17.56019974
26.3402977
0
0
0
30.7466507
0
0
0
0
4.886818886
9.773637772
0
7.370890141
7.370890141
0
0
7.370890141
5.322283745
11.64249611
9.625849724
10.47824764
0
11.27094936
0
11.27094936
22.54189873
11.27094936
0
32.20621109
43.5905304
16.71675873
0
8.024142265
8.425350189
0
11.88840103
12.90197754
0
0
0
4.576471806
56.70113754
0
5.867630482
26.81562042
0
0
4.616001606
0
0
10.5508604
5.275430202
1.145887375
0
0
1.136093616
1.410323024
8.387763023
16.77552605
0
0
0
5.497796059
5.497796059
0
0
0
0
0
0
0
0
0
9.225042343
18.45008469
9.225042343
18.45008469
21.08581161
0
0
3.173155546
3.173155546
0
15.46778107
10.31185436
0
0
0
0
1.567363977
0
0
0
0
0
0
4.097651958
0
4.063822746
0
0
7.388768673
0
0
0
0
0
4.555276871
0
0
6.731718063
0
0
0
0
0
0
0
0
0
0
6.411702156
0
0
0
0
0
0
0
0
0
0
0
0
0
0
0
0
0
0
7.2
0
0
0
0
0
0
0
0
0
0
0
0
0
0
0
0
0
0
0
0
0
0
0
0
0
0
0
2.585776329
2.585776329
0
0
0
4.188395977
0
0
0
0
6.6179533
0
0
0
0
2.759841681
0
2.759841681
8.279524803
0
4.953372002
8.491495132
2.476686001
2.476686001
0
0
0
0
3.564735174
3.747449636
7.494899273
0
0
7.068203449
0
3.534101725
0
12.91865921
25.83731842
12.91865921
12.91865921
0
2.969675779
0
0
0
0.509087324
19.76644707
0
3.368120909
0
0
5.506435394
0
0
5.506435394
5.506435394
0
0
0
0
8.755515099
7.661075592
10.7481699
0
16.12225533
0
0
0.677321017
1.072424889
0
2.483510256
3.047944784
3.727888107
0
0
1.198249817
3.861027002
0
0.439633548
5.966454983
5.840845585
1.067681432
0
0
17.97833061
15.73103905
7.865519524
0
5.052467346
8.841817856
0
0
7.070448875
24.241539
8.080513
7.070448875
14.14089775
0
9.316419601
0
0
9.316419601
1.685824037
0
1.064730883
8.517847061
2.7505548
11.88040543
11.88040543
11.88040543
0
0
12.65824032
0
6.329120159
0
6.329120159
3.9593997
5.691637039
0
0
0
26.47848511
0
0
33.82445526
0
0
0
5.828227043
5.828227043
0
17.48468208
0
0
12.78440762
0
11.83237743
8.259959221
0
3.269567966
0
4.216021538
10.16187668
0
0
0
0
0
0
0
0
0
27.3234272
13.6617136
0
0
27.3234272
0
0
0
10.34128666
0
0
13.78636932
0
0
0
0
0
0
0
21.14422226
0
6.93722868
0
0
0
0
0
0
0
0
0
6.023577213
0
0
0
5.165517807
0
12.64853859
0
0
0
0
0
0
0
0
0
6.051719189
6.051719189
0
0
0
26.81642914
0
0
0
12.02092361
0
0
0
0
0
0
0
0
18.25951004
18.25951004
0
0
33.55185699
0
8.387964249
0
10.00848961
0
30.02546883
10.00848961
0
0
0
0
0
16.78377342
0
0
0
16.78377342
13.94884205
0
0
0
13.94884205
11.0175705
0
11.0175705
22.03514099
0
9.664263725
0
0
0
9.664263725
7.072235107
0
0
0
0
0
27.94548416
12.66279888
0
0
0
0
0
7.514197826
0
0
10.47636414
10.47636414
10.47636414
5.238182068
0
0
0
0
5.105064392
0
0
0
17.73847008
0
0
0
0
0
2.27138567
0
0
0
0
0
0
0
2.22736311
0
0
0
0
0
0
0
0
0
0
0
0
0
0
0
0
0
0
0
0
0
0
0
0
2.018481255
0
0
0
0
0
5.146818638
0
0
0
0
0
0
0
0
0
7.2
0
0
0
0
0
0
0
2.290372849
0
0
0
0
0
0
0
0
0
2.413669586
0
0
0
0
0
1.865853667
0
0
0
0
0
0
0
0
0
0
5.842915535
0
0
0
0
0
0
0
0
5.71549654
2.85774827
5.71549654
0
0
0
0
7.059968472
0
0
4.38890934
2.19445467
7.523844719
7.50976038
5.00650692
0
0
0
0
0
0
0
4.028810978
2.014405489
2.014405489
0
0
0
0
0
21.65893555
14.68599606
0
0
3.356799126
2.937199116
11.86135101
0
0
3.459560633
3.459560633
10.11743736
0
7.588078499
5.058718681
7.588078499
2.529359341
7.97775507
11.96663189
11.96663189
7.97775507
0
3.950960398
7.901920795
0
0
0
0
3.438434601
1.742768049
0.282611072
3.202925444
5.721089363
8.581633568
2.860544682
5.721089363
2.860544682
0
0
0
0
5.32840538
0
10.83194065
0
0
0
4.442743301
4.442743301
13.32823086
8.885486603
13.32823086
6.256939888
6.256939888
3.128469944
0
3.128469944
0
0
6.646183491
0
0
0
4.716976643
9.433953285
0
0
0
0
0
0
10.13262939
0
15.9050293
0
39.76257324
0
0
11.66880417
0
0
0
11.66880417
3.293806314
0
2.597554684
11.0864706
0
0
0
0
0
12.96243572
0
0
0
20.93806839
24.87273788
10.23288918
0
10.23288918
0
0
7.842412472
4.848036766
4.491563797
0
12.76174355
0
0
0
0
0
0
0
8.221479416
16.44295883
0
4.967224121
0
9.934448242
4.967224121
4.967224121
7.419201374
0
7.419201374
0
0
0
0
0
29.08072472
0
0
0
7.988661766
0
0
24.78937721
0
7.702004433
19.2550106
7.702004433
0
0
0
23.60449219
0
15.73633003
0
9.736467361
19.47293472
29.2094059
0
0
20.10876465
0
20.10876465
0
0
16.58460426
8.292302132
24.87690735
8.292302132
0
0
0
6.332814217
12.66562843
0
13.35553932
6.677769661
13.35553932
0
33.38884735
9.798446655
0
19.59689331
29.39534187
9.798446655
7.879178047
15.75835609
0
15.75835609
0
25.25384712
0
12.29383945
0
0
35.85348129
34.01615524
0
0
0
9.738019943
9.738019943
0
19.47603989
0
8.109801292
0
9.268344879
9.268344879
0
8.830758095
0
8.830758095
0
0
19.39067268
22.16077042
0
9.695336342
9.695336342
6.1984272
12.3968544
0
6.1984272
6.1984272
7.259322643
3.629661322
3.629661322
0
0
7.968207836
0
0
0
0
0
0.761078
3.391760588
0.943074822
0
1.075436354
0
0
10.98185253
0
0
0
0
0
0
0
0
0
0
0
0
0
0
0
0
0
0
0
0
0
0
0
4.718806744
0
0
0
0
2.979130983
0
0
0
0
0
0
0
0
0
0
0
0
0
0
0
0
0
0
0
0
0
0
2.133448362
0
0
7.2
0
0
0
0
0
0
0
0
0
0
0
0
0
0
0
0
0
0
0
0
0
0
0
0
2.754881144
0
0
0
2.128792048
3.725386143
3.725386143
0
0
0
0
0
0
3.755394459
3.755394459
7.510788918
0
0
0
0
0
0
0
0
0
0
0
0
0
0
0
0
0
0
1.940327287
1.940327287
7.174908161
3.13902235
7.174908161
3.13902235
3.13902235
0
14.11475754
9.409838676
0
0
2.790219069
2.790219069
2.790219069
5.580438137
0
0
2.933840036
0
5.867680073
2.933840036
5.926443577
8.889665604
5.926443577
0
2.963221788
1.5001899
4.281680107
2.114146233
0
0.128130078
0
0
0
0
3.142639875
6.285279751
9.390175819
12.32460594
0
0
4.69508791
4.120986938
4.120986938
4.120986938
4.120986938
0
0
0.853008151
0
14.64330673
9.951760292
9.041423798
0
7.9112463
0
0
4.042082787
8.084165573
8.084165573
8.084165573
0
3.754581213
0
17.16380119
0
4.290950298
3.819402933
0
0
3.819402933
0
0
0
0
17.44583511
0
0
24.03011131
16.02007484
16.02007484
0
0
16.31256676
0
8.156283379
8.156283379
0
7.58906126
0
0
6.640428066
6.640428066
6.45250988
6.45250988
0
19.35752869
6.45250988
13.58420277
6.792101383
0
27.16840553
0
0
0
11.24458027
16.13352776
0
7.456095695
7.456095695
0
0
22.36828804
6.877268791
0
6.877268791
0
13.75453758
0
0
7.383228302
11.37125015
4.203590393
0
14.63745689
14.63745689
0
0
0
8.620783806
17.24156761
43.10391998
8.620783806
0
13.34359074
13.34359074
0
0
4.09778595
0
9.491615295
0
0
0
0
0
0.883435607
1.564115405
0
0
8.656450272
0
0
0
0
0
0
0
6.214149475
0
0
0
0
0
0
0
0
0
0
0
0
12.44113922
0
0
7.515512943
7.515512943
0
0
0
0
0
19.0435276
0
0
0
0
0
10.16572857
11.61797619
0
0
16.05974197
0
0
0
2.860962868
0
12.99607658
2.860963106
4.200137615
17.91684341
0
0
0
17.91684341
7.92394495
23.77183533
7.92394495
15.8478899
15.8478899
17.05217361
0
8.526086807
0
0
0
6.30798912
18.92396545
12.61597824
6.30798912
0
7.342979431
14.68595886
0
0
3.520403862
4.4982934
0
0
2.307819843
0
2.251318216
3.610222578
0
0
0
7.83910799
7.83910799
0
0
0
3.766811848
7.533623695
3.766811848
3.766811848
0
9.739656448
0
0
0
0
2.610518456
0
0
0
0
0
0
1.389332294
0
0
0
1.202795744
0
0
0
0
0
0
0
0
0
0
0
0
8.62574482
0
0
0
0
0
9.362071037
9.362071037
4.681035519
0
0
0
0
0
0
0
0
0
0
0
0
0
0
0
0
0
0
0
0
0
0
0
0
7.2
0
0
0
0
0
0
0
0
0
0
0
0
0
0
0
0
0
0
0
0
0
0
0
0
0
0
0
0
0
0
0
0
0
0
0
0
0
0
0
0
0
0
5.654240131
0
0
0
0
0
0
0
0
0
0
0
0
0
0
2.495515823
4.991031647
2.289387703
0
0
0
4.578775406
7.254169464
0
0
4.836112976
4.836112976
6.559852123
6.559852123
5.739870071
0
11.47974014
6.695581436
10.04337215
11.47813892
6.695581436
0
8.984650612
0
5.989767075
0
0
0
0
7.792551994
3.896275997
3.409241438
3.409241438
0
0
2.621303797
5.991551876
7.863911152
0
0
0
4.943836689
4.325857162
2.407933474
2.1069417
0
2.1069417
0
0.393589795
7.764453411
13.50728607
0.214685366
0.554603815
8.937573433
0
0
3.910188198
8.937573433
0
0
13.65652561
5.523988247
7.211873531
12.90938282
12.90938282
0
0
8.606254578
0
0
10.23561096
5.117805481
5.117805481
6.374443531
6.374443531
0
0
0
0
1.158445477
0
1.853512883
2.316890955
0
8.616019249
0
0
3.28229332
0
0
3.6965909
3.6965909
4.224675179
0
0
0
0
8.042413712
16.08482742
37.5553093
0
0
13.47092724
0
0
0
8.405705452
8.405705452
0
7.840909004
9.606879234
0
0
13.42137623
42.20420837
0
0
24.0083847
13.39414978
3.284210205
15.49473667
7.073684216
19.14385605
4.435087681
24.10514259
0
8.035047531
27.54873466
9.182911873
0
0
0
11.69739246
5.848696232
12.53848648
12.53848648
6.26924324
0
0
0
16.87547112
0
0
0
0
11.31428719
0
0
0
5.212602139
0
0
10.42520428
5.212602139
5.212602139
0
0
21.21122742
9.279911995
0
0
0
11.95162773
0
0
0
0
5.578499317
16.73549843
5.578499317
0
0
0
12.54799843
12.54799843
0
8.110652924
16.22130585
8.110652924
8.110652924
12.30735493
0
12.30735493
0
24.61470985
0
0
7.920177937
0
7.920177937
15.84035587
13.17879105
0
0
23.06288528
11.53144264
16.92094803
0
16.92094803
0
0
19.3218708
0
33.12320709
0
9.660935402
0
0
27.3760891
0
0
0
22.54771996
0
11.27385998
0
0
10.75925159
5.379625797
5.379625797
10.75925159
15.53853416
13.5962162
6.798108101
13.5962162
0
0
12.8625021
6.431251049
0
6.431251049
9.857218742
0
4.503297806
3.902858496
0
20.91036606
0
20.91036606
0
0
0
0
0
0
0
0
1.58640337
0
0
0
0
0
0
0
5.168624401
0
0
0
0
0
0
0
0
0
0
0
0
0
0
0
0
0
0
0
6.225733757
0
6.417890072
0
2.310440779
0
0
0
0
0
0
0
0
0
0
0
0
0
0
0
0
0
0
0
0
0
0
0
0
0
0
0
0
0
7.2
3.3939991
0
0
0
0
0
0
0
0
0
0
0
1.178591132
1.346961379
0
0
0
0
2.189450026
2.502228737
0
0
0
0
0
0
0
0
0
0
0
0
0
1.773369431
0
0
0
0
0
0
0
0
0
0
0
0
0
0
4.244861603
8.489723206
0
0
0
0
6.234477997
0
0
0
0
0
0
0
0
0
0
0
0
0
0
0
0
0
0
0
0
0
7.668373108
0
0
0
0
0
0
0
0
0
0
0
11.14632797
3.715442657
5.635398865
5.635398865
6.440455914
0
0
0
8.268950462
5.512633801
0
0
0
0
3.242875099
3.242875099
9.728625298
0
8.361104012
21.99334145
12.35989571
0
6.273426533
3.136713505
25.57627869
18.09642601
0
0
0
6.868525505
13.73705101
4.579017162
8.691043854
0
0
17.38208771
0
0
0
3.646696329
0
4.167653084
3.804566145
1.792956233
8.265091896
8.921051979
0
0
11.55923271
0
0
0
5.972043514
0
0
0
2.986021757
0
18.44776344
0
0
6.149254322
0
13.22639465
0
13.22639465
0
0
0
12.6130724
0
0
0
10.15017509
10.15017509
10.15017509
10.15017509
0
17.73355293
0
0
5.911184788
5.911184788
0
0
0
0
0
18.83286476
0
0
0
0
4.712563038
0
0
0
9.425126076
0
32.90048599
21.93365669
10.96682835
0
0
0
10.08566952
0
0
0
0
5.872534752
0
0
0
0
0
8.807785034
8.807785034
8.309071541
8.309071541
0
0
0
0
0
0
0
0
0
0
0
18.12454224
6.041514397
0
0
0
0
0
0
0
5.928758621
5.928758621
0
5.928758621
0
0
0
0
0
6.668763161
13.33752632
13.33752632
0
6.668763161
13.33752632
17.93411255
0
17.93411255
0
8.967056274
0
46.44955444
23.22477722
0
0
19.35318375
19.35318375
9.676591873
9.676591873
0
10.96540451
0
10.96540451
21.93080902
0
12.40762615
0
0
0
12.40762615
12.1343298
0
0
12.1343298
0
0
0
20.43595314
6.811984539
0
18.37549973
6.125166893
6.125166893
0
0
8.855373383
0
0
17.71074677
8.855373383
9.414136887
0
0
9.414136887
0
0
0
0
12.19395733
0
14.35873699
0
0
0
0
0
0
0
0
0
0
3.235739231
0
0
6.471478462
0
0
0
5.33257103
5.33257103
0
4.603634834
4.603634834
0
4.603634834
4.603634834
0
4.901542187
0
0
0
7.583999634
3.791999817
0
0
3.791999817
0
3.975463152
0
0
0
0
2.34046483
0
0
0
2.593702555
5.187405109
5.187405109
2.593702555
0
6.970662117
6.099328518
0
0
0
3.737781286
0
7.475562572
3.737781286
0
0
0
0
0
0
0
0
7.2
0
0
0
0
0
0
0
0
0
0
0
0
0
0
0
0
0
0
0
0
0
0
0
0
0
0
0
6.917956829
0
0
0
0
0
0
0
0
0
0
0
0
3.378244877
5.980417252
5.232864857
0
0
0
0
0
3.511632442
0
0
0
3.525038719
0
7.050077438
7.050077438
4.713209629
4.713209629
0
4.696169853
2.348084927
0
0
2.348084927
5.658882618
0
5.658882618
5.658882618
5.658882618
6.584452152
5.761395454
0
0
5.761395454
0
11.99637508
0
0
0
5.014703751
12.53675938
2.507351875
2.507351875
5.014703751
3.165727139
0
0
3.617974043
3.165727139
6.331454277
0
12.39011097
10.84134579
16.26202011
10.84134579
8.787993431
8.787993431
4.393996716
4.393996716
13.18199158
0
6.39841938
6.39841938
19.19525719
0
0
3.987660408
0
0
13.67197895
0
0
0
0
5.980587482
5.567405701
0
19.0882473
0
12.72550011
0
0
11.81894302
6.753682613
17.72841454
4.074840546
0
0
8.149681091
12.22452259
0
18.64931107
31.97024727
9.324655533
0
15.58682919
15.58682919
23.3802433
7.793414593
0
0
12.15923309
0
18.23884773
12.15923309
0
10.46181297
18.30817223
9.154086113
9.154086113
0
6.454795361
0
7.376909733
12.90959072
0
0
0
0
17.25171661
0
0
0
0
0
0
10.29899597
10.29899597
10.29899597
0
20.59799194
0
49.34963989
0
0
0
0
10.94935608
5.47467804
0
5.47467804
10.14810467
50.74052429
0
10.14810467
0
0
0
0
0
0
0
8.973125458
10.25500011
4.486562729
0
0
0
8.792643547
17.58528709
8.792643547
8.586048126
8.586048126
0
0
8.586048126
0
0
0
0
0
0
0
0
21.86638451
0
0
0
0
0
0
0
0
0
50.02736664
0
0
0
0
0
0
0
0
33.74938583
0
0
0
0
0
0
0
0
0
9.20972538
9.20972538
0
9.20972538
9.20972538
29.82179832
0
0
0
0
0
22.05941963
0
22.05941963
0
0
0
0
21.31731796
0
0
0
0
14.41672897
0
14.08738804
0
14.08738804
0
14.08738804
0
23.11227798
7.704092979
15.40818596
0
21.08629227
42.17258453
31.6294384
0
0
0
0
0
0
13.33474159
11.18192768
0
0
33.545784
0
0
0
0
7.706834793
7.706834793
0
0
0
18.59984779
9.299923897
0
4.934195518
0
0
0
0
0
0
0
0
6.147799015
0
0
0
0
0
0
0
8.293480873
0
0
0
0
0
0
0
0
4.52690506
0
9.05381012
0
5.570111275
0
0
5.570111275
5.570111275
0
0
0
0
0
0
0
0
0
0
0
0
0
0
0
0
0
0
0
0
0
0
0
0
0
0
0
7.2
0
0
0
0
0
0
0
0
0
0
0
0
0
0
0
0
0
0
0
0
0
0
0
0
0
0
0
0
0
0
0
0
0
0
0
0
2.889423132
0
0
0
2.889423132
3.330276966
0
0
0
0
0
0
0
0
0
0
0
0
0
0
0
0
0
0
0
8.313741684
2.771247387
0
0
0
2.349962711
1.236822367
0
0.865775645
0
0
6.378293037
0
6.378293037
0
0
0
0
0
3.376616001
0
0
0
4.823736668
5.429127216
0
0
0
0
0
0
4.013103962
4.013103962
10.53439713
4.013103962
4.284069061
9.792158127
4.896079063
8.568138123
0
4.54852581
0
2.274262905
0
0
12.84879971
14.68434334
0
0
6.424399853
9.573064804
0
0
3.191021442
0
0
3.233901978
3.695888042
3.695888042
3.233901978
0
0
3.425446749
3.425446749
6.850893497
0
10.69383526
16.04075432
0
10.69383526
0
8.756655693
8.756655693
0
0
4.439391136
4.439391136
8.878782272
0
17.75756454
16.73739052
4.18434763
8.368695259
0
4.18434763
14.1172514
0
0
0
0
7.058625698
0
8.118653297
0
0
8.118653297
10.55340004
10.55340004
0
21.10680008
10.55340004
0
0
6.806812286
6.806812286
6.806812286
9.532499313
19.06499863
9.532499313
0
0
0
0
0
0
0
0
0
11.97934341
0
0
0
11.40792656
0
0
0
10.95193386
0
0
32.85580063
0
0
0
0
10.32336903
6.129500866
0
0
5.246292591
0
0
8.049209595
0
8.049209595
16.09841919
0
0
0
0
0
0
0
0
0
0
0
0
0
0
0
0
0
0
0
0
0
0
0
0
0
0
0
0
0
0
0
13.22838688
55.56655884
0
0
0
0
0
0
0
0
0
0
7.923707962
0
7.923707962
7.923707962
0
0
36.25933075
36.25933075
0
0
9.393437386
9.393437386
0
9.393437386
9.393437386
12.52462769
25.04925537
0
0
0
0
0
0
7.71475935
18.49628258
0
6.238632679
6.238632679
0
0
0
3.992101908
0
7.984203815
0
12.3885231
4.129508018
0
0
0
0
17.66481972
0
17.66481972
8.832409859
6.701832294
6.701832294
0
0
0
0
0
0
0
0
8.100184441
0
4.07202816
0
0
4.07202816
0
0
8.518367767
4.259183884
4.259183884
9.102603912
0
0
0
4.551301956
0
0
6.05804348
6.05804348
0
0
0
0
0
0
0
0
0
0
0
0
0
0
0
0
0
0
0
0
0
16.00188828
0
0
0
0
0
0
0
0
0
0
0
0
0
0
0
0
0
0
0
0
0
7.2
0
0
0
0
0
0
0
0
0
0
0
0
0
0
0
0
0
0
0
0
0
0
0
0
0
0
0
0
0
0
0
0
0
2.025817633
0
2.025817633
0
0
0
0
0
0
0
0
3.105708599
3.105708599
0
0
0
0
0
0
0
0
0
3.096459389
0
0
2.27071166
0
1.978245497
0
0
3.956490993
1.086672068
0
7.63866663
2.269227028
4.250805378
0
3.561758757
0
3.561758757
3.561758757
0
0
0
11.17502403
0
0
0
0
0
0
2.547289848
5.094579697
7.641870022
2.911188364
7.641870022
5.822376728
0
5.066605568
5.066605568
5.066605568
5.790406704
3.429996729
6.859993458
1.714998364
0
0
2.380353451
0.680101037
0
17.00252533
0
13.87710857
3.418997526
3.217879772
2.815644741
0
0.470910311
7.242276669
6.138072968
0
0.438433766
0
5.26619482
2.303960085
0
4.278783321
0
20.39761162
7.770519257
6.79920435
0
6.969199181
3.049024582
6.098049164
3.049024582
6.098049164
0
4.911906719
2.45595336
4.911906719
0
1.776663184
0
2.030472279
0
0
2.508917332
0
5.017834663
5.017834663
2.508917332
10.79467583
0
17.20401382
0
0
0.805852473
0
0
7.997555256
0
23.99266624
9.290776253
0
9.290776253
0
27.87232971
0
0
0
13.71208668
0
10.6641531
5.33207655
0
0
0
15.93324184
0
7.966620922
0
0
0
7.091228962
14.18245792
0
7.091228962
15.7758131
15.7758131
0
23.66371918
15.7758131
0
0
8.611754417
0
0
0
0
0
0
9.987495422
3.708999157
0
0
3.708999157
0
0
0
0.577653825
0.456236154
0.61260736
0
3.370037794
3.766512394
0
5.674547672
7.904720306
0
0
0
0
8.758970261
16.55576515
0
0
0
0
0
0
0
0
0
27.83037376
9.276791573
0
0
9.276791573
4.275502205
4.275502205
0
8.55100441
8.55100441
10.00474167
10.00474167
10.00474167
10.00474167
10.00474167
0
0
13.19983006
6.599915028
6.599915028
0
0
9.386569023
0
0
16.4264946
0
11.9389801
0
11.9389801
5.969490051
26.83540535
0
17.89027023
8.945135117
26.83540535
13.50753117
0
27.01506233
13.50753117
0
11.66742992
11.66742992
0
11.66742992
0
0
0
0
27.79297066
0
5.038835526
5.038835526
15.11650562
20.1553421
5.038835526
0
0
8.980751038
0
0
10.88088703
0
0
0
0
0
16.57109261
16.57109261
0
0
11.67161369
11.67161369
0
0
0
0
1.80073595
0
0
0
0
0
2.329187632
0
0
0
0
0
1.866232872
1.866232872
3.732465744
0
0
6.152826786
6.152826786
0
0
0
0
0
0
5.407302856
21.62921143
0
5.407302856
0
4.67663002
8.184102058
4.092051029
4.092051029
4.092051029
6.103013515
0
0
0
0
0
0
0
0
0
0
0
0
0
0
0
0
0
0
0
0
0
0
0
0
0
0
7.2
0
0
0
0
0
0
0
0
0
3.593812943
4.03445816
0
0
0
0
0
0
0
0
0
0
0
0
0
0
0
0
0
0
0
0
0
0
0
0
0
0
0
1.908693314
0
0
4.934209824
4.934209824
0
0
0
0
0
0
0
0
0
0
0
0
0
0
0
0
0
0
0
5.542668343
5.542668343
0
0
0
9.436286926
0
11.02033997
0
0
0
0
0
0
1.778906345
2.033035755
1.778906345
2.242034674
0
0
2.242034674
0
0
0
0
1.702629805
5.107889652
1.702629805
2.813371181
11.10541344
14.65914536
18.50902176
0
0
0
7.782002449
0
0
0
0
0
0
3.558960438
11.1055584
0
0
5.794203758
0
0
8.497299194
25.49189758
0
0
3.115433455
5.452007771
2.726003885
0
5.452007771
4.93189764
19.72759056
4.93189764
4.93189764
19.72759056
0
9.005677223
0
4.502838612
0
5.197103977
5.939547539
15.5913105
15.5913105
0
0
0
3.034528494
3.034528494
6.069056988
5.108302593
15.3249073
0
0
15.3249073
6.868883133
6.868883133
0
13.73776627
0
0
11.92841625
0
5.964208126
0
11.92841625
0
9.156326294
9.156326294
18.31265259
0
0
0
0
0
0
0
13.11550617
0
0
0
0
9.343497276
9.343497276
0
9.343497276
0
15.47042084
0
0
0
0
0
0
6.884596348
0
0
0
0
8.187858582
4.093929291
6.543287754
0
6.543287754
0
6.543287754
0
6.750376701
0
6.750376701
0
0
0
13.44696999
0
0
0
0
0
0
0
0
0
0
0
0
0
0
0
0
0
0
0
0
0
0
0
0
0
0
0
24.02792168
0
13.45254993
13.45254993
0
0
0
13.06257915
0
13.06257915
0
0
34.18220139
0
17.09110069
0
17.09110069
0
0
0
0
0
0
0
0
19.12203217
0
6.891655922
0
0
6.891655922
13.78331184
0
27.92104721
9.307015419
9.307015419
0
0
16.31418037
16.31418037
8.157090187
8.157090187
5.218836308
10.43767262
5.218836308
5.218836308
0
5.412268639
5.412268639
0
5.412268639
0
20.18672943
11.53527451
0
0
10.09336472
17.40530205
0
8.702651024
17.40530205
0
4.668637276
0
0
4.668637276
0
14.96944523
0
0
22.45416641
0
0
0
0
11.11748314
7.411655426
3.705827713
2.931396246
0
0
0
0
0
0
0
0
0
0
0
3.781459332
0
0
0
0
0
0
0
0
0
0
0
0
0
0
0
0
0.591892362
0
0
0
0
0
0
0
0
0
0
0
0
0
0
0
0
0
0
0
0
0
0
4.692980289
0
0
0
0
7.2
0
0
0
0
0
0
0
0
0
0
0
0
0
0
0
0
0
0
0
0
0
0
3.944501877
0
0
0
0
0
0
0
0
0
0
0
0
0
0
0
0
0
0
0
0
0
0
0
0
0
0
0
0
0
0
0
0
0
0
8.754846573
6.670359612
2.278609753
0
6.835829258
2.278609753
0
6.956213474
3.478106737
0
6.956213474
3.478106737
2.747095108
0
2.747095108
5.494190216
13.73547649
0
2.821690321
8.465070724
0
0
0
0
3.736113787
3.736113787
0
0
0
4.8354249
2.41771245
0
4.8354249
8.823515892
0
3.361339808
0
5.882344246
0
2.178137779
7.467900753
2.178137779
4.356275558
0
1.844647527
5.533942223
3.689295053
3.689295053
34.56004333
7.989688396
0
0
1.734195828
12.7633934
0
14.58673573
6.381696701
0
0
0
9.184975624
18.36995125
4.592487812
15.42180538
7.710902691
0
0
0
4.309518337
0
4.309518337
4.309518337
0
13.14669895
0
0
0
13.14669895
4.561315536
0
9.122631073
0
0
0
0
13.1720562
19.75808334
0
9.294712067
9.294712067
0
9.294712067
0
0
8.361822128
0
9.556368828
0
8.361822128
21.9849472
8.375218391
21.9849472
0
0
0
0
8.394950867
0
8.394950867
7.721547604
15.44309521
0
15.44309521
7.721547604
0
0
0
15.91819572
15.91819572
0
0
0
0
9.824664116
0
0
16.77663231
16.77663231
0
0
0
4.088645458
0
4.088645458
8.285493851
8.285493851
8.285493851
8.285493851
0
0
0
0
0
7.57617569
0
16.50748634
0
8.253743172
8.253743172
0
0
5.110623837
0
5.110623837
10.22124767
11.49489975
0
0
11.49489975
0
0
18.93956566
9.469782829
0
0
4.763471127
0
0
7.852510452
8.343292236
6.286203861
18.85861015
0
6.286203861
18.85861015
10.56406879
0
10.56406879
10.56406879
21.12813759
11.18667126
11.18667126
11.18667126
11.18667126
11.18667126
0
23.55979729
0
0
0
0
0
0
24.43391991
0
12.21695995
14.02583218
16.02952194
0
14.02583218
14.02583218
21.66511154
7.221703529
0
0
14.44340706
12.72370625
12.72370625
12.72370625
12.72370625
0
11.48430157
11.48430157
11.48430157
11.48430157
11.48430157
0
6.306144238
0
0
6.306144238
0
17.65765953
0
0
8.828829765
0
5.065923214
5.065923214
10.13184643
5.065923214
0
0
6.273511887
12.54702377
6.273511887
10.46725655
0
0
10.46725655
10.46725655
0
0
0
16.18159866
16.18159866
0
6.934454918
3.467227459
0
0
3.467227459
0
7.968379974
3.984189987
0
3.984189987
0
0
0
3.187593222
0
0
0
0
0
0
0
0
0
0
0
0
0
0
0
0
0
2.389661789
2.389661789
0
0
0
0
6.722296715
0
0
4.105445385
0
0
0
0
0
0
0
0
2.779350758
0
0
5.268359184
0
0
0
0
0
0
0
0
0
7.2
0
0
0
0
0
0
2.016615152
0
0
0
0
0
0
0
1.356708527
0
0
0
0
0
1.157327175
0
0
0
0
2.664687872
1.332343936
0
0
0
0
0
1.725540638
1.725540638
3.451081276
0
0
0
2.412308455
0
4.824616909
2.034632921
4.069265842
6.103899002
0
4.069265842
5.848360538
0
2.558657646
0
0
0
0
0
0
2.963263035
1.416532874
0
4.249598503
1.416532874
2.984017134
0
2.984017134
14.92008495
2.984017134
2.760534286
2.760534286
0
2.760534286
6.309793472
0
0
7.979159832
3.989579916
7.979159832
0
0
0
2.638183594
3.015067339
3.958369732
3.958369732
1.979184866
3.958369732
0
0
0
2.507786036
2.507786036
2.507786036
0
0
15.16412067
7.582060337
0
0
0
0
0
8.660608292
12.99091148
14.46094227
14.46094227
0
0
19.28125572
12.21746159
16.03541756
0
0
10.69027901
0
3.484521627
6.969043255
0
3.484521627
0
11.33639622
0
0
9.919345856
3.715819597
7.431639194
3.715819597
7.431639194
14.86327839
0
0
0
0
8.568323135
0
10.73509884
0
0
12.26868534
0
0
0
0
7.442523003
4.158977032
12.47693157
8.317954063
0
8.317954063
3.219092607
12.87637043
3.219092607
9.657278061
3.219092607
0
0
8.984574318
35.93829727
17.96914864
8.984574318
0
21.3099823
0
18.6462326
18.6462326
12.09070492
12.09070492
0
0
0
0
0
0
0
0
9.55700016
0
19.11400032
0
0
0
17.68450546
17.68450546
17.68450546
0
6.6734519
6.6734519
6.6734519
0
6.6734519
7.378987789
0
0
14.75797558
0
9.590801239
19.18160248
19.18160248
0
0
0
0
0
12.78026676
0
0
0
0
0
0
0
0
0
0
0
0
0
0
19.81690025
0
0
8.738985062
0
0
0
0
0
4.017709255
4.017709255
0
0
0
10.31311321
0
0
10.31311321
0
0
0
8.919835091
0
0
0
0
0
19.81664085
19.81664085
0
0
0
0
24.61557388
0
10.99881649
32.99644852
0
10.99881649
0
0
0
0
0
0
0
0
0
0
9.401124001
0
0
0
28.20337486
0
0
0
0
0
0
13.04602051
6.523010254
6.523010254
6.523010254
4.78338623
4.78338623
0
0
4.78338623
0
18.86657524
18.86657524
0
0
19.99118996
13.32746029
0
6.663730145
6.663730145
0
9.706850052
0
0
0
29.57223701
11.82889462
0
0
0
0
0
0
0
0
0
0
0
0
0
0
0
0
0
0
0
0
0
0
0
0
0
0
0
0
0
0
0
8.735146523
1.747029305
0
5.188021183
0
0
5.188021183
0
0
0
0
5.756612301
0
0
0
0
0
0
0
0
0
0
0
0
0
0
0
0
0
0
0
0
0
0
0
7.2
0
0
0
0
0
1.441916704
0
0
0
1.441916704
0
0
2.123192787
1.061596394
2.123192787
1.222999215
0
0
0
1.222999215
0
0
0
0
0
0
0
0
0
0
0
0
0
0
0
0
0
0
0
0
0
0
0
0
0
0
0
0
0
0
0
0
0
0
0
0
0
6.316411018
3.158205509
4.485044956
7.475074291
0
0
0
0
0
0
0
0
0
4.724072456
0
2.362036228
0
0
0
0
2.170113325
0
0
15.03516388
9.021098137
0
0
7.294567585
0
0
0
9.726089478
4.255164146
2.451753378
2.451753378
7.355260372
7.355260372
0
0
0
3.958933115
0
0
12.26251125
8.17500782
0
8.17500782
8.17500782
7.06459856
3.53229928
3.53229928
4.036913395
10.59689713
3.609974384
7.219948769
0
7.219948769
0
0
6.614955425
2.89404273
5.788085461
2.89404273
13.09404659
7.482312202
0
6.547023296
0
0
7.52797842
0
7.52797842
0
0
0
3.614301205
0
0
0
0
15.15078926
10.10052586
10.10052586
0
10.04970837
0
0
0
5.132418156
10.26483631
0
15.39725399
0
5.132418156
13.03249931
6.516249657
13.03249931
6.516249657
13.03249931
0
0
5.84387207
11.68774414
11.68774414
34.96981812
0
0
26.22736549
0
0
0
0
23.33016586
0
0
4.634394646
13.90318394
0
0
0
0
0
13.16386223
0
0
0
0
0
0
0
0
0
0
0
0
34.44472122
0
0
34.44472122
0
0
0
0
0
0
0
9.630872726
9.630872726
0
0
0
0
0
0
0
0
14.6360817
0
0
0
0
0
0
0
0
0
0
0
0
14.97563744
0
0
0
0
0
0
0
0
21.46159935
0
0
0
12.94754505
12.94754505
12.94754505
0
13.11291504
0
0
0
0
7.073895454
28.29558182
14.14779091
7.073895454
7.073895454
7.350157738
0
22.05047226
0
0
32.87859726
21.91906548
10.95953274
0
0
0
0
4.871317863
14.61395454
4.871317863
6.050473213
12.10094643
0
0
0
0
0
0
13.47206116
6.736030579
11.05786324
0
3.685954332
0
7.371908665
0
0
0
11.31618404
5.658092022
0
0
20.44595718
0
0
4.246235371
4.246235371
0
4.246235371
0
18.9743576
12.64957142
0
0
12.64957142
18.9743576
4.706274986
0
0
0
0
0
0
0
0
0
0
0
0
0
0
0
0
0
0
0
0
0
0
0
0
8.547714233
0
0
8.547714233
0
3.849546671
0
0
0
0
0
2.214334965
0
0
4.42866993
5.458953381
6.238803387
0
0
0
0
0
0
0
0
0
0
0
0
0
0
0
0
0
0
0
0
7.2
0
0
0
0
3.003121138
0
0
0
0
0
0
0
0
0
0
0
0
0
0
0
0
0
0
0
0
0
0
0
3.398604631
5.09790659
3.398604631
5.653725147
0
0
0
0
0
0
0
0
3.064750195
2.859645844
8.578937531
0
0
0
0
0
0
0
0
0
0
0
0
0
0
0
0
0
0
4.159314632
0
0
0
0
0
0
0
0
0
6.207141399
0
0
0
0
0
0
0
0
0
0
0
0
0
0
0
0
4.980891705
4.980891705
5.636191845
2.818095922
5.636191845
5.636191845
5.636191845
4.080053329
4.080053329
4.080053329
4.080053329
12.24015999
3.102469683
3.102469683
3.545679808
3.545679808
3.102469683
0
0
0
16.80900383
0
15.80055714
9.028889656
7.900278568
0
0
5.995042324
11.99008465
6.851477623
6.851477623
23.9801693
11.17092419
0
0
11.17092419
0
7.71657753
26.23636055
10.80320835
0
0
0
0
0
0
0
0
0
0
28.92729759
9.642433167
0
0
9.588347435
0
0
0
0
17.8793869
0
13.40954018
0
6.944369316
3.148113966
20.15410233
4.999945164
6.604866505
0
0
0
0
0
0
10.94278049
0
5.471390247
5.471390247
10.51621342
10.51621342
21.03242683
0
0
14.87321568
0
6.507030964
0
0
0
0
0
0
0
0
7.461534023
0
0
0
0
23.97222328
0
0
0
12.96529293
4.321763992
0
0
4.321763992
0
0
0
0
38.23619461
0
0
0
0
0
0
0
0
0
0
0
0
0
0
0
0
0
7.799889565
0
0
7.799889565
36.97045135
0
18.48522568
0
0
0
0
19.8699646
0
0
0
0
0
0
0
0
0
0
9.323417664
0
0
0
11.32436085
0
0
0
0
0
0
18.12542725
0
31.47127342
0
0
10.49042416
0
0
0
0
0
0
17.58919525
17.58919525
0
0
0
9.242362022
9.242362022
0
0
0
6.445504665
0
0
12.89100933
0
0
11.07152271
25.09545326
0
0
21.65256691
14.43504333
0
0
0
0
7.659335136
22.97800446
7.659335136
7.659335136
0
0
17.42992783
0
0
0
0
0
0
6.658784866
0
0
0
0
0
0
4.9758811
0
0
0
0
0
0
0
0
0
0
0
0
8.298005104
0
0
0
0
0
0
2.957944632
2.957944632
0
0
0
0
0
0
0
0
2.860634565
0
0
2.860634565
0
0
3.134032965
0
0
0
0
0
0
0
0
0
0
0
0
0
0
0
2.492203236
0
2.492203236
2.492203236
0
7.2
5.30652523
0
0
0
0
0
0
0
0
0
0
0
0
0
0
0
0
0
0
0
0
3.249568462
0
0
0
0
0
0
0
2.698319674
5.396639347
2.800553799
5.601107597
5.601107597
2.800553799
0
0
0
0
0
0
0
0
0
2.593510151
5.187020302
3.502707243
7.005414486
0
0
0
0
0
0
0
0
2.01723218
2.01723218
2.01723218
0
0
3.212906599
11.01567841
9.638718605
2.671348095
0
5.34269619
8.014044762
8.014044762
3.304964781
9.914894104
9.914894104
0
0
5.165317535
4.519652843
9.039305687
4.519652843
5.165317535
0
0
7.023181438
0
0
4.446419239
0
0
0
4.446419239
5.081622124
7.810679913
20.50303268
0
0
0
8.068574905
20.17143631
4.034287453
0
0
0
0
5.71316433
7.498528481
4.999018669
5.431015968
19.00855637
0
0
10.86203194
8.851750374
0
0
5.163520813
0
3.299113989
8.66017437
5.773449421
0
0
6.522778511
0
0
0
0
4.594756603
0
9.189513206
9.189513206
0
0
0
10.79414463
6.168083668
10.79414463
0
0
10.17390347
11.62731934
5.086951733
0
0
0
0
3.839648962
5.811565399
5.811565399
6.641789436
5.811565399
0
0
0
0
20.26483727
6.754946232
6.754946232
7.505619049
7.505619049
0
8.577850342
0
7.831075668
0
13.70438194
6.852190971
6.852190971
0
8.934285164
7.817499638
7.817499638
0
0
6.757398129
6.757398129
15.44548225
0
5.094440937
5.094440937
0
10.18888187
5.094440937
22.65548706
30.20731926
0
7.551829815
15.10365963
0
10.1368084
0
0
10.1368084
17.25569725
17.25569725
0
17.25569725
25.88354492
19.25548363
0
0
19.25548363
0
0
0
9.972432137
9.972432137
0
0
0
14.04153919
7.020769596
0
0
0
0
0
0
0
0
0
0
0
0
7.913724899
0
0
0
0
0
27.91099167
21.26551819
0
9.303663254
0
28.02298927
0
0
18.68199348
11.7667551
0
0
23.53351021
35.30026627
0
6.651301384
6.651301384
6.651301384
0
0
12.01161766
0
0
0
24.02323532
0
0
8.152794838
8.152794838
8.152794838
0
27.05465317
0
0
0
22.68189049
11.34094524
22.68189049
0
22.68189049
0
0
0
12.88460636
25.76921272
5.596372604
11.19274521
0
12.79170895
16.78911781
0
0
14.70388794
0
0
6.46374321
6.46374321
6.46374321
6.46374321
0
0
6.922420025
6.922420025
0
6.922420025
0
0
20.35515976
13.57010651
6.785053253
0
0
34.49996185
0
0
0
2.981611013
0
8.944832802
2.981611013
0
0
0
0
0
6.162204742
0
0
0
0
0
0
0
6.717138767
0
0
0
0
0
0
0
5.553622723
4.859419823
4.859419823
0
0
0
0
0
0
0
0
0
0
0
0
0
0
0
0
0
0
0
0
0
3.101927042
0
0
0
0
0
5.574576855
0
0
0
0
0
0
7.2
0
2.677875996
0
0
0
0
0
0
0
0
0
0
0
1.32482326
0
0
0
0
0.812769711
0.812769711
0
0
0
0
0
2.269884109
0
0
0
0
0
0
0
0
0
0
0
0
0
0
0
0
0
0
0
0
0
0
0
0
0
7.23218441
0
0
0
0
0
0
0
0
0
0
0
0
0
0
0
0
0
0
0
0
0
0
0
0
6.15709877
12.31419754
6.15709877
18.47129631
2.663746357
0
2.663746357
0
2.663746357
6.468809605
12.93761921
6.468809605
0
12.93761921
0
5.351915836
5.351915836
2.675957918
5.351915836
5.351915836
0
0
0
0
0
16.92697525
0
0
3.761550188
2.821162224
0
4.182415009
8.364830017
4.182415009
12.54724407
8.096846581
16.19369316
0
0
0
0
5.24333334
10.48666668
0
5.24333334
13.81285191
0
0
12.08624649
0
5.226455688
7.83968401
2.613227844
2.613227844
7.83968401
6.848165512
0
6.848165512
6.848165512
6.848165512
9.294944763
0
0
0
0
3.277040243
0
6.554080486
6.554080486
3.277040243
11.48603916
0
0
5.743019581
0
5.743019581
14.34862614
4.782875061
4.782875061
0
9.565750122
0
0
0
21.99955177
0
0
24.35747719
0
0
0
30.6754818
10.2251606
10.2251606
10.2251606
0
5.294014454
5.294014454
0
5.294014454
0
0
0
0
5.96619463
11.93238926
0
0
6.723341465
2.241113663
0
15.04540253
7.522701263
7.522701263
15.04540253
0
0
0
8.39977169
8.39977169
0
0
0
0
0
0
0
0
0
0
0
0
0
0
11.27256107
0
11.27256107
34.55118942
0
8.637797356
0
0
0
0
5.650727272
5.650727272
0
5.145682812
0
5.145682812
5.145682812
0
0
0
12.57354546
0
0
0
0
18.98585129
0
0
0
0
0
0
0
0
0
0
0
0
13.28558445
0
21.26443481
0
0
35.44072723
0
0
20.31830597
0
0
0
20.34994698
10.17497349
0
10.17497349
0
0
0
0
18.17726326
0
12.18531513
0
0
0
14.46941757
14.46941757
0
7.234708786
0
15.40967464
7.704837322
7.704837322
7.704837322
0
0
0
0
0
7.721650124
0
9.6478405
19.295681
0
0
3.83910799
3.83910799
3.83910799
3.83910799
0
0
0
5.959897518
11.91979504
0
17.87969208
6.688487053
0
0
0
0
0
0
0
0
0
0
0
0
0
7.349075317
0
0
0
7.009294987
0
5.309189796
0
0
0
0
0
0
0
0
0
0
0
0
0
0
0
0
0
0
2.148111343
2.780024052
0
0
0
0
0
0
0
0
0
3.41322422
0
0
0
0
0
0
0
0
0
2.724716425
0
7.2
0
0
0
0
0
0
0
0
0
0
0
0
0
0
0
0
0
0
3.253970146
0
2.87989378
0
0
0
0
0
0
0
0
0
0
0
0
0
0
0
0
0
0
0
0
0
0
0
0
0
0
0
0
0
0
0
0
0
0
0
0
4.086896896
2.043448448
3.298113346
0
0
6.596226692
3.298113346
0
0
0
0
0
0
2.284603357
3.998055935
5.997083187
0
3.443880558
1.721940279
1.721940279
5.165820599
0
2.198922634
2.198922634
2.198922634
0
2.198922634
7.014035225
7.014035225
3.507017612
3.507017612
0
3.507017612
14.10564041
9.40376091
28.21128082
0
9.40376091
4.49753046
0
0
0
0
4.266138554
4.266138554
4.266138554
0
0
6.15099287
3.075496435
9.226490021
3.075496435
0
4.400876522
4.400876522
0
4.400876522
13.20262909
4.672773361
0
0
14.01832008
0
0
5.096796989
5.096796989
15.29039097
0
0
4.431699276
0
13.2950983
0
0
4.325906754
8.651813507
8.651813507
17.30362701
0
0
0
0
14.122365
0
0
0
28.59030342
0
0
11.10938931
5.554694653
5.554694653
16.66408348
5.554694653
0
0
0
0
16.44791412
0
0
4.045148373
8.090296745
0
0
0
11.9075346
0
0
0
0
0
0
0
0
0
29.94365692
14.97182846
0
0
15.08010483
0
15.08010483
0
0
9.813305855
0
0
9.813305855
0
0
0
0
0
0
0
0
0
0
0
0
0
0
0
23.72292328
0
0
0
0
0
0
0
0
0
0
0
0
0
0
0
0
0
0
0
0
0
14.58222103
0
0
0
0
0
0
0
0
0
0
0
6.616113186
0
0
0
11.86492157
0
0
0
0
0
0
0
0
0
0
21.51184273
10.75592136
0
0
35.67312241
0
0
0
11.33990288
11.33990288
11.33990288
0
0
0
12.82911491
12.82911491
0
38.48733902
0
0
0
0
0
0
0
0
0
0
0
0
0
0
0
0
0
0
0
4.938864708
7.901926041
18.06154633
0
0
0
0
5.875645161
0
5.875645161
0
0
6.535676956
0
0
0
0
0
0
0
0
0
0
0
21.37158012
0
0
0
0
0
0
0
0
0
0
0
0
0
0
0
0
0
0
0
0
0
0
4.175794601
4.175794601
4.175794601
0
0
0
0
0
0
0
0
0
0
0
0
0
0
0
0
0
0
0
0
0
0
0
0
0
0
0
0
0
7.2
0
0
0
0
0
2.934004784
2.934004784
0
0
0
2.126286983
0
0
0
0
0
0
0
0
0
0
0
0
3.186404467
0
0
0
0
0
0
0
0
0
0
0
0
0
0
0
0
0
0
0
0
0
0
0
0
0
0
0
0
1.658813477
3.317626953
1.658813477
1.658813477
2.69203639
0
0
0
2.359773397
2.359773397
0
0
2.571587801
0
10.2863512
2.571587801
7.714763165
8.745992661
0
0
0
0
3.439012051
3.439012051
3.439012051
3.930299997
0
0
1.302036524
2.604073048
1.302036524
1.302036524
3.886740446
0
7.773480892
11.6602211
0
0
0
0
3.194679499
6.389358997
0
4.283504009
17.13401604
19.5817337
12.8505125
4.283504009
10.6299305
0
7.972447872
0
7.972447872
6.435975552
0
6.435975552
25.74390221
0
0
0
6.219765186
0
0
5.690988064
6.503986835
0
5.690988064
2.845494032
13.58897495
18.11863327
0
9.059316635
0
14.2766943
7.138347149
0
21.41504288
0
11.15247917
5.576239586
0
16.7287178
0
0
17.70453644
5.901512146
17.70453644
0
0
9.522223473
9.522223473
0
0
4.96527195
14.8958149
9.9305439
0
0
0
0
11.37109566
17.05664253
5.685547829
0
43.56751633
0
0
14.52250576
14.52250576
0
0
14.0606966
16.06936646
0
0
0
0
27.8993988
13.9496994
7.121024132
0
3.560512066
0
0
12.81617355
25.63234711
0
0
0
0
14.55416203
25.46978188
0
12.73489094
0
4.127578735
4.127578735
4.127578735
0
0
17.06899452
0
0
0
5.363199234
5.363199234
0
0
5.363199234
0
11.04673767
14.72898293
3.682245731
0
0
0
8.749599457
0
0
17.49919891
0
0
0
10.43776131
31.31328392
0
0
0
14.5843277
0
0
0
14.46531105
0
0
0
0
0
7.450477123
0
10.37707043
0
0
0
10.37707043
0
0
0
0
0
0
5.667542458
0
5.667542458
5.667542458
0
18.23490143
0
18.23490143
9.117450714
0
0
0
0
0
0
0
0
5.580796242
6.378052711
0
0
0
0
19.17103004
0
0
0
0
11.81865597
0
0
0
16.85270309
0
0
0
0
0
12.48431587
12.48431587
0
6.982869625
0
13.96573925
6.982869625
0
16.50775528
8.25387764
8.25387764
0
6.515503883
6.515503883
6.515503883
0
13.03100777
0
0
0
0
15.15974617
0
0
0
0
6.976171017
10.46425724
9.723485947
0
0
4.254024982
8.508049965
0
0
0
0
0
0
0
0
0
0
0
0
0
0
0
0
0
0
0
0
0
0
0
1.760327458
7.041309834
3.521869421
0
0
3.521869421
0
0
0
0
0
0
0
0
0
0
0
0
0
0
0
0
0
0
0
0
0
0
0
7.2
0
0
0
0
0
0
0
0
0
0
0
0
0
0
0
0
0
0
0
0
0
0
5.455986023
1.818661928
0
0
0
0
0
0
0
0
0
0
0
0
0
0
0
0
5.050010204
1.504350901
0
0
4.513052464
1.504350901
5.967320919
2.98366046
0
0
0
4.23711729
0
4.23711729
2.118558645
0
3.90715909
0
0
3.892098188
0
0
0
0
0
0
0
3.980507612
1.990253806
0
0
0
0
0
0
0
0
7.945507526
3.405217886
0
0
0
0
4.119514942
0
5.551455975
0
5.551455975
5.551455975
0
0
7.608996391
11.41349411
0
3.804498196
7.922968388
2.640989304
5.281978607
2.640989304
0
15.86283016
3.965707541
0
0
23.79424477
7.629750252
7.629750252
0
7.629750252
7.629750252
0
0
0
0
0
0
15.64030361
0
3.910075903
4.468658447
0
0
0
0
0
0
0
0
0
0
10.52676296
21.05352592
0
0
0
0
11.75016022
0
0
0
0
0
4.651645184
9.303290367
4.651645184
3.102180719
3.102180719
12.40872288
3.102180719
3.102180719
3.102180719
12.82048035
12.82048035
4.27349329
4.27349329
4.27349329
21.11144066
31.66716194
0
10.55572033
10.55572033
0
8.204807281
8.204807281
0
0
0
0
41.11416626
0
13.7047224
4.128736973
0
4.128736973
4.128736973
8.257473946
0
0
0
14.63486671
0
2.325150013
0
0
0
0
0
0
0
0
0
0
4.406598091
0
4.406598091
4.406598091
21.57083321
7.190277576
14.38055515
7.190277576
7.190277576
3.328603506
0
0
0
0
6.331316948
12.6626339
0
0
6.331316948
0
0
2.349026442
0
0
2.684601784
0
0
0
0
9.927157402
10.90927124
0
0
0
10.90927124
0
0
0
33.16611862
0
0
0
15.50623703
0
0
0
0
0
0
0
21.73822403
0
0
0
27.00235939
0
0
0
0
0
0
0
6.880829811
20.64249039
0
0
20.48888016
0
0
40.97776031
0
0
0
27.07845306
11.84682274
11.84682274
0
0
0
0
44.01627731
0
0
0
0
0
0
0
6.552638054
13.10527611
6.552638054
0
13.13312912
0
39.39939117
0
10.22449684
5.112248421
5.112248421
0
0
6.662954807
0
0
0
0
8.383486748
0
8.383486748
8.383486748
0
0
0
0
13.61210346
0
0
0
0
0
8.305883408
8.305883408
12.33951092
0
0
0
0
0
6.084430695
6.084430695
0
0
0
0
0
0
0
0
0
0
0
0
0
4.669967651
2.334983826
2.334983826
0
0
0
0
0
0
0
0
9.663492203
0
0
0
0
0
0
0
0
0
0
0
0
0
0
0
0
0
0
0
7.2
0
0
0
0
0
0
0
0
0
0
0
0
0
0
0
0
0
0
0
0
5.169412613
5.169412613
0
0
0
0
0
0
0
0
0
0
0
0
0
0
0
0
0
0
0
0
0
0
2.442762136
4.885524273
2.388492107
0
0
0
4.776984215
0
0
0
0
5.304757118
1.576571822
3.153143644
3.153143644
4.729715347
6.763325691
2.254441977
4.508883953
0
0
0
0
0
0
0
0
0
0
0
2.960804939
12.06105137
0
0
0
0
2.450067759
4.900135517
2.450067759
0
0
0
0
0
4.104812145
6.157218456
4.104812145
6.489756584
6.489756584
6.489756584
3.244878292
3.244878292
9.289839745
0
9.289839745
0
0
0
2.488950014
7.466850281
0
4.977900028
0
2.155046225
4.310092449
2.155046225
2.155046225
0
11.61650944
0
0
0
0
17.17426491
10.30455971
13.73941231
3.434853077
2.661280155
0
0
0
0
13.109725
2.621944904
5.243889809
0
0
16.41131592
0
0
10.94087601
10.94087601
0
0
0
8.504644394
4.252322197
0
9.738930702
4.869465351
0
4.869465351
27.3138504
0
0
0
0
16.38831139
0
0
20.79206848
20.79206848
0
0
0
0
0
0
0
0
7.162177563
14.32435513
0
0
0
0
0
0
0
0
0
0
0
0
0
0
0
26.21151161
0
0
0
25.51915932
0
14.69097137
7.345485687
0
29.38194275
22.03645897
0
14.49099731
0
14.49099731
0
0
0
0
0
0
0
0
0
0
0
0
0
0
0
0
0
0
0
5.813772678
5.813772678
0
0
0
10.72131538
0
0
0
0
0
13.03426743
0
0
0
0
0
0
0
0
0
0
27.0530262
8.575551987
0
8.575551987
0
8.575551987
0
10.41908932
5.953765392
0
5.209544659
0
0
9.849473953
0
0
0
0
0
11.68693352
11.68693352
11.68693352
9.283752441
9.283752441
0
27.85125923
18.56750488
0
4.391952991
4.391952991
8.783905983
0
21.20750809
0
0
10.60375404
10.60375404
0
0
16.28778076
8.143890381
8.143890381
0
0
9.764188766
0
9.764188766
10.75781631
0
0
3.585939169
3.585939169
0
0
0
0
7.897524357
0
0
7.155591488
3.577795744
0
0
0
0
18.96449089
0
6.32149744
2.551607847
0
5.103215694
0
0
0
5.698811054
0
0
0
5.172084332
0
0
0
0
4.107057095
0
4.107057095
4.107057095
8.214114189
0
0
0
3.241739988
6.483479977
7.338939667
0
0
0
0
0
0
0
0
0
0
0
3.938478947
0
0
0
9.363752365
0
0
0
0
0
0
0
0
0
2.849282503
0
0
2.849282503
1.911023021
4.335451126
0
0
2.167725563
0
0
7.2
3.693674564
0
0
0
0
0
0
0
0
0
0
0
0
0
0
0
0
0
0
0
0
0
0
0
0
0
0
4.022371292
0
0
0
0
0
2.048928499
2.048928499
0
0
0
0
7.714476585
0
1.897649884
3.795299768
1.897649884
0
0
0
0
0
2.546422243
2.546422243
6.242860794
3.567349195
0
0
6.242860794
1.404040575
0
2.80808115
3.823336124
1.911668062
3.823336124
1.911668062
0
2.919331789
2.919331789
6.672759056
2.919331789
2.919331789
5.476145744
6.258452415
10.95229149
5.476145744
5.476145744
0
4.56255579
4.56255579
9.12511158
13.68766785
4.364762306
0
1.454920769
2.909841537
0
5.142626286
0
0
5.142626286
0
5.142626286
1.638103843
0
3.276207685
4.914311409
1.638103843
0
4.10234642
0
0
0
7.83643198
7.83643198
0
15.67286396
7.83643198
0
0
0
6.143654823
13.43924522
0
9.040600777
18.08120155
4.520300388
0
0
0
0
15.41379833
15.41379833
3.987004995
0
3.987004995
11.96101475
3.987004995
6.13361454
6.13361454
0
12.26722908
6.13361454
0
0
0
0
0
0
8.092563629
8.092563629
0
0
0
13.56739902
0
0
0
10.77011013
16.15516472
0
0
10.77011013
10.77011013
0
0
14.13113594
0
14.13113594
6.450220585
0
0
6.450220585
12.90044117
14.88669491
0
7.443347454
7.443347454
14.88669491
0
0
10.32842159
0
0
9.67937851
0
8.469455719
8.469455719
8.469455719
0
0
0
0
0
0
0
0
7.788967609
7.788967609
0
0
0
0
0
0
0
7.979268551
0
0
11.14853668
11.14853668
0
0
11.14853668
4.613959312
0
4.613959312
0
9.227918625
0
0
0
0
0
0
0
0
0
0
0
0
0
0
0
0
0
18.60224915
0
0
0
0
0
0
0
0
0
0
0
0
0
0
0
17.65816498
35.31632996
0
0
15.79251099
0
0
0
15.79251099
0
0
8.374767303
0
8.374767303
9.076173782
0
0
0
0
0
0
0
0
22.66735649
0
0
0
35.70824814
0
0
22.76680565
7.588935375
15.17787075
0
0
10.86537933
0
0
10.86537933
0
0
0
0
20.82151222
0
4.969151974
0
0
9.938303947
6.568381786
6.568381786
6.568381786
13.13676357
6.568381786
0
6.690676689
0
0
0
0
0
0
8.560460091
0
0
9.648788452
0
8.442690849
8.442690849
8.442690849
0
0
0
0
0
0
0
0
0
0
0
0
0
0
0
0
0
0
0
5.221060276
3.169075489
3.169075489
0
0
0
10.06424904
0
0
0
0
2.621232986
0
0
0
5.242465973
0
0
0
0
0
0
0
0
0
0
0
0
0
0
0
0
0
0
0
0
0
0
7.2
0
0
0
0
2.457298279
0.763240874
1.526481748
0
0
0
0
0.636746526
0
0.636746526
0.636746526
0
0
1.41956687
0
0
0
0
0
0
0
0
0
2.841303349
2.841303349
2.841303349
0
0
0
0
0
0
0
0
0
0
3.215671778
1.820818663
0
0
3.641637325
1.820818663
7.203097343
2.401032448
0
0
0
1.128577828
2.257155657
0
0
0
0
0
2.221033096
8.138921738
0
4.069460869
4.069460869
4.069460869
9.032209396
9.032209396
0
9.032209396
0
0
0
0
4.166567326
2.083283663
0
0
0
5.547428131
11.09485626
4.416782379
13.25034714
0
0
0
3.078964949
3.078964949
0
0
0
6.157929897
0
7.975694656
5.317129612
7.975694656
2.658564806
2.154039383
2.154039383
0
0
0
3.525642395
3.525642395
3.525642395
7.05128479
0
5.918895721
2.959447861
8.878343582
5.918895721
0
0
0
0
5.812813282
11.62562656
3.174658775
3.174658775
9.523976326
3.174658775
9.523976326
0
10.34954548
5.174772739
0
0
8.207057953
16.41411591
4.103528976
4.103528976
20.51764488
7.316799641
0
21.9503994
7.316799641
7.316799641
21.67520905
0
10.83760452
10.83760452
16.25640869
0
0
8.758004189
0
8.758004189
3.660557508
3.660557508
7.321115017
0
7.321115017
0
0
7.285743237
14.57148647
0
0
0
0
9.752393723
19.50478745
9.752393723
5.436401367
0
0
5.436401367
16.3092041
0
0
6.981734753
0
13.96346951
0
13.34984207
13.34984207
13.34984207
0
0
0
0
5.95557785
0
0
8.375197411
0
0
8.375197411
0
7.101966858
0
0
0
0
0
0
19.89458466
0
0
10.9312048
0
0
0
0
0
0
0
0
0
0
12.38751602
6.193758011
0
12.38751602
26.76479149
35.68638992
17.84319496
0
0
0
0
0
0
0
0
0
0
0
21.88556671
0
0
0
0
0
0
0
0
0
0
24.12262726
0
0
0
0
12.06131363
24.93682861
0
24.93682861
0
12.46841431
18.84380722
9.42190361
9.42190361
9.42190361
9.42190361
8.475601196
8.475601196
8.475601196
0
16.95120239
0
0
0
0
0
0
17.98420715
8.992103577
8.992103577
8.992103577
0
6.526822567
0
6.526822567
6.526822567
0
4.727110863
4.727110863
0
0
0
0
6.95050621
20.85151863
0
19.66112137
0
6.553707123
6.553707123
0
7.56700325
0
7.56700325
37.83501816
0
0
0
0
0
0
0
0
0
5.790740013
5.790740013
0
3.206224918
3.206224918
3.206224918
0
3.206224918
2.497929096
0
0
0
0
0
0
0
0
0
0
0
0
0
0
0
0
0
0
0
0
0
0
0
0
0
4.717531204
4.717531204
0
0
0
0
0
0
0
0
0
0
0
0
0
0
0
0
0
0
0
0
0
0
0
0
0
0
0
0
0
7.2
0
0
0
0
0
0
0
0
0
0
0
0
0
0
0
0
0
0
0
0
0
0
0
0
0
0
0
0
3.275820732
3.275820732
0
0
0
0
0
0
0
2.620618105
7.86185503
5.24123621
2.620618105
0
0
0
0
0
0
0
0
0
2.596536398
0
0
3.495138645
0
0
0
0
0
0
0
0
0
0
0
0
5.162988186
0
0
0
3.24800849
0
0
0
3.078107357
0
6.156214714
3.078107357
0
0
5.337203026
10.67440605
2.668601513
2.668601513
11.62196636
0
0
0
11.62196636
0
4.956111908
19.82444763
0
9.912223816
24.78056145
0
24.15763283
0
0
0
0
0
7.903437138
1.975859284
3.951718569
3.403594017
3.403594017
13.61437607
0
0
6.084656239
9.126984596
0
0
6.084656239
11.52246475
3.840821505
3.840821505
7.681643009
3.840821505
7.646605015
30.58642006
0
22.93981361
7.646605015
0
1.863867402
3.727734804
0
3.727734804
23.93429375
0
0
17.95071983
0
0
0
0
0
3.334183455
14.97533607
0
4.991778851
0
4.991778851
0
6.182639599
0
0
0
0
0
26.68185043
0
13.34092522
0
0
5.859438896
0
0
11.71887779
3.392048359
0
6.784096718
0
0
0
0
0
0
15.46328354
0
0
0
26.45531273
0
0
0
13.56371975
0
0
0
0
0
0
0
0
0
0
0
0
0
4.754912853
4.754912853
0
0
20.83264923
0
0
0
20.83264923
9.063180923
0
18.12636185
0
27.18954659
10.65583801
31.96751213
0
0
0
0
0
0
0
0
0
0
0
0
0
0
0
0
27.98937416
0
0
0
0
0
0
24.75030899
0
0
0
0
0
0
9.402010918
18.80402184
0
28.2060318
28.2060318
7.582268238
0
22.74680328
22.74680328
15.16453648
0
0
14.92525291
44.77575684
0
21.68053436
21.68053436
0
0
0
11.71244907
0
11.71244907
23.42489815
11.71244907
12.38932991
12.38932991
24.77865982
24.77865982
37.16798782
0
0
33.00415802
0
0
0
0
0
0
10.23143578
0
0
14.42058086
0
0
14.74337101
0
7.371685505
0
0
0
5.926176071
11.85235214
5.926176071
0
0
0
11.2452383
0
5.622619152
24.23836899
12.11918449
12.11918449
0
0
0
0
5.73882246
0
2.86941123
0
0
0
0
0
0
0
0
0
0
3.35462451
0
0
0
0
7.271204472
0
0
0
0
9.167963982
0
0
0
0
0
0
7.425251961
3.71262598
11.13787746
0
0
0
0
0
0
0
0
0
0
0
0
0
0
0
0
0
0
0
0
0
0
0
0
0
0
0
0
7.2
0
0
0
0
0
0
0
0
0
0
0
0
0
0
0
0
0
0
0
0
0
0
0
0
0
0
0
0
0
0
0
0
0
0
0
0
0
0
3.666488171
0
0
0
0
0
0
0
0
0
0
0
0
0
0
0
0
0
0
0
2.742461681
0
0
1.580081224
1.580081224
3.160162449
4.740243435
0
0
0
0
4.367822647
3.695891619
7.391783237
1.847945809
0
0
1.581388354
1.581388354
4.744164944
1.581388354
0
5.188657284
5.188657284
2.594328642
2.594328642
0
3.984510422
0
3.984510422
7.969020844
0
11.95353222
5.18744278
2.59372139
5.18744278
0
5.18744278
5.563523293
2.781761646
0
2.781761646
2.781761646
6.333703518
0
6.333703518
3.166851759
0
0
15.30920315
0
0
0
0
0
16.04340935
0
8.021704674
0
15.72477341
0
5.241590977
0
0
4.094126225
8.188252449
0
4.094126225
0
0
0
4.765088081
0
12.376544
6.188271999
18.56481552
0
0
8.872965813
2.95765543
5.91531086
2.95765543
2.95765543
6.029681683
0
0
18.08904457
18.08904457
0
0
28.14695168
5.629390717
0
22.51756287
0
0
20.26351738
0
0
0
0
0
5.918054581
5.918054581
0
0
24.34528732
18.25896454
0
0
0
3.470999956
0
0
0
5.754296303
0
17.26288795
5.754296303
0
13.86728764
13.86728764
13.86728764
34.66821671
8.773564339
4.386782169
4.386782169
4.386782169
0
0
0
0
0
0
0
0
0
11.40003586
11.40003586
0
0
10.20554066
15.30831146
0
13.04720974
26.09441948
0
0
0
16.38452911
32.76905823
0
0
8.192264557
16.38452911
0
0
24.54032516
0
0
0
0
44.37392044
0
0
0
5.971099377
0
11.94219875
0
0
0
0
0
0
0
16.46612358
0
0
16.46612358
0
6.813293934
20.43988037
6.813293934
0
6.813293934
7.118113041
7.118113041
0
14.23622608
0
0
0
0
0
19.42374992
25.37267494
0
0
12.68633747
0
0
14.93167114
7.465835571
0
7.465835571
0
24.22938919
16.15292549
0
8.076462746
11.62557125
34.87671661
11.62557125
0
0
5.588935375
0
5.588935375
5.588935375
11.17787075
15.44363403
0
0
5.14787817
5.14787817
5.062814713
0
5.062814713
10.12562943
0
7.715802193
30.86320877
7.715802193
0
0
0
0
6.254526615
0
0
0
4.433802128
0
8.867604256
0
4.433802128
0
0
7.477407932
0
0
0
0
0
0
0
0
0
0
0
0
11.47931004
0
0
0
0
0
0
0
0
0
0
0
0
0
0
0
5.002752781
10.00550556
10.00550556
0
0
0
0
0
0
0
2.010827541
0
4.021655083
2.010827541
2.896082401
0
0
0
0
0
0
0
0
0
0
0
0
0
0
0
0
7.2
0
0
0
0
0
0
0
0
0
0
0
0
0
0
0
0
0
0
0
0
0
0
0
0
0
0
0
0
0
3.523757696
3.523757696
0
3.244160414
0
0
0
0
3.36487627
3.36487627
6.729752541
0
9.290557861
0
0
0
0
0
0
4.911335468
0
0
0
3.847038031
0
1.923519015
3.847038031
4.621554852
2.310777426
0
0
0
0
0
0
0
11.94216442
17.91324615
0
0
7.024549961
7.024549961
10.53682518
0
3.512274981
0
0
4.333329201
4.333329201
2.1666646
5.635641098
0
0
2.817820549
5.635641098
4.038275719
8.076551437
0
8.076551437
0
12.11482716
9.375134468
14.06270027
0
7.031350136
2.343783617
4.879559994
9.759119987
4.879559994
4.879559994
4.879559994
0
6.129311562
18.38793564
0
0
9.076569557
0
9.076569557
9.076569557
0
0
3.43196702
0
6.86393404
0
5.066915512
0
0
0
0
8.692369461
8.692369461
4.346184731
4.346184731
13.03855324
15.53966904
7.769834518
0
15.53966904
15.53966904
0
0
0
7.780080318
0
0
0
0
8.830665588
0
0
0
0
3.965713024
15.8628521
0
0
0
0
14.13068104
0
0
0
0
19.10598373
0
0
5.766245842
5.766245842
5.766245842
23.06498337
32.62479782
0
0
0
8.156199455
12.24476147
0
0
18.36714172
6.122380733
4.00135994
4.00135994
0
4.00135994
0
13.56333447
0
20.34500122
0
6.781667233
0
12.90492153
0
38.71476364
0
11.16872883
0
0
22.33745766
0
0
0
10.14422226
0
0
0
11.39110756
0
0
0
18.19267082
0
0
0
0
7.075488567
0
0
0
0
7.075488567
0
0
0
0
0
25.51281166
0
0
0
8.504270554
0
0
0
0
0
12.07438374
12.07438374
12.07438374
0
12.07438374
0
0
0
0
17.79848289
0
0
34.92477798
0
0
0
0
0
0
0
0
0
0
17.52253532
17.52253532
0
8.081665993
8.081665993
16.16333199
0
24.24499702
55.28171158
0
0
0
0
0
0
0
0
0
0
10.62020779
10.62020779
0
0
0
0
0
0
8.480574608
0
8.347755432
12.52163315
0
0
0
0
8.027266502
16.054533
0
0
0
0
3.077363968
6.154727936
3.120095015
0
0
6.240190029
0
0
11.2109108
11.2109108
5.605455399
0
0
8.29159832
4.14579916
4.14579916
0
8.29159832
5.31365633
0
0
0
0
5.015290737
5.015290737
5.015290737
0
5.015290737
0
0
0
0
0
0
0
0
0
0
0
0
0
0
0
0
0
0
0
0
0
0
0
0
0
0
13.54555607
0
0
0
0
0
0
0
0
0
0
0
0
0
0
0
0
0
0
0
0
7.2
0
0
0
0
0
0
0
0
0
2.941709518
0
0
0
0
2.101168633
0
0
0
0
0
0
0
0
0
0
0
5.205837727
0
0
0
0
0
0
0
0
0
0
0
0
0
0
0
9.544374466
0
19.08874893
0
2.145816326
2.145816326
2.145816326
4.291632652
4.291632652
0
5.393287182
2.696643591
0
5.393287182
3.976854563
1.988427281
0
1.866874218
1.866874218
3.733748436
0
1.866874218
0
0
6.54451704
19.63355064
19.63355064
3.745740891
7.491481781
0
3.745740891
7.491481781
2.898207188
0
2.898207188
5.796414375
2.898207188
0
0
0
0
0
0
0
0
0
5.389800072
5.389800072
0
3.038481236
9.115442276
0
3.038481236
7.124793053
0
0
0
7.124793053
0
3.228686333
0
6.457372665
6.457372665
3.730432272
7.460864544
0
1.865216136
5.595648289
4.835402489
4.835402489
0
9.670804977
0
0
4.944588184
4.944588184
0
0
10.22683811
10.22683811
0
0
15.34025669
0
0
0
6.253317356
0
0
0
0
6.294169426
6.294169426
0
0
0
0
19.1200676
0
0
0
7.939456463
0
25.17719841
0
0
0
6.294299603
6.294299603
3.231485128
3.231485128
3.231485128
9.694455147
0
19.84140205
9.920701027
9.920701027
9.920701027
0
5.651186943
11.30237389
5.651186943
5.651186943
5.651186943
15.00299263
0
5.000997543
0
0
0
16.45142746
0
0
8.22571373
8.043710709
0
8.043710709
0
0
10.49662685
10.49662685
0
10.49662685
20.99325371
0
0
0
7.793149948
31.17259979
0
0
0
0
0
1.610435605
0
0
0
0
0
0
0
0
0
0
4.815310478
0
0
0
0
0
0
0
0
0
0
15.64470482
0
0
0
5.477432728
0
0
5.477432728
0
0
26.82752609
0
0
17.8850174
0
0
0
40.1102829
0
5.231286049
0
5.231286049
5.231286049
0
0
0
0
9.362294197
0
28.08688354
0
0
0
20.69026375
20.69026375
13.00773525
13.00773525
0
13.00773525
32.5193367
0
0
13.15687847
0
26.31375694
0
10.33365154
10.33365154
10.33365154
0
0
13.05755234
13.05755234
0
0
7.283472061
7.283472061
7.283472061
7.283472061
7.283472061
7.006446838
21.01933861
0
7.006446838
21.01933861
0
11.94489479
5.972447395
5.972447395
0
0
13.06158733
0
6.530793667
19.59238052
5.245328903
5.245328903
0
10.49065781
0
16.92707062
5.642357349
0
0
16.92707062
11.2847147
12.26310635
6.131553173
6.131553173
0
0
6.834122658
0
0
0
0
0
14.26159191
7.130795956
0
0
0
8.238348961
8.238348961
0
0
0
14.76589489
0
0
0
0
4.534653187
0
0
0
0
0
0
0
0
0
0
0
0
0
0
0
0
0
0
0
0
0
0
0
0
0
0
0
0
0
0
11.39656067
0
0
0
0
7.2
0
0
0
0
0
0
0
0
0
0
0
0
0
0
0
0
0
0
0
0
0
0
0
0
0
0
0
0
0
3.343250751
3.343250751
5.075616837
2.537808418
5.075616837
0
0
0
0
0
0
0
7.750934601
7.750934601
7.750934601
3.8754673
0
0
0
0
0
0
0
10.82249737
5.411248684
0
16.23374748
0
8.032755852
0
0
0
5.93632555
0
0
0
3.363269091
6.726538181
3.363269091
0
0
3.270297289
3.270297289
1.635148644
3.270297289
0
0
3.668266296
3.668266296
0
6.469866276
2.156622171
0
6.469866276
4.313244343
3.689104795
0
7.378209591
3.689104795
0
0
0
5.764631271
5.764631271
8.646946907
0
0
0
0
8.98635006
0
2.011867523
6.035602093
2.011867523
2.011867523
0
0
12.26188946
6.130944729
0
0
5.04396534
2.52198267
5.04396534
7.565947533
2.52198267
0
11.71333504
11.71333504
11.71333504
5.856667519
0
4.598900318
4.598900318
9.197800636
0
0
0
7.85785675
7.85785675
3.928928375
0
0
0
11.02392769
0
0
0
8.326673508
0
0
0
0
4.770554543
0
0
9.717890739
9.717890739
14.57683659
0
0
0
0
0
11.55387688
5.776938438
17.33081627
0
4.195055485
12.58516693
8.39011097
0
14.09768867
14.09768867
0
0
0
16.88012314
0
16.88012314
0
0
4.35404253
0
4.35404253
4.35404253
4.35404253
18.55857277
9.279286385
0
9.279286385
0
0
9.948564529
9.948564529
0
9.948564529
22.41621399
0
0
7.472072124
22.41621399
5.133731842
5.867122173
5.133731842
0
10.26746368
8.770774841
0
26.31232262
0
26.31232262
5.123335838
0
0
0
0
0
0
0
0
0
0
0
7.888010502
0
23.66403008
0
0
0
0
0
16.9062767
0
15.85192776
0
0
0
0
0
0
0
0
0
0
0
0
0
37.84246063
28.38184357
0
0
9.460615158
18.92123032
8.348787308
0
0
0
8.348787308
15.44628525
0
17.65289688
0
0
0
5.680645466
17.04193687
0
0
6.570004463
19.71001244
0
6.570004463
6.570004463
6.338383198
6.338383198
12.6767664
12.6767664
6.338383198
0
26.28507423
0
0
13.14253712
20.861166
0
6.953722
0
0
10.91081619
10.91081619
10.91081619
10.91081619
21.82163239
0
14.64668369
14.64668369
7.323341846
7.323341846
0
11.41515636
11.41515636
0
11.41515636
0
22.59365273
0
15.06243515
15.06243515
14.3267746
0
0
0
0
0
0
0
0
0
0
0
0
0
0
3.13837409
0
0
5.779901028
0
0
5.750546455
0
0
0
0
0
0
0
0
0
0
0
0
0
0
0
0
0
0
0
0
0
0
0
0
0
0
0
0
0
0
0
0
0
0
0
0
0
0
0
0
0
0
0
0
0
0
7.2
0
0
0
0
0
0
0
0
0
0
0
0
0
0
0
0
0
0
0
0
8.345710754
0
0
0
0
0
0
0
0
0
0
0
0
0
0
0
0
0
0
0
0
0
0
0
0
0
0
0
6.67995739
10.01993656
0
9.406480789
4.703240395
4.703240395
0
0
0
1.752714634
2.629072189
0
2.017537594
6.052612782
0
4.035075188
4.035075188
4.888316631
0
0
7.332475185
2.444158316
0
0
0
0
0
0
0
0
0
0
0
0
0
0
4.886035919
2.007883072
0
2.007883072
0
6.023648739
4.015766144
0
6.2102952
12.4205904
0
0
10.01615143
3.338716984
10.01615143
10.01615143
6.677433968
0
3.946062326
11.83818722
3.946062326
0
3.346722126
6.693444252
0
3.346722126
3.346722126
0
0
0
4.977864265
19.91145706
0
0
0
0
0
5.868842602
5.868842602
5.868842602
0
0
0
0
5.916180611
2.958090305
0
7.417767048
0
22.25329971
7.417767048
0
0
12.81351471
0
0
0
6.795050144
0
0
0
6.795050144
0
0
6.661212444
6.661212444
13.32242489
6.661212444
5.794839382
17.38451767
0
0
11.58967876
0
0
11.12012863
0
0
0
12.34612942
0
12.34612942
0
0
13.02755642
0
0
26.05511284
7.199677944
0
0
21.59903336
0
7.221952915
14.44390583
14.44390583
0
0
10.02491093
15.03736591
20.04982185
0
0
0
16.51296425
16.51296425
0
0
0
0
0
26.02938271
6.507345676
0
0
0
0
0
0
0
0
0
0
0
0
8.420359612
0
0
8.420359612
0
0
0
0
0
0
0
0
0
0
0
0
0
0
0
0
0
19.92181778
0
0
0
0
0
0
0
0
0
0
0
0
31.68060684
0
0
0
0
10.37555599
19.80224419
0
0
9.901122093
9.901122093
5.349806786
0
0
0
0
0
0
0
9.760882378
9.760882378
13.72898388
6.86449194
13.72898388
0
0
6.630223751
33.15111923
0
13.2604475
0
0
0
0
13.87209606
0
14.3266573
0
0
7.163328648
7.163328648
4.275328636
0
0
0
8.550657272
0
12.26316452
0
8.175441742
4.087720871
15.26334
15.26334
30.52667999
15.26334
0
6.595482826
13.19096565
0
13.19096565
0
0
4.222247124
0
0
0
0
2.871665239
0
2.871665239
8.614995956
0
0
0
6.046311855
0
0
0
0
0
3.766068935
0
0
5.263268471
2.631634235
0
2.631634235
1.007359624
0
0
0
0
0
0
0
0
0
0
0
6.858430386
0
0
7.281140327
0
0
0
0
0
0
0
0
0
0
0
0
0
0
0
0
0
0
0
0
0
7.2
0
0
0
0
0
0
0
0
0
0
0
0
0
0
0
0
0
0
0
0
0
3.429954529
0
0
3.429954529
0
0
0
0
0
0
0
0
0
0
0
0
3.144940615
0
0
0
0
0
3.516256571
0
0
0
0
0
0
0
5.615363598
2.807681799
0
0
8.423046112
1.096295357
2.192590714
3.288885832
2.52917695
5.058353901
5.058353901
7.58753109
7.58753109
0
0
2.87013483
8.610404968
0
0
0
3.300074577
3.300074577
1.650037289
0
0
0
0
2.585778236
4.078233719
2.039116859
2.039116859
4.078233719
0
6.298645496
3.149322748
9.447967529
0
0
0
0
0
0
0
0
4.875107765
0
4.875107765
4.875107765
0
0
3.098894119
12.39557648
3.098894119
0
0
2.961781263
8.885343552
2.961781263
5.923562527
3.37559247
6.75118494
3.37559247
0
0
14.37791061
0
4.792636871
4.792636871
0
4.571957111
0
4.571957111
18.28782845
0
4.075131416
0
8.150262833
0
4.075131416
6.7624259
0
0
3.38121295
0
0
10.01373577
10.01373577
5.006867886
0
0
5.566457272
5.566457272
0
5.566457272
1.886319876
5.159303665
3.428280592
1.886319876
0.943159938
0
8.716945648
4.358472824
0
0
8.716945648
7.23871088
0
14.47742176
0
0
0
0
0
0
0
0
0
10.79617786
0
0
0
0
0
7.416733742
0
0
0
0
13.35207939
0
0
0
8.8304739
13.24571133
0
2.816472054
5.632944107
2.816472054
2.816472054
0
3.104468584
6.208937168
0
0
3.104468584
0
0
0
0
0
0
0
0
19.5277195
0
0
0
0
0
0
0
0
0
0
0
0
0
0
0
0
0
0
0
0
0
0
0
0
0
0
0
0
0
0
0
0
0
0
0
31.10787392
10.36929131
0
0
0
0
0
26.58089638
7.723534584
15.44706917
7.723534584
0
15.44706917
8.016942024
0
0
0
0
0
0
0
21.42591667
0
0
0
43.11611557
0
0
0
22.59153366
0
0
0
0
6.094239712
12.18847942
0
0
11.97459507
0
5.987297535
5.987297535
0
7.35296154
0
3.67648077
0
0
0
15.35254955
0
5.117516518
0
0
0
0
0
0
0
6.424848557
3.212424278
6.424848557
0
0
6.971200466
0
0
0
0
0
0
0
0
0
0
0
0
0
0
0
0
2.510888338
5.021776676
5.021776676
0
0
9.583310127
0
14.37496471
0
0
0
0
0
0
3.87826252
0
0
0
0
0
0
0
0
0
0
0
4.173625946
0
0
0
0
0
0
0
0
0
0
0
0
0
0
0
2.407744646
2.407744646
0
7.2
3.136971951
0
0
0
0
0
0
0
0
0
0
0
0
0
0
0
1.773131371
1.773131371
0
0
0
0
0
0
0
0
0
0
0
2.976499319
4.464748383
3.407179117
0
0
0
0
0
0
0
5.180957317
0
0
0
0
0
0
6.764262199
0
0
0
0
0
0
0
0
8.047524452
0
4.354995728
6.532493114
0
0
0
0
3.465864897
2.282031059
4.564062119
4.564062119
0
4.564062119
0
0
6.154252052
0
0
4.250520229
4.857737541
2.125260115
6.375781059
6.375781059
0
5.971931934
1.990643978
0
0
8.680876732
5.787250996
11.57450199
0
0
11.57450199
0
0
0
0
9.384458542
2.73409915
2.73409915
0
2.73409915
0
0
0
10.70421696
0
0
5.865576744
5.865576744
8.798365593
0
5.865576744
2.072109222
4.144218445
4.144218445
2.072109222
0
4.040117264
0
0
0
8.080234528
0
0
0
0
10.77744865
14.05149841
5.62059927
5.62059927
5.62059927
2.810299635
2.381102085
2.381102085
4.76220417
7.143306255
7.143306255
0
0
0
6.826931477
3.413465738
0
0
9.771209717
0
0
5.377496719
10.75499344
5.377496719
5.377496719
0
0
15.32167435
0
0
15.32167435
15.32167435
17.9394455
8.969722748
0
0
0
0
10.61131191
0
0
0
4.214510441
8.429020882
8.429020882
4.214510441
0
0
0
0
25.01600647
0
0
0
10.16135979
3.38711977
0
0
0
9.507035255
28.52110481
0
0
0
0
0
0
0
0
0
0
0
32.71586227
0
0
0
0
0
0
0
0
0
0
0
0
0
0
5.479743481
0
10.72727871
0
0
0
0
0
0
0
0
0
0
0
0
0
0
0
21.38781738
21.38781738
0
0
5.286964417
0
0
0
42.41332626
0
0
0
0
14.13777637
0
0
0
12.39845085
24.7969017
0
0
0
13.96114922
0
8.976806641
17.95361328
0
0
8.976806641
26.42474365
8.808247566
8.808247566
0
26.42474365
0
0
11.41341782
22.82683563
0
26.98562431
0
0
0
13.49281216
0
0
7.15949297
7.15949297
0
5.007883072
0
5.007883072
0
0
9.502419472
0
4.751209736
4.751209736
0
0
6.564640522
6.564640522
6.564640522
0
0
0
0
0
28.6039257
7.515461922
0
0
0
0
7.515461922
0
0
0
3.253376484
0
0
0
3.23384738
0
6.467694759
5.10195446
0
0
0
0
0
1.86187768
1.86187768
0
0
0
0
0
0
0
0
2.479714394
0
0
0
0
0
0
0
0
0
0
0
0
0
0
0
0
0
0
0
9.389917374
0
0
0
0
0
0
0
0
0
0
0
0
0
0
0
7.2
0
0
0
0
0
0
0
0
0
0
0
0
0
0
0
0
0
0
0
0
2.082069635
0
0
0
1.041034818
2.554261684
0
0
0
0
0
0
0
5.240055561
0
0
3.109839201
0
0
0
0
3.725066423
1.862533212
0
0
3.725066423
5.180582047
0
5.180582047
0
0
0
2.100544453
0
0
0
0
0
0
0
0
0
0
4.785339355
0
0
0
0
0
0
9.785589218
4.892794609
4.892794609
0
5.41706419
13.54266071
5.41706419
0
2.708532095
5.117743492
10.23548698
0
5.117743492
25.58871841
0
6.426786423
9.640179634
0
0
9.640179634
0
0
0
1.653927445
0
4.765904903
4.765904903
4.765904903
4.765904903
0
9.143325806
6.095551491
0
0
0
0
0
4.358845711
0
4.358845711
3.199039221
3.199039221
9.597117424
0
3.199039221
4.273084164
0
8.546168327
4.273084164
8.546168327
6.246562004
3.123281002
6.246562004
3.123281002
6.246562004
0
0
0
0
0
0
0
10.46515083
13.95353508
0
0
6.006011963
18.01803589
0
12.01202393
0
0
12.58967304
0
0
3.085492611
0
3.085492611
3.085492611
0
3.085492611
0
12.7589159
12.7589159
6.379457951
12.7589159
0
18.37881851
0
18.37881851
0
0
0
10.45959377
0
0
0
0
0
0
27.2999115
0
0
0
0
10.39243221
0
5.522809505
0
0
0
0
12.84617329
0
0
6.423086643
0
0
0
10.19700432
15.29550648
8.352827072
4.176413536
0
0
4.176413536
0
0
0
0
0
0
0
0
0
0
0
4.723932266
0
0
0
0
0
0
0
0
0
0
0
0
0
0
0
25.06045723
0
0
0
0
0
0
0
0
0
0
24.3649559
0
0
0
0
0
0
0
19.45265198
0
0
0
0
6.747010708
6.266105652
0
0
0
0
18.1541748
0
0
18.1541748
0
13.59114456
0
0
0
0
5.303983688
0
0
15.91195202
10.60796738
12.48397064
0
6.241985321
0
12.48397064
0
0
0
0
0
0
28.13897514
18.75931549
9.379657745
0
0
0
5.003757954
0
0
4.326945305
0
0
8.65389061
0
16.74405289
0
0
8.372026443
16.74405289
0
11.08615208
0
11.08615208
11.08615208
0
23.75948524
7.919828415
0
0
0
0
0
0
0
0
0
0
0
0
0
9.297218323
0
0
0
0
0
0
0
0
0
0
0
0
0
0
0
0
2.565008163
0
0
0
0
0
0
0
0
0
0
0
0
0
0
0
0
0
0
2.800410032
0
0
0
0
0
0
0
0
0
0
7.2
0
0
0
2.202579021
2.202579021
0
0
0
0
0
0
0
0
0
0
0
0
0
0
0
0
0
0
0
0
0
0
0
0
0
0
0
0
0
0
0
0
0
0
0
0
0
0
0
0
0
2.107043743
0
0
0
0
0
0
0
0
0
0
0
3.530921221
3.530921221
4.560280323
0
0
0
9.120560646
3.337649822
0
0
0
3.337649822
10.53703976
7.024693489
7.024693489
14.04938698
3.512346745
0
14.65855885
21.98783875
0
14.65855885
5.02673912
0
5.02673912
10.05347824
5.02673912
0
11.14702415
0
0
0
5.573512077
3.37875247
10.13625717
0
3.37875247
10.13625717
6.317998409
6.317998409
0
0
6.317998409
0
3.631739616
0
7.263479233
7.263479233
0
8.228096962
0
0
4.114048481
0
0
0
6.870630264
3.435315132
6.567195415
0
13.13439083
0
0
0
0
0
0
0
11.95673561
0
0
0
5.978367805
0
10.75292397
0
0
16.1293869
24.7069664
12.3534832
0
6.1767416
6.1767416
5.296859264
15.89057732
15.89057732
0
0
13.31560516
0
4.438535213
0
4.438535213
0
0
7.178709984
0
0
7.178709984
0
4.793220997
0
9.586441994
9.586441994
0
15.79398632
7.89699316
0
0
5.144188404
0
5.144188404
5.144188404
5.144188404
0
0
0
3.666631222
0
0
15.2584343
0
0
0
0
0
0
0
0
5.09883213
0
5.09883213
10.19766426
5.09883213
0
0
0
0
0
0
0
0
8.927258492
8.927258492
0
11.06005383
11.06005383
22.12010765
0
6.278093815
0
0
0
0
0
0
0
0
0
2.100870848
10.30382919
0
0
0
0
0
6.902462959
0
0
13.80492592
0
0
0
9.430354118
0
0
0
0
0
0
0
25.70737076
0
0
12.85368538
12.85368538
8.256270409
4.128135204
0
4.128135204
0
0
13.37637234
0
0
13.37637234
0
10.65624237
10.65624237
10.65624237
10.65624237
0
7.996402264
0
7.996402264
15.99280453
20.19090271
0
20.19090271
20.19090271
20.19090271
30.33708954
0
0
0
30.33708954
5.258412361
10.51682472
0
0
0
0
0
16.25619698
0
0
10.3252449
0
0
5.162622452
5.162622452
0
10.8604908
0
0
0
5.330884933
10.66176987
5.330884933
0
0
0
0
0
0
0
4.926124096
0
5.919395447
2.959697723
0
0
2.522131205
0
0
0
0
0
0
0
0
0
0
0
0
0
0
0
0
7.671064377
0
0
0
6.265207291
0
0
6.265207291
0
0
0
0
1.755644441
0
1.50191617
0
0
0
0
7.380467892
0
0
0
0
0
4.9608078
0
0
0
0
0
0
0
0
0
0
0
0
0
0
7.2
0
0
0
0
0
0
0
0
0
0
0
0
0
0
0
0
0
0
1.6731354
0
0
4.993761539
0
0
0
0
0
0
0
0
4.969281197
3.227143764
0
0
0
0
0
0
0
0
0
0
0
0
0
0
0
0
0
0
0
0
0
0
4.14709568
4.14709568
2.64490509
0
0.88163501
3.423126221
0
3.423126221
1.141041994
0
0
0
0
0
0
0
0
0
0
0
0
0
0
0
7.64781332
1.863955021
1.863955021
1.863955021
5.591865063
0
3.998139381
1.999069691
0
1.999069691
3.998139381
0
5.343354702
2.671677351
8.015030861
2.671677351
0
10.71216869
5.356084347
10.71216869
5.356084347
0
0
4.562721252
4.562721252
2.281360626
6.844081879
4.577680588
0
9.155361176
9.155361176
13.73304176
3.556756496
0
3.556756496
3.556756496
10.67026901
3.423594475
3.423594475
0
0
0
0
7.2
0
0
0
0
0
0
0
0
0
0
0
0
0
0
0
0
0
0
0
0
0
0
0
0
4.059980869
0
0
0
0
0
0
0
0
0
0
0
1.572009683
1.572009683
0
0
0
0
0
0
0
0
0
0
0
0
2.756232977
0
0
0
5.114654541
10.22930908
8.799137115
0
1.759827495
4.211159229
0
0
0
4.211159229
0
5.400649548
2.700324774
2.700324774
2.700324774
12.15222168
0
0
0
6.07611084
0
3.376408577
0
1.688204288
1.688204288
0
4.077550411
8.155100822
0
0
0
0
4.392433167
0
0
0
0
0
0
3.431074619
10.29322433
4.322329998
0
0
4.322329998
6.483494759
0
0
0
6.663829803
6.663829803
7.718007088
2.572669029
5.145338058
2.572669029
5.145338058
0
0
0
0
2.877212524
0
0
1.733456016
3.466912031
5.200368404
5.384693623
8.077040672
0
0
5.384693623
5.39575386
0
5.39575386
0
5.39575386
29.58376122
0
17.75025749
0
0
4.766997814
4.766997814
0
0
4.766997814
2.140814543
0
0
0
4.281629086
0
2.32416153
0
4.648323059
2.32416153
0
0
5.141182899
0
0
0
17.80794334
0
8.903971672
8.903971672
8.903971672
0
0
0
0
15.96180916
8.523628235
0
0
4.261814117
4.261814117
8.339008331
0
0
0
0
0
0
10.97388744
0
10.97388744
13.63849163
0
9.092329025
0
4.546164513
0
0
6.113864422
0
6.113864422
7.382457256
14.76491451
0
22.1473732
0
16.70218849
0
0
0
16.70218849
0
0
9.284638405
4.642319202
13.92695713
0
8.737638474
0
0
0
0
0
0
0
0
0
0
0
0
0
0
0
13.2782011
13.2782011
0
6.639100552
0.986256897
3.640055418
3.457214594
8.476649284
15.89353561
19.66498184
13.10998726
19.66498184
13.10998726
0
0
0
0
0
16.0515995
0
0
0
0
43.77099991
0
0
0
19.80614281
0
0
0
24.35603523
0
0
0
14.04420662
0
14.04420662
0
0
9.260323524
18.52064705
18.52064705
0
18.52064705
0
8.826446533
0
0
17.65289307
15.33753204
5.112510681
5.112510681
10.22502136
5.112510681
5.634320736
0
11.26864147
0
0
3.20485425
6.4097085
0
0
9.614562988
10.43221283
0
0
0
0
0
3.117389917
6.234779835
3.117389917
0
0
0
10.93035889
7.286905766
0
0
0
0
0
5.177493095
0
4.431988239
0
0
0
0
0
0
0
0
0
0
0
0
5.055674553
0
0
0
0
0
0
0
0
0
0
0
0
0
0
2.810954094
0
0
0
0
0
0
0
0
0
0
0
0
0
0
0
0
0
0
0
0
0
0
0
0
3.796583652
0
0
