19790101
-99
-99
-99
-99
-99
-99
-99
-99
-99
-99
-99
-99
-99
-99
-99
-99
-99
-99
-99
-99
-99
-99
-99
-99
-99
-99
-99
-99
-99
-99
-99
-99
-99
-99
-99
-99
-99
-99
-99
-99
-99
-99
-99
-99
-99
-99
-99
-99
-99
-99
-99
-99
-99
-99
-99
-99
-99
-99
-99
-99
-99
-99
-99
-99
-99
-99
-99
-99
-99
-99
-99
-99
-99
-99
-99
-99
-99
-99
-99
-99
-99
-99
-99
-99
-99
-99
-99
-99
-99
-99
-99
-99
-99
-99
-99
-99
-99
-99
-99
-99
-99
-99
-99
-99
-99
-99
-99
-99
-99
-99
-99
-99
-99
-99
-99
-99
-99
-99
-99
-99
-99
-99
-99
-99
-99
-99
-99
-99
-99
-99
-99
-99
-99
-99
-99
-99
-99
-99
-99
-99
-99
-99
-99
-99
-99
-99
-99
-99
-99
-99
-99
-99
-99
-99
-99
-99
-99
-99
-99
-99
-99
-99
-99
-99
-99
-99
-99
-99
-99
-99
-99
-99
-99
-99
-99
-99
-99
-99
-99
-99
-99
-99
-99
-99
-99
-99
-99
-99
-99
-99
-99
-99
-99
-99
-99
-99
-99
-99
-99
-99
-99
-99
-99
-99
-99
-99
-99
-99
-99
-99
-99
-99
-99
-99
-99
-99
-99
-99
-99
-99
-99
-99
-99
-99
-99
-99
-99
-99
-99
-99
-99
-99
-99
-99
-99
-99
-99
-99
-99
-99
-99
-99
-99
-99
-99
-99
-99
-99
-99
-99
-99
-99
-99
-99
-99
-99
-99
-99
-99
-99
-99
-99
-99
-99
-99
-99
-99
-99
-99
-99
-99
-99
-99
-99
-99
-99
-99
-99
-99
-99
-99
-99
-99
-99
-99
-99
-99
-99
-99
-99
-99
-99
-99
-99
-99
-99
-99
-99
-99
-99
-99
-99
-99
-99
-99
-99
-99
-99
-99
-99
-99
-99
-99
-99
-99
-99
-99
-99
-99
-99
-99
-99
-99
-99
-99
-99
-99
-99
-99
-99
-99
-99
-99
-99
-99
-99
-99
-99
-99
-99
-99
-99
-99
-99
-99
-99
-99
-99
-99
-99
-99
-99
-99
-99
-99
-99
-99
-99
-99
-99
-99
-99
-99
-99
-99
-99
-99
-99
-99
-99
-99
-99
-99
-99
-99
-99
-99
-99
-99
-99
-99
-99
-99
-99
-99
-99
-99
-99
-99
-99
-99
-99
-99
-99
-99
-99
-99
-99
-99
-99
-99
-99
-99
-99
-99
-99
-99
-99
-99
-99
-99
-99
-99
-99
-99
-99
-99
-99
-99
-99
-99
-99
-99
-99
-99
-99
-99
-99
-99
-99
-99
-99
-99
-99
-99
-99
-99
-99
-99
-99
-99
-99
-99
-99
-99
-99
-99
-99
-99
-99
-99
-99
-99
-99
-99
-99
-99
-99
-99
-99
-99
-99
-99
-99
-99
-99
-99
-99
-99
-99
-99
-99
-99
-99
-99
-99
-99
-99
-99
-99
-99
-99
-99
-99
-99
-99
-99
-99
-99
-99
-99
-99
-99
-99
-99
-99
-99
-99
-99
-99
-99
-99
-99
-99
-99
-99
-99
-99
-99
-99
-99
-99
-99
-99
-99
-99
-99
-99
-99
-99
-99
-99
-99
-99
-99
-99
-99
-99
-99
-99
-99
-99
-99
-99
-99
-99
-99
-99
-99
-99
-99
-99
-99
-99
-99
-99
-99
-99
-99
-99
-99
-99
-99
-99
-99
-99
-99
-99
-99
-99
-99
-99
-99
-99
-99
-99
-99
-99
-99
-99
-99
-99
-99
-99
-99
-99
-99
-99
-99
-99
-99
-99
-99
-99
-99
-99
-99
-99
-99
-99
-99
-99
-99
-99
-99
-99
-99
-99
-99
-99
-99
-99
-99
-99
-99
-99
-99
-99
-99
-99
-99
-99
-99
-99
-99
-99
-99
-99
-99
-99
-99
-99
-99
-99
-99
-99
-99
-99
-99
-99
-99
-99
-99
-99
-99
-99
-99
-99
-99
-99
-99
-99
-99
-99
-99
-99
-99
-99
-99
-99
-99
-99
-99
-99
-99
-99
-99
-99
-99
-99
-99
-99
-99
-99
-99
-99
-99
-99
-99
-99
-99
-99
-99
-99
-99
-99
-99
-99
-99
-99
-99
-99
-99
-99
-99
-99
-99
-99
-99
-99
-99
-99
-99
-99
-99
-99
-99
-99
-99
-99
-99
-99
-99
-99
-99
-99
-99
-99
-99
-99
-99
-99
-99
-99
-99
-99
-99
-99
-99
-99
-99
-99
-99
-99
-99
-99
-99
-99
-99
-99
-99
-99
-99
-99
3.201660156
0
0
0
0
0
0
0
0
0
0
0
0
0
0
0
0
0
0
0
0
0
8.388269424
0
0
0
0
0
0
0
1.894094825
1.010183811
0
0
0
0
0
3.292315483
0
0
0
0
3.76555109
3.498253107
2.186408043
0
3.297832489
13.04556942
1.208205938
6.723081112
0
2.221539974
0
0
2.406611443
0
0
0
1.609421849
25.0609951
0
1.650086403
2.168684721
1.83866775
6.458909988
0.660034478
6.904388905
12.9457283
11.8835125
1.77035594
25.62590218
11.13480377
1.439845443
3.311644554
8.135127068
5.99935627
1.727630973
0
5.998179436
4.891718388
0.737640262
4.642718315
1.297964215
1.123238325
10.28387165
2.496084929
0
1.886724949
17.73521614
1.509379983
0
1.509379983
0
0
0.415356547
16.0143013
0.692260861
10.88648319
0
0
0
0
0
0
4.378489494
7.484596729
0.636190832
6.89022541
0.886716723
1.875187993
0
0
2.035396814
0
0
18.73114967
15.56803513
10.13187027
27.04210281
18.44428444
0
4.637827873
5.383572102
1.179390669
4.120929718
2.997039557
5.175443172
0
2.288100481
1.594736695
0
4.246853352
1.794769406
1.931658626
2.798623323
3.483069658
9.171575546
12.4753933
15.07063866
12.99899578
3.528623819
7.785737991
7.721433163
0
2.072995663
4.088936329
2.890783072
3.404277802
0
0
12.71990585
0
0
0
6.680939198
0
0
8.105402946
9.45489502
0
11.38690758
6.411546707
0
0
7.213475704
3.880076885
8.61350441
4.026746273
6.89719677
0
9.930301666
9.327836037
23.01835632
9.414609909
9.334141731
7.000607014
0
0
6.07770586
7.491703033
0
10.44373322
0
13.82282925
0
20.55927086
5.336661816
0
0
0
0
22.0386982
0
0
0
0
0
0
0
0
5.847587585
5.792160034
0
0
18.92028999
0
0
0
0
5.279545784
0
6.102332592
5.433817863
4.148214817
0
0
8.734168053
0
12.31055164
0
7.57737875
9.791679382
0
0
12.54283237
0
16.27092743
0
0
0
0
0
0
0
0
0
0
0
0
12.87644291
8.441052437
5.16492033
7.003566265
0
4.446178436
6.682647228
3.654811382
9.832818985
4.128866196
4.633505821
0
0
0
0
26.65882683
8.980594635
6.04100132
8.40076828
8.872719765
0
7.948092937
4.496627331
5.395952225
8.823111534
8.166848183
5.648007393
0
6.15683651
0
3.934947491
0
8.304629326
9.139163017
5.739964008
0
1.926956415
0
5.6647048
4.386900425
0
0
16.29101563
0
19.48610687
0
2.330387592
1.934127569
0
0
2.453039885
0
0
5.164548397
8.081927299
3.331331491
6.640967369
7.00990963
8.624032974
7.747794628
0
11.16051388
4.246529102
4.204483509
0
0
0
0
0
3.145515442
4.756633759
0
0
3.613039017
0
0
0
0
0
0
0
0
0
0
0
0
0
0
0
0
0
0
0
0
0
0
2.388070345
0
0
0
0
0
0
0
6.535338402
0
0
0
0
0
0
0
0
0
0
0
1.635167956
0
0
0
0
0
0
0
0
0
1.926264286
0
0
0
0
0
0
0
0
0
0
0
3.458508253
0
0
0
2.517590284
3.936958075
0
0
0
0
0
0
0
0
0
1.339847207
0
0
0
2.631200552
0
0
0
0
0
0
0
0
0
9.527450562
0
2.654511213
0
15.70585728
0
4.202975273
22.52337837
36.12887192
0
0
0
5.150259018
1.716753244
3.433506489
5.956165314
0
11.16780949
0
0
0
0
0
0
1.13067174
5.313769817
2.72869277
0
0
1.867000103
6.624436378
16.35407639
3.105204582
16.56109047
0
0.82155329
12.98054123
2.981064796
1.78394413
3.544415951
0
0
0
4.933813095
0.468574375
0
4.156514645
2.493908644
0
0
0
0
4.874524593
0
26.366745
7.976495266
0
7.502306938
4.035723209
2.949182987
0
0
0.515632689
3.891799688
0.896218836
6.936488152
2.518890142
15.42820168
6.612086296
0
2.204028845
7.538170338
2.47436142
0.604204535
0.546661258
9.811131477
9.863351822
0
0
0
0
0
20.47673035
4.095345974
4.095345974
0
0
0
1.836971879
3.520862818
0
0
0
0
11.55375481
0
0
0
6.049120426
2.888551712
7.150137424
5.865325451
6.880477905
0
3.496636391
6.852278709
4.145205975
0
37.11048126
0
0
0
2.10114789
1.206683397
0
1.864874363
3.079996347
0
0
0
0
0
0
2.65005517
3.594236374
2.070851564
0
3.632342339
5.951452732
0
0
11.45584774
14.09085751
14.09085751
0
0
0
0
0
0
25.78365707
16.82634735
0
15.73126698
0
0
0
0
0
11.19247818
0
0
0
0
0
0
0
0
0
0
0
0
0
0
0
0
0
1.534297109
0
0
0
0
0
0
0
0
0
0
0
0
0
0
0
0
30.44259453
0
0
0
0
0
0
0
0
27.36445045
0
0
0
0
0
0.809057176
0.930753827
0.579185784
1.597831488
0
1.46868217
0
0
2.4637146
1.784448981
2.835581541
5.213012695
0
5.968341351
0
0
3.548916578
4.109912872
4.622128487
11.28091908
0
0
3.493038416
4.089224339
0
0
0
0
0
0
0
8.682038307
17.36407661
0
0
0
13.6352644
0
1.820537567
5.264544487
16.96385574
7.294802189
5.299054623
9.772281647
9.669053078
22.67948723
0
9.922275543
9.922275543
0
0
5.14871645
0
0
5.14871645
8.904597282
0
0
0
0
0
4.919269085
4.919269085
4.30436039
8.608720779
0
0
0
0
0
0
0
0
0
5.326340199
0
0
6.213133335
0
0
0
8.07553196
0
0
0
0
0
0
0
0
5.674747944
0
0
0
0
0
0
0
0
0
0
0
0
0
0
0
0
0
0
0
0
0
0
0
0
4.761410236
0
2.368714809
0
0
0
0
-0.1
6.6
0
0
0
0
0
0
0
0
0
0
0
0
0
0
0
0
0
0
0
0
0
0
0
0
0
0
0
0
0
0
0
0
0
0
0
0
0
0
0
0
0
0
0
0
2.47085166
0
0
0
0
0
11.43557358
0
0
0
0
0
0
0
0
0
1.295714974
0
0
0
0
0
0
0
0
0
0
0
0
0
5.020505428
0
0
0
0
3.873515606
7.747031212
0
0
0
0
0
1.112099171
4.908574581
8.93514061
7.976433754
1.326484323
0.964057148
0
0
0
1.121951699
3.365855217
1.816493154
3.472707748
12.71545315
7.457117081
0
0
0
0
10.06624985
11.50428677
5.033124924
15.09937572
15.09937572
0
0
6.036737442
0
0
4.633547306
13.9006424
4.633547306
0
0
0
5.739584923
0
0
0
3.374406338
0
0
0
0
0
0
5.183895111
10.36779022
5.924451828
4.641457558
0
3.558997154
6.150340557
3.608199596
2.241641521
0
0
8.966566086
2.241641521
0
0
21.5530262
0
7.184342384
7.184342384
6.621816635
19.865448
19.865448
0
6.621816635
4.444075108
5.184753895
5.184753895
28.18379402
12.09775829
10.43125916
6.421849728
0
8.647411346
12.86068821
0
0.698668301
0.60263145
1.104424119
2.331295252
0
0
0
0
0
0
0
0
0
0
0
2.855916977
0
0
0
0
17.54908752
0
0
0
0
0
14.31664467
0
0
0
0
0
0
0
0
0
0
0
0
0
0
0
0
0
0
0
0
5.324706078
0
0
0
0
0
0
0
0
0
0
0
0
0
0
0
0
6.185542583
0
0
0
0
0
4.143604279
0
0
0
0
0
0
0
0
0
15.75080204
0
0
16.52056313
0
0
0
0
12.0240984
0
0
19.56876945
0
0
14.3504324
0
0
0
13.74804592
0
27.49609184
0
0
0
0
0
5.925293446
0
0
13.29392624
0
0
0
0
10.8281002
21.65620041
0
0
19.92235565
0
0
0
0
0
0
0
10.23972034
0
0
0
11.70253849
0
0
0
22.64627266
0
0
0
0
0
0
5.307917118
0
0
0
0
0
0
0
8.089587212
0
8.26544857
0
0
0
0
1.674180984
6.129414082
12.25882816
6.129414082
0
0
0
9.628926277
4.814463139
4.814463139
4.814463139
0
0.898663044
3.979793072
0
0
0
0
0
0
0
8.455048561
0
0
0
0
0
0
0
3.729266405
0
0
0
0
0
0
0
0
0
0
0
0
-0.1
6.6
0
0
0
0
0
0
0
0
0
0
1.176322341
0
0
0
0
0
0
0
0
0
0
0
0
0
0
0
0
0
0
0
4.356405258
2.491185665
0
0
0
0
0
0
0
0
0
0
0
0
0
0
0
0
0
2.214231491
0
0
0
0
0
2.725429296
2.537523746
0
0
2.537523746
14.50543308
0
5.729036808
1.828415751
0
0
0
0.786361277
7.739449978
2.897120237
10.9499979
8.922221184
0
2.352221966
14.27555466
5.327262402
4.883324623
7.324986458
17.31360626
12.65224934
0
0
33.6213913
0
0
0
6.34428072
0
0
5.551245213
0
0
0
20.19072533
9.416682243
3.690321684
12.79268456
0
0
0
0
6.431254387
0
6.431254387
0
0
4.563551426
0
1.884944916
0
5.357212067
15.09377766
13.20705509
0
0
13.20705509
2.072200775
4.23449707
0
2.612774611
0
0
0
0
6.833935261
0
0
0
0
0
10.97142982
0
25.99297714
15.83388901
0
0
25.39720726
0
10.3593874
0
0
0
0
4.477592945
0
3.223867178
4.333424568
0
0
0
0
24.46508026
0
0
0
0
10.05317211
0
20.12020302
0
11.95259476
0
0
1.544412136
2.373600721
0
0.605189621
24.22743797
16.15162468
16.15162468
8.07581234
16.15162468
2.240345001
2.70241642
2.016310453
0
0
8.059657097
9.009654999
0
0
6.864499092
7.634939671
8.725645065
0
0
0
0
0
0
8.613228798
17.59245872
0
0
10.33627796
20.67255592
0
0
10.52435112
21.04870224
21.04870224
0
19.83673859
0
0
19.83673859
19.83673859
0
0
0
3.554433584
10.41239929
4.390770435
26.37603188
13.18801594
12.55571461
12.5105505
0
0
0
0
5.87020731
8.133882523
0
0
10.35821629
0
7.004127026
0
0
0
0
29.00183296
20.94562721
16.91124725
0
0
0
0
7.883989334
0
11.40974712
14.8130846
0
0
0
4.256848812
0
4.206620216
0
0.772806048
2.499392033
0
0
0
0
6.230790138
18.69237137
0
2.833339691
32.86249542
0
5.348722935
2.72735405
12.82373524
0
11.22076893
0
0
4.846378803
4.846378803
0
4.846378803
0
8.945090294
10.23597717
9.628501892
4.054904938
8.656539917
5.704248905
5.704248905
0
11.40849781
0
0
5.826250553
5.826250553
11.65250111
0
8.095128059
0
7.083237171
0
0
0
0
0
19.71735764
0
0
0
0
0
13.45287895
0
1.169692874
0
0
0
0
2.002067804
0
0
0
2.002067804
3.826463938
0
0
3.826463938
3.826463938
0
7.867417812
3.933708906
0
4.495667934
0
0
0
0
0
3.65786314
0
0
0
0
0
0
0
0
1.292550683
3.134997129
3.134997129
0
0
0
0
0
0
0
0
0
0
0
0
0
0
0
0
0
4.269854546
0
0
0
0
0
0
-0.1
6.6
0
0
0
0
0
0
0
0
0
3.041481256
0
5.008687019
0
0
0
3.004044533
0
0
0
0
0
0
0
0
0
0
0
3.606310368
0
0
0
0
0
0
0
0
0
0
0
0
0
3.983309984
0
0
0
0
0
0
0
0
0
0
0
0
0
7.491652966
7.556866646
2.159104824
0
0
0
0
9.118672371
4.559336185
5.474531651
0
0
0
10.9490633
0
0
8.434921265
8.434921265
0
14.99159718
0
0
0
0
2.574558258
5.149116516
2.574558258
2.942352533
7.723674774
6.192652225
7.077317238
6.192652225
0
12.38530445
6.192652225
6.682128429
1.076741099
2.961037636
1.409263849
9.975688934
6.557925701
0
6.557925701
0
0
0
1.564546943
17.14743423
6.758842945
0
7.384110451
2.81299448
2.81299448
0
2.461369991
3.632092237
0
0
0
1.210697412
5.234715939
2.617357969
8.973798752
0
0
14.76325607
19.68433952
4.921084881
0
0
9.275508881
9.275508881
5.300291061
0
0
5.225902081
0
5.225902081
0
5.972459316
4.398020267
1.226213813
18.52400398
1.17716527
2.615922928
8.076207161
0
0
7.066681862
0
0
0
7.231538773
0
0
0
11.46737766
0
10.03395462
0
0
8.096513748
0
8.096513748
0
0
11.3112421
9.897336006
9.897336006
0
9.897336006
0
0
0
14.21808243
28.43616486
8.223012924
0
0
8.223012924
8.223012924
10.06468201
5.032341003
5.032341003
0
0
28.49465942
18.99643898
0
9.49821949
9.49821949
10.80445194
21.60890388
10.80445194
0
24.69589233
20.69516373
0
20.69516373
51.73790741
0
0
0
11.07550907
11.07550907
0
0
0
0
0
0
7.247337341
7.841380119
5.980042458
12.1184988
0
13.54420376
0
6.399139881
11.61524582
0
9.034078598
0
0
4.169040203
11.8337698
17.335186
0
0
17.00947189
0
14.88328743
20.87975883
0
0
0
0
5.333988667
0
0
0
10.66797733
0
0
0
0
0
0
20.93084145
13.95389462
10.56509113
0
9.302595139
0
0
0
0
0
6.953037739
11.5139761
19.4876442
20.89100647
12.05618382
6.197615147
2.293235302
0
8.82013607
5.444963455
0
3.674346685
0
11.61940002
22.75786591
10.7064743
8.857875824
6.341725826
0
8.241674423
7.364162445
0
0
0
0
0
2.941162348
0
0
2.475978613
6.64704895
13.2940979
0
0
0
10.91392994
0
0
0
0
0
0
0
0
0
4.297705173
9.851233482
6.251207352
10.18612099
8.874483109
4.018633366
5.34387207
0
0
2.671936035
0
4.744617939
9.489235878
0
4.744617939
0
6.931799889
0
3.465899944
0
0
0
3.440599442
0
0
0
0
0
0
7.536342621
0
0
2.322119951
0
0
2.042346716
0
0
0
0
0
0
0
0
0
0
5.521233559
0
0
0
0
0
0
0
0
0
0
0
0
0
0
0
0
0
0
0
0
-0.1
6.6
0
0
0
0
0
0
0
0
0
0
0
0
0
0
0
0
0
0
0
0
0
0
0
0
0
0
0
0
5.832036972
0
0
0
0
0
0
2.323753595
0
4.484615803
0
3.924038649
0
0
7.485996246
7.485996246
3.742998123
11.22899437
0
7.783514977
5.930297375
0
2.594505072
0
0.921940923
0
0
3.226793528
0
10.43190098
0
4.39098835
0
0
8.7819767
4.39098835
16.95855522
8.479277611
16.95855522
16.95855522
0
4.990776539
0
0
0
0
9.753468513
0
0
0
3.77946949
2.548863173
5.097726345
0
7.646589279
5.097726345
0
3.939884424
0
0
4.502724648
3.939884424
13.61746216
0
7.781407356
0
0
1.303492665
0
0
1.737990022
0.579330027
2.556571722
0
1.643510461
1.46089828
0.913061321
0
0
4.081877232
3.94581461
0
8.236297607
0
16.47259521
24.70889282
0
0
4.156638145
4.750443935
0
0
5.380657673
26.90329361
6.14932394
5.380657673
10.76131535
0
3.300072908
3.300072908
6.600145817
3.300072908
4.662402153
3.71467042
0
0
0
6.172449589
12.34489918
0
0
0
11.75515938
5.877579689
0
0
5.877579689
0
0
0
11.99605751
0
0
0
22.37610626
0
0
0
0
0
14.02530289
0
21.03795433
0
0
19.12905312
0
14.83842373
11.96950817
0
0
0
7.158234119
0
12.40603638
0
0
0
0
0
0
0
0
40.53609848
20.26804924
0
0
20.26804924
12.38033295
0
0
12.38033295
14.14895248
18.57971382
0
0
0
0
0
0
0
0
22.06845093
0
0
0
0
0
0
0
0
0
0
0
4.298802853
0
0
0
0
0
23.91996574
0
0
0
0
0
0
0
0
0
0
0
8.393667221
0
0
0
0
0
0
11.76262283
0
0
0
11.76262283
0
0
0
0
0
0
0
0
24.44342041
0
8.147806168
0
0
0
16.88093185
0
0
0
0
0
0
17.74120331
0
0
0
17.74120331
0
0
11.02827835
11.02827835
22.0565567
17.83617401
0
8.918087006
17.83617401
0
0
0
0
14.7445612
0
0
0
6.934486866
0
0
0
0
0
58.62784576
0
0
6.910553455
0
0
0
0
4.650659084
9.301318169
13.95197582
4.650659084
0
7.995103836
3.997551918
0
3.997551918
0
0
9.468111038
0
0
0
0
0
0
0
0
0
0
0
0
0
0
9.648152351
0
0
0
0
0
0
0
0
0
0
0
0
0
0
0
0
0
0
0
0
0
0
0
0
0
0
0
0
0
0
0
0
0
0
0
0
0
0
0
-0.1
6.6
0
0
0
0
0
0
0
3.433687687
0
0
0
0
0
0
0
0
0
3.555592537
0
3.555592537
0
0
0
0
0
0
0
0
0
0
0
0
0
0
3.752454519
3.752454519
0
0
0
0
0
3.573838711
0
0
3.573838711
7.147677422
13.49344063
0
0
0
0
2.481496096
0
2.481496096
7.444488525
5.671991348
6.09014225
3.045071125
0
0
0
0
0
0
0
6.424426556
0
2.141475677
0
0
13.80933857
0
13.80933857
0
12.83822441
0
0
0
3.209556103
14.41066551
0
0
4.803555489
5.489778042
9.475476265
3.158492088
6.316984177
6.316984177
6.316984177
3.158492088
5.302550316
13.91919231
13.91919231
9.279461861
0
0
0
0
0
0
0
0
19.08390617
0
0
0
8.948061943
0
5.11317873
0
0
2.805303812
0
0
6.946465969
0
5.225692272
15.67707634
0
0
0
0
7.199280262
14.39856052
7.199280262
4.7310853
2.36554265
0
0
0
0
0
5.455994129
5.455994129
0
0
0
5.117646217
0
0
0
0
0
0
9.281332016
0
12.79922009
0
31.99805069
6.399610043
6.399610043
5.588835239
5.588835239
0
0
0
0
0
0
15.1208353
0
2.061697483
0
3.488029003
2.774863482
4.512394428
0
0
16.00022125
22.91796684
0
0
0
13.9311285
0
0
7.690635681
24.04408455
3.836637497
4.513691425
0
0
0
1.045480847
0
0
0
0
0
11.77364159
0
7.370127201
0
0
0
7.370127201
11.19211292
0
11.19211292
0
0
0
0
0
45.39959717
0
8.959941864
0
20.47986603
0
0
0
0
11.14284229
14.85712242
7.428561211
0
0
0
22.99888992
0
22.99888992
0
8.515553474
25.54665947
34.0622139
0
0
41.02232742
0
0
0
11.22783279
33.68349838
11.22783279
11.22783279
0
0
0
0
17.11900711
0
0
0
0
0
0
18.89992142
12.72444248
0
12.72444248
0
25.44888496
0
0
0
0
0
5.937386513
0
10.40333366
11.43592262
11.90058899
34.30677414
28.51011276
0
8.35192585
6.246198177
11.02647209
11.02647209
0
11.02647209
0
11.01176929
11.01176929
0
0
12.58488083
16.35650063
0
0
0
8.178250313
32.25227737
0
0
0
0
0
7.302591801
7.302591801
0
7.302591801
11.45142269
3.817141056
3.817141056
0
0
10.18024254
0
0
0
0
0
0.373940706
0.26943329
0.228610069
0.303724796
0.375573575
2.191487074
4.382974148
5.552864552
0
0
0
0
0
0
0
0
0
0
0
0
0
0
0
5.293134689
0
0
0
0
0
0
0
6.681195259
2.227065086
0
0
0
1.580236554
0
0
0
0
0
0
0
0
0
0
0
0
0
0
0
0
0
0
0
0
0
0
1.040492535
0
-0.1
6.6
0
0
0
0
0
0
0
0
0
1.856266618
0
0
0
0
0
0
0
1.36217165
0
0
0
0
0
0
6.076349258
3.886728764
0
0
3.886728764
3.886728764
3.886728764
0
0
0
5.046169281
0
8.197666168
4.098833084
8.197666168
4.098833084
0
0
0
0
0
0
0
0
0
0
0
0
0
0
0
0
0
0
2.833448887
2.479267597
4.27065134
8.541302681
9.761488914
4.27065134
0
0
13.11594868
19.67392159
0
0
4.94346571
4.94346571
0
0
2.471732855
0
0
0
7.271009922
7.271009922
0
8.361824989
4.180912495
0
8.361824989
0
3.558900833
3.443612099
0
0
0
0
7.878676891
3.939338446
3.939338446
7.878676891
7.334201336
19.25227737
0
6.417425632
7.334201336
5.117354393
10.23470879
0
5.117354393
0
9.30887413
0
4.795481205
1.777148962
6.939342976
5.159684181
0
13.54417133
0
9.029447556
0
10.9721508
10.9721508
5.486075401
0
5.830832005
15.83232975
2.409267426
0
0
4.583062172
0
0
4.583062172
0
0
0
0
13.02014446
6.510072231
0
9.443151474
0
9.443151474
0
8.653150558
8.653150558
0
0
0
0
7.808239937
0
0
0
6.832209587
20.75353622
0
0
11.85916424
10.37676811
0
18.28515244
0
18.28515244
0
0
0
0
4.795929432
10.70451546
8.669148445
17.33829689
0
0
26.00744438
0
0
0
0
22.27386284
0
0
1.872691631
0.775015891
1.670238495
9.715009689
17.00126648
8.50063324
0
0
0
0
0
64.15428162
12.83085632
0
17.87173271
17.87173271
0
0
0
0
0
11.55860233
0
0
0
0
10.26398468
0
0
0
0
0
0
10.44892693
0
0
0
0
8.891748428
0
0
0
0
0
0
0
0
0
0
3.86201334
0
0
0
0
9.305630684
9.305630684
0
9.305630684
0
0
0
0
0
0
0
0
0
0
11.91557598
0
0
13.72433281
0
0
0
2.581119299
4.351028919
4.456381321
2.475767374
2.844499111
18.25232697
0
9.126163483
0
9.126163483
6.728917122
26.91566849
6.728917122
6.728917122
20.18675041
0
0
10.9693327
0
0
0
0
14.65675259
7.328376293
7.328376293
0
10.08582592
10.08582592
0
0
4.726513386
3.19216013
0
0
4.532514572
0
0
9.477250099
8.26738739
6.29128027
0
15.20738411
7.603692055
7.603692055
0
0
8.984166145
8.984166145
4.492083073
4.492083073
0
6.91244936
0
2.683656693
0
0
0
0
0
4.441579342
0
0
0
0
0
1.359114289
7.112491608
0
0
0
6.387432575
6.060582638
0
0
0
0
0
0
0
0
10.82775116
0
0
0
3.874565363
3.874565363
3.887354851
0
7.774709702
0
3.887354851
0
0
0
0
0
0
0
0
0
0
0
0
0
0
0
0
0
0
0
0
0
-0.1
6.6
0
0
0
0
0
0
0
0
0
0
0
0
0
0
0
0
0
0
0
0
0
0
0
0
0
0
0
0
0
0
0
0
3.681852818
0
0
0
0
0
0
0
0
0
7.610487461
0
0
0
0
0
0
0
0
0
0
0
0
0
0
0
7.937105656
0
0
0
0
5.670994282
12.91129494
0
6.455647469
3.227823734
3.688941479
6.918851852
12.10799026
12.10799026
6.053995132
12.10799026
5.276450157
10.55290031
6.030229092
10.55290031
10.55290031
8.183964729
0
12.27594662
0
8.183964729
0
0
6.779242992
3.873853445
3.389621496
3.389621496
0
0
2.875082493
5.750164986
5.750164986
0
2.572410822
2.572410822
2.572410822
5.144821644
0
2.873150826
0
0
2.873150826
1.426147223
1.307301641
7.962655067
19.01529503
1.069610357
11.0583086
0
0
0
11.0583086
0
8.37438488
12.50574684
18.53530121
0
11.50613403
13.14986897
0
0
11.50613403
0
5.861170292
20.09544182
5.861170292
11.72234058
14.14387226
7.071936131
0
0
0
0
0
0
4.251638412
2.878438473
0
5.419260502
0
0
3.096720695
0
0
0
0
8.30906105
0
0
0
10.84001064
5.420005322
10.84001064
25.09427071
0
41.79714584
0
0
0
16.5396862
0
8.269843102
0
0
21.49388313
5.608880043
0
7.860619545
11.86905766
12.27833462
0
33.01507568
33.35613632
9.380342484
11.07530403
11.91117668
6.547664165
4.272234917
22.27439117
0
11.13719559
25.4564476
0
0
0
0
8.40972805
0
8.865869522
8.865869522
8.865869522
8.865869522
0
0
0
0
0
0
0
8.533428192
0
0
0
0
0
0
7.949066162
7.949066162
0
11.78785419
26.94367027
13.47183514
11.78785419
0
0
0
0
0
0
0
0
0
15.92135811
7.960679054
0
0
0
0
0
11.11004543
0
22.22009087
11.11004543
0
0
17.76044655
0
0
17.76044655
0
0
12.33767128
0
6.16883564
12.33767128
14.70467281
0
0
25.73317719
0
0
0
22.86480141
0
0
8.028882027
0
9.175866127
16.05776405
24.08664703
0
15.92157555
14.94178867
0
0
0
25.3885498
0
8.462849617
8.462849617
0
17.28683281
5.76227808
0
5.76227808
15.55699348
6.806184292
6.806184292
6.806184292
0
0
13.2552433
0
0
6.627621651
0
0
15.63789845
6.030571938
0
11.37764549
11.37764549
11.37764549
0
0
0
0
0
0
0
0
1.372344851
0
0
0
0
0
0
0
0
0
0
0
0
0
0
0
0
0
0
0
0
4.414040089
4.414040089
4.414040089
0
0
0
0
4.521383762
0
2.154741526
0
0
1.146364689
1.581558824
1.270774484
0
0
0
0
0
0
1.388396144
2.776792288
0
0
0
0
0
0
0
0
0
0
0
0
0
0
0
3.401547194
0
-0.1
6.6
3.10199666
0
0
0
0
0
0
0
0
0
0
0
0
0
0
0
0
0
1.39733851
4.192015648
0
0
0
3.854027987
0
0
0
0
0
0
0
0
0
2.059556723
0
0
0
0
0
0
0
0
1.301134467
0
0
0
0
0
1.391695142
23.41190338
1.032547951
14.75485229
0
0
0
0
0
0
0
0
0
0
0
0
0
0
0
0
0
0
0
0
0
0
0
2.067506552
10.33753395
0
0
2.06104207
0
0
0
0
0
0
0
0
4.173918724
8.347837448
0
31.48238373
0
0
0
0
7.277966976
9.70395565
0
0
0
0
3.301778078
3.301778078
9.905333519
22.22277832
0
0
9.722465515
9.722465515
0
4.507769585
7.473407269
32.9778862
5.931274891
0
0
8.602480888
6.451860905
4.301240444
7.65875721
0
0
22.97627258
0
6.821164131
0
0
0
0
0
0
9.493021965
13.44466209
6.086434364
0
10.4289732
0
0
0
2.571849823
0
0
0
0
0
5.844045162
0
5.844045162
0
0
5.839197636
0
5.839197636
0
0
0
0
11.98535824
0
0
10.58996105
10.58996105
21.1799221
0
10.58996105
11.10643768
0
0
5.553218842
5.553218842
0
0
0
34.34218216
0
33.5824852
16.7912426
0
0
0
4.390153408
0
0
0
4.390153408
0
24.40329552
48.80659103
0
0
0
0
6.602888584
0
0
0
0
0
0
0
0
0
0
0
0
0
10.57434273
0
0
0
0
0
0
0
0
8.737287521
0
0
6.039057732
6.039057732
0
0
0
0
0
0
0
0
12.03526211
0
0
0
0
0
0
0
0
6.818000793
20.45400238
0
0
0
0
15.50451565
0
0
0
0
35.28130341
0
0
0
10.0615921
10.0615921
10.0615921
30.1847744
10.0615921
0
0
0
0
0
0
0
0
0
16.57159424
11.4030695
0
0
22.80613899
11.4030695
5.911184788
0
11.82236958
0
5.911184788
16.3354454
16.3354454
8.167722702
0
8.167722702
12.56168747
21.98295403
0
0
0
14.22443867
0
0
0
0
0
0
0
11.96816635
0
0
11.49908829
11.49908829
0
0
0
0
0
0
0
0
0
0
0
6.745278358
0
0
0
7.765638828
3.882819414
0
3.804072857
3.804072857
3.804072857
0
3.804072857
0
5.675718307
2.837859154
0
0
3.102586746
0
0
0
3.102586746
1.76503706
3.53007412
0
0
0
3.66266346
0
1.83133173
0
1.83133173
2.909003258
2.909003258
2.909003258
0
2.909003258
9.976789474
4.988394737
0
0
4.988394737
5.34755373
0
5.34755373
5.34755373
0
0
0
0
0
0
0
-0.1
6.6
0
0
0
0
0
0
0
0
0
0
0
0
0
0
0
0
0
0
0
2.199104309
2.311760426
0
0
0
0
0
0
10.49912739
0
0
0
0
9.50671196
0
0
0
0
0
0
0
6.461152077
8.200332642
4.100166321
4.100166321
0
0
0
5.566426754
2.783213377
2.783213377
0
0
3.74028635
0
7.480572701
7.480572701
2.265777111
4.531554222
2.265777111
0
3.841119289
0
0
3.841119289
9.284985542
9.284985542
4.642492771
0
5.305706024
8.358379364
4.179189682
0
0
8.358379364
0
7.384742737
0
11.43444061
0
3.764287949
11.2928648
7.528575897
0
3.764287949
8.422145844
4.211072922
0
12.63321877
4.211072922
4.211072922
6.641577244
19.98268509
0
18.60337067
1.321360826
4.602407455
9.204814911
9.204814911
0
18.40962982
0
0
5.855948448
11.7118969
0
0
0
0
0
13.01854134
0
0
0
0
0
0
0
8.851523399
0
13.27728462
0
0
10.58649635
5.293248177
5.293248177
4.960671425
0
0
0
17.00801659
0
18.78899384
18.78899384
9.394496918
0
8.255831718
8.255831718
9.435237885
8.255831718
0
0
7.424664497
6.496581554
19.48974228
12.99316311
9.42017746
0
28.26053429
0
0
0
21.59785843
7.199286938
8.227757454
7.199286938
7.199286938
0
0
11.2920351
11.2920351
0
0
0
0
0
0
0
0
15.05149746
0
15.05149746
0
65.77114868
21.92371559
0
0
7.789010048
23.36702919
0
15.5780201
7.789010048
13.23524284
26.47048569
0
13.23524284
26.47048569
0
0
0
0
0
0
13.17954922
7.531171322
6.589774609
6.589774609
0
0
0
15.56689072
0
13.25817394
0
0
0
13.25817394
12.73909855
0
0
0
0
0
0
0
0
0
0
0
0
0
0
0
0
0
0
30.36679649
0
0
0
0
0
28.9869957
0
0
0
0
24.33110428
0
0
0
0
0
0
0
9.191800117
0
27.57540131
0
38.43282318
0
0
0
0
0
22.35152054
0
11.17576027
0
0
0
0
0
0
0
0
0
10.68189144
10.68189144
29.50313759
0
0
0
14.75156879
0
14.2976408
7.1488204
0
0
0
24.41876411
32.04962921
10.68320847
0
0
0
0
0
22.66825867
0
15.97830486
0
0
0
0
0
0
6.341887474
6.341887474
0
0
8.388068199
0
8.388068199
0
0
4.524816036
0
0
0
0
0
0
0
5.738893509
0
0
0
0
0
0
0
11.4489212
0
5.724460602
0
0
0
6.956725597
0
3.220985413
6.441970825
0
0
0
5.485518932
5.485518932
0
0
0
0
0
0
0
0
0
0
0
0
0
0
0
0
0
0
0
0
0
0
0
0
0
0
0
0
0
-0.1
6.6
0
0
0
0
0
0
0
0
0
0
0
0
0
0
0
0
0
0
0
0
0
0
0
0
0
0
0
0
0
0
0
0
0
0
0
0
3.349471807
0
0
0
3.349471807
0
0
0
0
0
0
0
0
0
0
0
0
3.880481005
3.880481005
0
0
0
0
0
12.06590176
0
0
0
0
1.284363866
1.070302963
1.284363866
6.689394474
0
0
0
7.512944221
0
0
0
0
0
4.87958622
0
13.51712132
0
0
0
0
3.466528416
0
3.466528416
0
0
0
0
4.219936848
7.384889126
7.384889126
4.219936848
4.617551804
10.55440426
5.277202129
4.617551804
4.617551804
2.135357857
2.135357857
6.406074047
0
0
10.17784595
10.17784595
0
17.81122971
0
3.360644102
0
3.360644102
0
0
2.357360601
7.072082043
0
4.714721203
2.357360601
0
0
0
3.491980553
6.983961105
0
6.240348816
14.26365566
0
18.72104836
0
0
18.86818314
0
0
0
4.537813663
9.075627327
4.537813663
9.075627327
8.353398323
4.176699162
4.176699162
0
8.353398323
24.03869629
0
0
0
0
0
9.048144341
18.09628868
0
0
0
0
12.64930344
0
0
12.64930344
0
0
0
8.683826447
17.36765289
12.35371399
0
12.35371399
0
0
0
0
0
0
0
16.24703026
0
0
0
0
0
0
0
0
0
13.50675488
0
0
0
0
0
6.770386696
6.375994682
0
0
0
12.04427719
0
0
16.05903435
0
0
0
0
0
0
0
0
0
13.48666
0
0
0
0
6.432086945
0
0
7.170461178
0
0
0
0
0
0
0
0
0
0
0
0
0
0
0
0
0
0
8.416857719
0
0
0
0
0
0
0
0
0
0
8.076748848
0
8.076748848
16.1534977
0
0
40.57264709
20.28632355
0
0
0
0
0
11.59650707
11.59650707
12.74905205
25.4981041
0
12.74905205
0
0
0
11.6629734
16.94083786
18.52788544
0
0
7.395084381
7.395084381
0
0
11.02496243
0
11.02496243
0
10.96350574
5.481752872
0
5.481752872
0
10.7054472
21.41089439
0
10.7054472
10.7054472
16.34779358
0
8.17389679
0
0
0
8.6587286
0
0
8.6587286
0
0
4.168129444
0
0
0
7.405117035
0
7.405117035
3.702558517
3.702558517
3.895362616
3.895362616
0
0
0
0
0
5.380885124
0
0
0
0
0
0
0
0
0
0
0
0
0
0
0
0
0
0
0
0
0
6.490067005
5.494781494
0
4.807933807
0
4.807933807
0
0
0
0
0
0
0
0
0
0
0
0
0
0
0
0
-0.1
6.6
0
0
0
0
0
0
0
0
0
0
0
0
0
0
0
0
0
0
0
0
0
0
0
0
0
0
0
0
0
0
0
0
0
5.282355309
2.641177654
0
0
0
0
0
0
0
0
0
3.838894367
3.838894367
0
0
0
3.084909439
0
0
0
0
0
0
0
1.179604173
2.064307213
10.90052795
0
0
0
0
4.037766457
0.696166515
8.493232727
0
10.65134811
0
0
4.574392319
9.148784637
9.148784637
0
0
7.114602566
6.22527647
0
0
0
0
0
3.361900806
8.361515999
8.361515999
8.361515999
4.778009415
4.180757999
4.778009415
0
6.464983463
3.694276333
6.464983463
6.464983463
4.520141125
7.910246849
0
3.955123425
0
2.87660718
2.544690609
0
5.089380741
7.41279459
6.915155411
0
1.512689948
19.7730217
2.593183041
0
1.372021556
10.81283665
0
1.584358454
3.290495396
5.076189995
5.457406521
0
0
0
0
7.915574551
7.915574551
0
3.077407837
0
3.077407837
6.154815674
3.077407837
0
2.775124788
0
0
2.775124788
1.65365386
0
3.30730772
1.65365386
0
2.684520721
0
2.684520721
2.684520721
5.369041443
0
0
6.758232117
0
4.256386757
10.16984081
21.84942436
0
10.92471218
0
21.84942436
9.559063911
0
19.11812782
9.559063911
28.67719269
0
0
0
0
0
0
0
0
0
0
29.07552528
0
0
0
0
0
11.76817703
23.53635406
0
0
8.814469337
26.44340897
8.814469337
17.62893867
8.814469337
8.095982552
0
8.095982552
0
0
0
0
0
0
0
0
0
0
0
0
0.181035966
0
0
0.231157482
0.396483749
7.303033829
0
0
0
8.817076683
0
0
8.299840927
8.299840927
0
16.59968185
0
0
0
0
0
0
0
0
0
0
59.80515671
0
0
0
14.95128918
0
0
7.288529873
7.288529873
7.288529873
0
0
0
0
0
0
0
0
6.238984585
12.47796917
0
0
8.443242073
0
7.387835979
7.387835979
0
5.403402328
5.403402328
5.403402328
5.403402328
20.38909912
0
20.38909912
10.19454956
20.38909912
15.45142841
0
15.45142841
0
0
21.32183075
0
10.66091537
10.66091537
10.66091537
0
0
0
27.80415535
2.86969471
0
6.236756325
12.47351265
12.47351265
6.236756325
0
11.72684765
11.72684765
0
0
0
8.509612083
0
0
8.988277435
0
0
30.70430183
10.23476696
0
17.17623138
8.588115692
0
0
0
0
1.649630666
0
1.649630666
0
0
0
0
0
0
0
0
0
1.733900309
1.733900309
5.201700687
0
0
10.15803242
5.079016209
0
0
3.42119813
0
0
0
0
24.06227112
0
0
6.01556778
9.482441902
9.482441902
3.160814047
3.160814047
0
2.76271987
0
0
0
0
0
0
0
0
0
0
0
0
0
0
0
0
0
0
0
0
0
0
0
0
3.267295599
-0.1
6.6
0
0
0
0
0
0
0
0
0
0
4.125209808
0
0
0
0
0
0
3.366073608
0
0
0
0
0
0
0
4.656716824
0
0
0
0
0
0
0
0
0
0
0
0
1.694633603
0
1.694633603
7.043304443
0
6.162891388
0
0
0
0
0
0
0
0
0
0
0
0
0
0
2.462946653
0
0
0
14.64334488
7.32167244
0
0
0
0
0
15.02466297
0
0
0
0
0
2.562649727
0
2.928742647
5.125299454
0
0
0
8.916688919
0
0
0
0
2.94456625
5.8891325
2.94456625
5.973829269
10.90873051
0
36.36243439
0
4.0821805
0
12.24654198
0
0
5.843625546
0
0
0
0
0.362062603
0.84481281
0
0
0
0
14.88203907
3.840526581
7.200987816
0
0
2.92313242
0
0
5.372242928
5.416303635
16.2489109
0
10.83260727
5.416303635
3.485142708
3.485142708
0
6.970285416
0
0
0
0
0
14.23529911
0
0
0
0
6.57247448
8.854123116
20.23799515
0
0
10.11899757
0
14.30505657
7.152528286
7.152528286
0
0
6.651528358
0
0
0
13.30305672
0
11.33570862
0
11.33570862
11.33570862
0
16.44043541
0
0
0
0
0
0
0
0
0
0
11.85496712
0
23.70993423
0
23.12065125
0
0
0
0
0
0
0
8.066698074
0
0
0
6.101759434
0
18.19620514
0
9.09810257
0
0
0
0
0
0
0
0
0
0
0
0
0
0
0
0
0
0
0
0
0
0
0
0
0
0
0
0
0
0
0
0
0
0
0
0
0
23.28363419
0
11.91122341
0
11.91122341
0
0
14.96520424
0
0
0
0
19.33654404
19.33654404
0
19.33654404
0
0
0
0
0
0
0
0
0
0
0
0
0
0
0
0
0
38.203228
19.101614
0
0
8.341783524
0
8.341783524
8.341783524
0
0
9.390106201
4.695053101
0
0
6.080815792
0
6.080815792
6.080815792
0
10.00491714
30.01475143
0
10.00491714
0
0
9.011555672
9.011555672
18.02311134
9.011555672
5.138082027
0
0
5.138082027
0
15.1527729
0
7.576386452
7.576386452
0
0
0
0
7.041479111
7.041479111
3.520739555
4.494580746
2.247290373
2.247290373
2.247290373
0
0
0
0
3.924306631
0
0
3.319349527
0
0
0
0
0
0
0
0
0
0
0
0
0
0
0
0
0
0
0
0
0
0
0
0
0
0
0
0
0
0
0
0
0
0
0
0
0
0
0
0
0
4.738478184
0
0
-0.1
6.6
0
7.403003693
0
0
0
0
0
0
0
0
0
0
0
0
0
0
0
0
0
0
0
0
0
0
0
0
0
0
0
0
0
0
0
0
4.76764679
0
0
0
0
0
0
0
5.304817677
6.543506145
0
0
0
0
0
0
0
0
0
0
0
0
0
0
0
0
5.730909824
8.596364975
8.596364975
0
4.125734329
16.50293732
12.37720299
8.251468658
0
6.773171902
0
0
3.386585951
16.93292999
0
2.532752514
8.68372345
0
0
3.618768454
0
3.618768454
3.618768454
0
0
0
5.991746902
2.995873451
0
0
2.363517046
2.363517046
0
2.363517046
4.727034092
0
4.148874283
4.74157095
2.074437141
4.148874283
0
6.807867527
4.53857851
4.53857851
2.593473434
14.4148674
14.4148674
0
0
10.98275566
0
0
3.872468233
33.81671906
0
0
0
6.121409893
18.3642292
12.24281979
23.7064991
11.85324955
0
0
0
4.347605705
0
0
4.347605705
0
8.408770561
0
8.408770561
9.610023499
8.408770561
0
0
7.287866592
0
0
0
23.91745949
5.979364872
23.91745949
0
4.094491959
0
0
8.188983917
12.28347588
4.094491959
0
0
15.45125103
0
15.45125103
38.66004562
15.46401882
15.46401882
7.732009411
0
0
10.14611435
10.14611435
0
10.14611435
0
9.704904556
0
19.40980911
0
0
0
0
23.10831833
0
0
0
0
0
13.29162025
0
0
18.67907524
32.6883812
0
0
0
0
0
0
0
0
0
16.50638771
0
0
0
0
22.44406509
33.66609573
0
17.90242195
0
0
0
9.050195694
0
0
0
9.050195694
18.10039139
9.42450428
0
0
0
0
0
0
14.55770969
0
0
0
0
0
7.992935181
8.781612396
0
32.23490143
0
0
6.44698
0
0
15.13729858
15.13729858
15.13729858
0
0
0
15.90344048
15.90344048
0
10.99275303
10.99275303
0
0
0
11.29675198
0
11.29675198
0
0
0
29.3921032
9.79736805
9.79736805
0
0
0
0
0
12.05585766
12.17524338
0
0
12.17524338
0
0
0
14.57113743
0
0
0
9.248096466
0
0
0
0
21.77537537
0
0
0
5.112611771
5.112611771
5.112611771
5.112611771
0
12.16129684
0
0
12.16129684
6.080648422
10.09886169
0
0
10.09886169
10.09886169
0
0
0
18.57732582
0
0
11.20435905
3.73478651
3.73478651
0
7.469573021
4.31670475
4.31670475
0
0
0
0
0
0
0
0
0
0
0
0
0
0
0
0
0
0
0
0
0
0
0
0
0
0
0
0
3.170114756
0
3.170114756
0
3.170114756
3.406162262
1.703081131
0
0
0
0
0
0
0
2.280519724
3.101814747
0
9.305443764
0
0
0
0
0
0
0
0
-0.1
6.6
0
0
0
0
0
0
0
0
0
0
0
2.834907055
0
0
0
0
0
0
0
0
2.477550983
0
0
0
0
7.099940777
0
0
0
0
0
5.201789856
0
5.201789856
2.600894928
0
0
0
9.803630829
0
4.901815414
3.850655794
4.400749683
3.850655794
3.850655794
3.850655794
10.1984148
4.46180582
0
0
0
0
0
0
0
0
0
0
4.238476753
2.119238377
4.913007736
0
4.913007736
4.913007736
0
0
0
4.511682987
0
9.023365974
0
0
8.876577377
7.76700449
17.75315475
2.820177317
0
0
2.820177317
5.640354633
0
9.174502373
0
0
0
0
0
3.09261632
9.277849197
6.185232639
0
0
0
6.751863003
6.751863003
0
4.333593845
0
4.333593845
4.333593845
13.00078201
10.60350227
5.301751137
0
0
15.90525341
3.529687166
10.58906174
0
0
3.529687166
0
5.019109726
8.783441544
0
0
0
12.61188698
4.203962326
0
4.203962326
0
0
0
21.63286018
10.62831974
0
0
6.421712399
0
7.339100361
0
0
0
13.29774666
15.19742584
0
0
0
0
5.848337173
5.516225338
11.03245068
5.516225338
11.03245068
5.516225338
4.431912899
15.19513035
4.431912899
10.1300869
13.29573917
0
0
0
22.30588722
11.15294361
11.15294361
8.426104546
25.2783165
0
16.85220909
0
11.9353714
23.8707428
0
0
0
19.38489532
0
0
0
0
0
0
0
0
0
10.57594585
31.72783661
0
10.57594585
0
0
16.89059639
8.445298195
0
0
18.46925163
0
0
9.234625816
0
0
13.97438908
27.94877815
0
0
0
17.14544106
0
0
0
0
0
0
0
0
0
0
0
0
0
0
0
0
0
0
0
0
0
0
0
0
0
0
0
0
0
0
0
0
0
0
0
0
12.03254318
12.03254318
12.03254318
0
0
0
0
21.99092102
0
0
0
0
0
0
0
0
31.08394241
0
0
0
0
0
0
0
0
0
0
0
0
9.595882416
0
0
0
19.19176483
0
0
0
0
0
0
14.33690262
7.168451309
0
0
5.436674118
5.436674118
0
0
5.436674118
8.456713676
8.456713676
0
0
8.456713676
12.82966137
6.414830685
0
6.414830685
12.82966137
0
0
11.24882793
0
0
17.58119202
8.790596008
0
0
0
0
0
0
0
0
0
0
0
0
0
0
0
0
0
0
0
0
0
0
0
0
0
0
0
0
0
0
5.881160259
0
17.6434803
0
5.892075062
0
0
0
2.946037531
2.697962284
0
0
2.697962284
0
3.040827513
0
0
0
0
0
0
0
0
0
0
0
0
0
3.814796448
0
0
0
4.984959602
0
0
-0.1
6.6
0
0
0
0
0
0
0
0
0
2.825229406
0
1.964616418
1.964616418
3.929232836
0
1.774419188
0
0
0
3.548838377
0
0
0
0
0
0
0
0
0
0
0
0
0
0
0
0
0
0
0
0
0
0
0
0
0
0
0
0
0
0
0
0
0
0
0
0
3.234801531
6.469603062
6.469603062
2.486315489
14.91789246
0
0
0
0
0
0
0
0
0
6.964708805
2.321569443
4.643138885
0
0
0
0
0
2.978336811
5.529819965
12.63958836
22.11927986
0
0
15.52023125
0
0
0
8.868703842
7.760115623
3.502539158
7.005078316
14.01015663
4.002902031
0
0
0
0
0
0
7.708651066
20.23521042
0
13.49013901
15.41730213
10.14770222
0
5.073851109
5.798686981
5.073851109
10.67482662
5.337413311
0
6.099901676
5.337413311
0
15.4571619
0
4.508338928
0
9.767668724
4.883834362
0
0
0
0
7.655257225
0
7.655257225
0
0
5.393584251
2.696792126
0
0
0
0
5.72178793
0
11.44357586
0
15.55636692
0
0
0
0
11.54925346
0
5.774626732
0
0
7.202231407
14.40446281
14.40446281
14.40446281
7.202231407
0
0
0
13.31938457
6.659692287
20.72210121
0
0
20.72210121
0
0
0
0
28.72600937
0
0
0
16.47902107
0
0
0
0
0
10.25505924
0
0
0
0
0
0
0
0
0
0
0
0
33.23230362
0
0
0
0
0
0
0
0
0
0
0
15.79790783
0
0
0
0
0
0
0
0
0
0
0
0
0
0
0
0
0
0
0
0
0
0
0
0
0
0
0
0
0
0
41.83508301
0
0
0
0
0
0
0
0
0
0
0
0
0
0
7.296605587
7.296605587
0
12.16002083
0
12.16002083
6.080010414
0
12.51845932
25.03691864
12.51845932
0
0
0
0
6.506174088
7.435628414
0
5.06936264
10.13872528
0
0
0
0
0
7.806007862
15.61201572
7.806007862
0
4.698422909
4.698422909
4.698422909
4.698422909
0
0
0
17.48936844
0
0
0
7.909912586
15.81982517
0
0
4.212386608
8.424773216
4.212386608
0
6.202628136
18.60788345
0
6.202628136
6.202628136
12.40525627
5.881218433
0
0
0
0
0
5.028691292
0
0
10.05738258
0
0
0
4.930137634
0
0
0
0
0
0
4.999185562
0
0
0
0
4.352489948
4.352489948
0
8.704979897
0
3.003206968
0
0
0
0
0
3.859023094
1.286340952
1.286340952
3.859023094
0
4.036635399
4.036635399
0
0
0
0
0
0
0
0
0
0
0
0
0
0
0
0
0
0
-0.1
6.6
0
0
0
0
4.032019138
0
0
0
0
0
0
0
0
0
0
0
0
0
0
0
0
0
0
0
0
0
0
0
0
12.45789909
0
6.923425198
0
0
0
0
0
0
0
0
4.606354713
5.363929749
5.363929749
0
0
0
0
0
0
0
0
0
0
0
0
0
0
0
0
0
0
3.162290573
0
0
0
0
0
0
0
0
3.642179966
3.642179966
0
0
0
0
0
1.863592029
1.863592029
0
0
0
0
0
0
0
2.546920061
0
5.093840122
5.093840122
3.378411293
6.756822586
6.756822586
3.378411293
3.378411293
3.716047287
3.716047287
7.432094574
7.432094574
3.716047287
2.582848787
2.951827288
5.165697575
7.748546124
0
1.919410348
11.51646233
1.919410348
0
0
0
17.57010078
3.405058384
0
0
0
10.21315193
8.936507225
8.936507225
17.87301445
17.54863358
5.849544525
0
5.849544525
0
37.66135025
13.96998405
0
0
0
0
0
0
0
0
0
0
0
0
20.88523293
0
0
17.35256958
0
0
0
0
10.9781599
0
10.9781599
5.489079952
6.919906139
13.08074284
18.14710426
5.437068939
14.08695316
0
0
0
0
0
0
6.178882599
0
12.3577652
0
0
0
23.95434189
0
0
25.81000519
0
6.452501297
0
0
9.774926186
0
9.774926186
19.54985237
0
0
13.78251553
0
0
0
12.4333849
0
12.4333849
0
0
12.45674419
6.228372097
0
0
0
0
0
0
0
9.666110992
0
0
0
0
0
0
0
0
0
0
0
0
0
0
0
0
0
0
0
0
13.03940964
12.6364851
0
12.6364851
0
0
0
0
14.39198303
0
0
0
0
0
0
0
0
0
0
0
0
0
0
0
0
0
0
0
0
0
18.620718
0
14.01892376
0
0
14.01892376
0
0
0
0
24.72689438
0
0
0
0
0
0
18.64462662
9.322313309
0
9.322313309
0
7.165122509
0
0
0
8.188711166
0
19.07317734
0
0
0
6.06363821
18.19091415
0
0
6.06363821
0
0
15.81676483
13.83966923
6.919834614
0
0
8.851486206
0
4.425743103
0
0
0
0
0
8.722859383
3.138494015
0
0
0
0
0
0
0
0
0
0
0
0
0
0
0
0
0
3.408350945
0
2.815696716
5.631393433
0
0
0
0
2.895552158
0
2.53360796
0
0
0
0
0
0
0
0
3.156206846
0
0
0
4.715065002
0
0
0
0
0
0
0
0
0
0
0
0
0
0
0
0
0
0
0
-0.1
6.6
0
0
0
0
6.980109692
0
0
0
0
0
0
0
0
0
0
0
0
0
0
0
0
0
5.128199577
0
0
0
0
0
0
7.260891914
0
0
0
4.835503101
4.835503101
0
0
0
0
0
0
0
0
0
0
8.139003754
14.55920792
4.853069305
9.706138611
0
0
0
0
0
0
0
2.302900314
2.302900314
4.605800629
0
5.258777618
5.258777618
6.010032177
15.77633286
6.999200821
7.999087334
0
0
7.999087334
4.127455235
8.254910469
8.254910469
0
0
14.35812473
0
5.469762802
9.572083473
9.572083473
0
0
5.29240942
4.630858421
0
3.563711643
0
0
3.563711643
0
7.127423286
8.395202637
14.69160461
0
3.672901154
0
3.939346552
15.75738621
3.939346552
0
0
0
0
5.926916122
5.186051369
2.593025684
7.840632915
11.76094818
0
0
7.840632915
3.578598261
3.131273508
0
3.131273508
0
3.315242767
8.702512741
5.801674843
0
0
0
0
5.315852165
2.657926083
0
0
0
0
8.694523811
4.347261906
0
0
9.617203712
5.49554491
14.42580605
4.069983482
0
8.139966965
12.2099514
12.2099514
0
0
0
3.038905859
3.038905859
4.55533886
0
4.55533886
0
0
5.206102371
0
0
22.24081421
9.730356216
0
0
0
0
15.4068594
0
13.70779037
6.853895187
0
6.853895187
20.56168365
7.176235199
4.841111183
8.229888916
9.596790314
0
0
7.857028961
7.857028961
26.93838501
0
0
7.030377865
0
7.030377865
7.030377865
15.29881763
45.89645004
0
0
15.29881763
0
18.20481873
0
0
15.92921734
20.23812675
20.23812675
0
20.23812675
20.23812675
12.98512363
0
0
25.97024727
0
0
0
0
0
0
0
8.794969559
17.58993912
0
0
0
0
0
0
0
0
0
0
0
0
0
0
0
0
0
0
0
24.23176384
0
0
12.11588192
11.43103695
11.43103695
0
0
11.43103695
28.67725754
0
0
0
28.67725754
0
0
8.802555084
0
0
0
16.44909286
0
0
0
0
7.739664078
0
15.47932816
0
0
0
23.01242256
0
0
11.50621128
12.49514008
0
0
0
12.49514008
0
0
0
12.85160732
12.85160732
0
5.373309612
0
10.74661922
10.74661922
0
0
7.806481361
7.806481361
0
6.619432449
0
6.619432449
0
0
0
6.230221272
12.46044254
0
0
0
6.765773296
13.53154659
0
6.765773296
19.94631958
0
29.91947937
0
0
0
0
2.543680906
5.087361813
2.543680906
0
0
0
0
2.400108576
7.200325489
3.681045294
0
0
0
0
0
4.798957348
0
0
0
0
4.64320755
0
0
0
0
4.029222488
0
0
0
0
0
0
0
0
0
0
0
7.344356537
0
0
0
0
0
0
0
0
0
0
0
0
0
0
0
0
0
0
0
0
0
0
-0.1
6.6
0
2.416410208
0
0
0
0
0
0
0
1.767032743
0
0
1.558374763
1.558374763
0
0
0
0
1.416369319
1.416369319
0
0
0
0
0
0
0
0
0
0
0
0
0
0
0
0
0
0
0
0
0
0
0
0
0
0
0
0
0
0
0
7.193744659
0
0
7.193744659
0
0
0
0
0
0
0
0
0
0
0
0
0
0
0
0
0
0
0
0
16.49723816
0
5.499079227
10.99815845
21.99631691
3.235568762
0
3.235568762
0
0
0
19.67815018
6.559383392
0
0
0
6.203073025
9.304609299
0
6.203073025
3.101536512
0
6.953170776
0
0
0
15.32559109
0
0
0
3.831397772
0
0
0
9.745214462
9.745214462
5.104066849
15.3122015
0
0
0
0
0
9.240160942
9.240160942
0
11.75042343
0
3.427206516
6.854413033
6.854413033
7.083605289
10.62540817
0
7.083605289
7.083605289
0
0
5.112599373
0
10.22519875
13.98350716
0
0
0
0
3.83226943
7.66453886
7.66453886
7.66453886
0
16.90583611
0
0
0
0
0
23.81149292
0
0
0
11.90574646
6.64693737
0
0
6.64693737
0
0
19.12672997
0
0
0
6.687792778
13.37558556
6.687792778
13.37558556
6.687792778
9.706468582
0
0
0
0
0
0
0
0
15.35089016
0
0
10.84508419
0
0
18.15117073
9.075585365
9.075585365
18.15117073
0
0
0
0
0
0
0
0
0
0
0
0
0
0
0
0
0
0
23.93686485
11.96843243
0
0
30.05495834
0
30.05495834
0
0
0
0
6.257422447
6.257422447
0
0
0
0
0
0
0
0
0
0
0
0
7.800325871
7.800325871
0
0
0
0
5.265443325
0
0
0
0
0
0
0
0
0
19.85449791
0
0
33.09082794
15.05602646
0
5.018675327
5.018675327
10.03735065
0
0
0
0
0
0
11.87994862
0
0
23.75989723
0
15.09696674
0
0
0
7.648582458
7.648582458
7.648582458
7.648582458
0
0
6.305065155
0
6.305065155
0
0
0
0
6.924749374
0
0
12.68676758
12.68676758
0
0
0
4.696406364
4.696406364
0
4.696406364
0
12.03295326
12.03295326
12.03295326
0
12.03295326
3.248053789
0
0
3.248053789
3.248053789
0
0
0
0
0
1.578800678
0
0
1.578800678
3.157601357
0
0
4.241256714
0
0
1.972382545
1.972382545
0
0
0
0
0
0
0
0
0
0
0
0
0
0
0
0
0
0
5.074389935
0
0
0
0
0
0
0
0
0
0
0
0
0
0
0
0
0
0
0
7.116333008
-0.1
6.6
0
0
0
0
0
0
0
0
0
0
0
0
0
0
0
0
0
0
0
0
0
0
0
0
0
5.000510216
5.000510216
0
0
0
0
0
0
4.748722076
4.748722076
0
0
0
0
0
0
0
0
0
0
0
0
0
0
0
0
0
0
0
0
0
1.712554932
1.712554932
3.425109863
5.084549427
5.084549427
0
10.16909885
0
0
0
1.80218637
3.60437274
1.80218637
0
3.161741734
8.299571037
8.299571037
0
5.396181583
2.698090792
2.698090792
5.396181583
0
5.565241337
2.782620668
2.782620668
0
2.782620668
7.18775177
3.593875885
3.593875885
0
0
3.593875885
16.65441513
5.55147171
33.30883026
0
5.55147171
2.828451872
0
0
0
5.656903744
0
5.667621613
2.833810806
8.501432419
0
9.340291023
3.113430262
9.340291023
3.113430262
0
7.127450466
7.127450466
0
7.127450466
7.127450466
12.06867313
0
6.034336567
6.034336567
0
0
0
15.23683071
15.23683071
0
3.109481096
3.109481096
3.109481096
6.218962193
3.109481096
0
3.625748158
3.625748158
7.251496315
14.50299263
4.897964478
0
0
9.795928955
0
0
0
0
12.98259354
12.98259354
0
9.911329269
4.955664635
14.86699486
14.86699486
0
0
7.060636997
0
0
21.18191147
0
5.305741787
0
5.305741787
0
4.842793941
4.842793941
4.842793941
0
0
0
8.509961128
17.01992226
0
0
0
0
38.25758362
0
0
0
0
18.57564545
18.57564545
0
0
0
0
0
20.35183144
0
0
0
0
0
0
0
0
0
0
0
0
0
0
0
10.50265408
0
0
0
0
0
0
0
0
0
0
0
0
0
0
0
0
0
0
0
0
0
14.32780266
0
0
0
0
0
0
0
0
0
0
0
18.07244492
0
0
0
0
0
0
0
0
0
0
0
0
0
0
15.49007225
15.49007225
0
0
23.40395546
0
11.70197773
0
0
0
13.61718273
0
0
6.314071655
6.314071655
6.314071655
0
0
0
0
0
0
15.10817814
0
0
0
0
0
0
8.593883514
0
0
0
3.724837303
3.724837303
0
0
3.724837303
0
14.05073738
12.29439354
0
0
0
8.650238037
0
8.650238037
0
0
0
0
0
0
10.68684483
2.30603385
0
0
2.30603385
2.30603385
6.876944065
0
0
6.876944065
0
5.898477554
5.898477554
0
0
0
0
0
0
0
0
4.568443775
4.568443775
0
0
4.568443775
0
0
0
0
0
5.099878311
5.099878311
0
0
0
0
0
0
0
0
0
0
0
0
0
0
0
0
0
0
0
0
0
0
0
0
0
0
0
0
0
-0.1
6.6
0
0
0
0
0
6.513503075
3.256751537
0
0
0
2.759676456
0
0
0
0
0
0
0
0
0
0
1.668976426
0
3.337952852
1.668976426
0
0
0
0
0
0
0
0
0
0
0
0
0
0
0
0
0
0
0
0
0
0
5.450459957
0
0
0
0
0
4.218758583
4.218758583
0
3.288827181
0
1.64441359
0
2.217680693
2.217680693
0
0
5.073519707
0
5.073519707
5.073519707
7.61027956
0
2.784851551
0
0
2.784851551
7.871363163
3.935681581
3.935681581
0
0
0.614919484
1.84475863
0.614919484
0.614919484
0
0
7.83551693
7.83551693
11.75327492
0
3.917758465
0
0
2.689209938
0
5.378419876
5.602479935
16.8074398
19.20850182
11.20495987
0
6.065306187
0
9.097959518
0
9.097959518
9.021752357
0
0
27.06525612
0
0
0
0
0
0
3.166365623
7.237407684
0
3.166365623
3.166365623
9.986077309
14.97911644
0
9.986077309
4.993038654
4.459198475
0
4.459198475
8.91839695
0
10.23963833
0
0
10.23963833
0
11.87724972
5.938624859
5.938624859
11.87724972
5.938624859
0
8.744727135
8.744727135
0
0
0
14.49813461
4.83271122
4.83271122
0
0
0
6.421833992
12.84366798
12.84366798
0
32.95688248
6.591377258
0
13.18275452
26.36550903
0
6.447540283
0
7.368618011
0
17.88011551
0
0
17.88011551
0
3.857532263
0
0
7.715064526
0
0
37.48194504
0
0
18.74097252
0
0
48.30199432
0
16.10066605
0
0
6.391729355
0
6.391729355
6.82446146
13.64892292
0
0
6.82446146
7.946197033
7.946197033
0
0
0
5.713929176
0
5.713929176
0
0
0
0
0
0
0
10.74237919
0
0
0
0
0
0
0
0
42.55720139
0
0
0
0
0
0
0
0
0
0
0
23.07374382
0
0
0
0
0
0
0
0
0
0
0
0
0
9.000247955
0
24.76942825
0
12.38471413
0
0
0
0
0
0
0
0
0
11.94406605
6.825181007
0
0
0
0
28.66822624
0
0
0
0
11.44660664
0
0
9.674099922
0
0
0
0
0
0
19.05420303
0
0
14.86152649
0
7.430763245
7.430763245
0
19.07737541
0
9.538687706
9.538687706
8.561471939
0
8.561471939
8.561471939
8.561471939
0
13.00900078
26.01800156
0
0
0
4.904894352
0
0
4.904894352
0
0
0
0
0
11.52794266
0
0
0
0
0
4.020929813
0
4.020929813
0
0
0
0
2.605787992
0
2.605787992
0
0
0
0
3.546575308
0
0
0
1.613659382
6.454637527
2.791610479
0
0
1.39580524
1.39580524
0
0
0
0
0
0
0
0
0
0
0
0
0
0
0
0
0
0
0
0
0
-0.1
6.6
0
0
0
0
0
0
0
0
0
0
0
0
0
3.178023338
0
0
0
0
0
0
0
1.796217203
1.796217203
3.592434406
0
0
0
0
0
0
0
0
0
0
0
0
0
0
0
0
6.968235016
1.679999828
0
0
3.359999657
1.679999828
3.896463871
1.948231936
0
0
0
8.964157104
0
4.482078552
2.241039276
2.241039276
4.462938309
1.487645984
1.487645984
4.747200966
4.747200966
4.747200966
0
0
0
0
0
11.37620163
0
3.368521929
0
1.684260964
0
0
0
0
0
11.02317333
9.44843483
0
0
0
0
5.501169205
0
3.895513535
0
3.895513535
7.791027069
0
8.83116436
3.863634348
11.59090233
0
0
4.798479557
0
2.399239779
0
0
10.21107006
10.21107006
3.403690338
3.889931917
23.82582855
9.28320694
3.094402313
3.094402313
9.28320694
6.188804626
0
0
0
0.878746748
0
0
13.45206833
0
3.363017082
3.843448162
0
0
0
0
8.148665428
3.757262945
0
0
0
0
7.378585815
14.75717163
0
0
0
0
6.73597765
0
5.893980026
0
0
0
0
3.395333052
0
0
0
6.112875938
9.169313431
0
0
8.555958748
11.40794563
0
2.851986408
2.851986408
13.06423569
13.06423569
0
13.06423569
13.06423569
6.116197109
0
0
0
6.116197109
0
0
50.60556793
16.86852074
16.86852074
4.730313778
9.460627556
4.730313778
0
0
0
0
0
0
0
0
0
0
0
0
0
0
0
0
0
0
0
7.159597874
0
0
23.60878563
0
11.80439281
0
0
3.254061937
0
0
0
0
0
11.01691818
0
0
0
0
0
0
0
0
0
0
0
0
0
11.8595438
24.81907654
0
8.273025513
0
0
0
0
0
19.23438454
0
0
7.97099638
0
0
0
0
0
0
0
0
0
0
0
0
18.81259346
16.46101952
0
0
22.44133949
0
0
0
0
0
0
0
9.310078621
0
0
18.62015724
0
0
7.253230572
0
7.253230572
7.253230572
18.5426693
0
0
0
27.81400108
0
5.949848175
0
5.949848175
5.949848175
0
0
6.443525791
12.88705158
0
0
0
0
67.31672668
0
31.74155998
12.69662476
0
0
0
4.24289608
4.849023819
4.24289608
4.24289608
8.48579216
4.799349785
4.799349785
4.799349785
9.59869957
9.59869957
4.799349785
0
0
8.826104164
0
0
5.295655251
2.647827625
2.647827625
5.295655251
2.647827625
9.642420769
0
0
0
0
0
10.5964241
5.298212051
5.298212051
0
0
0
0
3.751921177
0
0
0
2.813710451
0
0
0
2.155519009
4.311038017
2.155519009
0
0
0
0
0
0
0
2.668032885
5.336065769
5.336065769
0
0
0
0
0
0
0
0
0
0
0
0
0
0
0
0
0
-0.1
6.6
0
0
0
0
0
0
0
0
0
0
0
0
0
0
0
0
0
0
0
0
6.665100574
6.665100574
0
0
0
0
0
0
0
0
0
0
5.498826981
0
0
0
0
0
0
0
0
0
0
0
6.858736992
6.858736992
0
0
0
0
7.463065147
6.45228672
0
0
0
3.22614336
0
4.792217255
4.792217255
4.792217255
8.046416283
0
4.023208141
0
0
0
0
0
0
0
0
3.6742239
0
0
3.6742239
8.327101707
4.163550854
0
4.163550854
4.163550854
4.357508183
4.357508183
2.178754091
0
4.357508183
1.985365152
1.985365152
1.985365152
3.970730305
7.941460609
1.985365152
9.505113602
3.168371201
3.168371201
3.168371201
3.168371201
5.390725613
10.78145123
5.390725613
0
0
0
3.085951567
0
0
6.171903133
1.415064812
0
1.415064812
0
0
0
8.279489517
0
0
0
2.214149714
11.07074833
8.856598854
4.428299427
2.214149714
1.909134984
0
0
1.909134984
0
10.12032032
2.024064064
4.048128128
0
0
0
9.756988525
0
19.51397705
19.51397705
0
0
0
5.514418125
2.757209063
0
4.649573803
4.649573803
0
4.649573803
32.02809906
0
0
0
0
6.405620098
0
0
0
29.00854301
0
0
16.80916595
0
16.80916595
0
0
0
6.042142868
12.08428574
0
0
0
0
0
0
0
0
0
0
0
0
0
8.807032585
0
8.807032585
0
0
10.51231384
0
0
14.31075001
0
7.155375004
35.77687454
7.155375004
0
0
0
7.670543194
0
0
0
0
0
5.548924923
0
0
0
0
0
0
0
0
0
0
0
0
0
0
0
0
0
0
0
0
0
0
0
0
22.78532791
0
0
0
0
0
0
0
16.99360275
0
0
0
0
0
0
0
0
14.85753727
9.656914711
0
0
9.656914711
0
15.47934055
0
0
0
0
0
0
22.519104
22.519104
0
0
0
0
30.18484497
15.09242249
0
0
0
12.02288151
0
12.45629025
0
0
24.91258049
0
0
0
0
0
0
0
0
0
21.32036018
10.66018009
19.62500954
6.541669846
0
0
0
5.001425743
5.001425743
0
0
15.00427723
3.919677496
0
0
0
4.479631424
0
7.173398495
0
14.34679699
0
7.173398495
0
0
0
0
0
0
5.016588688
0
0
0
0
0
0
2.037472963
2.037472963
0
0
3.888541222
3.888541222
3.888541222
0
0
3.117322206
3.117322206
3.117322206
2.424284697
0
0
2.424284697
0
0
0
0
3.430275679
0
0
0
0
0
0
2.765982866
8.297948837
2.765982866
0
0
0
0
0
1.086368918
0
0
0
0
0
8.305911064
0
0
0
0
0
0
-0.1
6.6
0
4.193255424
0
0
0
0
0
0
0
0
0
0
0
0
0
0
0
0
0
0
0
0
0
0
0
0
0
4.066249371
0
0
0
0
0
0
0
0
7.159374714
0
0
7.159374714
0
0
8.220458031
4.110229015
0
0
0
0
0
0
0
0
0
0
0
14.62621975
3.431961536
1.715980768
1.715980768
8.364512444
2.788170815
5.576341629
0
0
6.898084641
0
3.941762924
0
6.898084641
5.638081074
6.4435215
16.9142437
5.638081074
5.638081074
0
9.808830261
4.904415131
9.808830261
4.904415131
8.891693115
4.445846558
0
0
0
18.28606415
0
0
0
0
0
5.6426754
0
0
0
0
2.784696341
2.784696341
2.784696341
2.784696341
2.784696341
0
9.566595078
0
0
19.13319016
0
0
5.987842083
0
9.013930321
0
14.47147274
14.47147274
0
4.823823929
0
0
0
23.71098328
5.927745819
0
7.837181091
0
15.67436218
7.837181091
0
0
0
7.569629192
7.569629192
0
0
0
0
0
0
4.479499817
8.958999634
0
0
0
12.09063244
6.045316219
0
0
12.99695206
12.99695206
0
0
12.99695206
12.99695206
0
0
0
14.35179043
7.175895214
0
0
0
0
21.42011833
33.82757568
11.27585793
0
11.27585793
0
0
0
0
0
0
0
0
23.75235939
0
0
0
0
0
0
0
0
0
0
0
0
0
0
0
0
0
0
0
14.81314087
0
0
0
0
0
0
0
0
0
0
0
19.56722641
0
0
0
0
0
0
0
0
0
0
0
0
0
0
0
0
0
0
0
0
0
0
0
0
0
0
0
0
0
0
0
0
0
0
72.26182556
0
0
0
0
0
0
0
0
0
0
0
0
0
0
0
0
0
0
0
0
21.0086689
0
0
0
35.90035629
17.95017815
0
0
19.44994736
9.724973679
9.724973679
9.724973679
6.012093544
0
0
0
12.02418709
0
16.71111298
8.355556488
8.355556488
8.355556488
0
0
0
6.44848299
12.89696598
0
10.7544775
10.7544775
10.7544775
10.7544775
0
0
0
11.76289558
0
0
6.956352711
0
6.956352711
6.956352711
6.956352711
12.05111885
0
5.27236414
15.81709194
5.27236414
0
0
0
0
0
1.069087386
0
0
0
0
0
0
0
0
0
0
0
0
0
5.029067516
3.093796968
0
0
0
3.093796968
10.79422092
0
0
0
0
2.010658503
0
2.010658503
0
2.010658503
3.753868103
1.876934052
0
0
0
0
0
0
0
0
0
0
0
0
0
0
0
0
0
0
0
-0.1
6.6
0
0
0
0
4.126963615
0
2.494140148
1.662760258
0
0
0.89792639
0.89792639
0
0
0.89792639
0
0
0
0
0
0
0
0
0
0
0
0
2.713398933
8.140195847
2.713398933
2.713398933
0
0
0
0
0
2.936086178
0
0
0
2.936086178
1.675148368
0
0
3.350296736
5.025444984
4.553965092
2.276982546
4.553965092
0
0
2.507959366
2.507959366
0
0
0
2.503239632
0
0
7.770167828
3.885083914
7.770167828
3.885083914
3.885083914
5.247708797
10.49541759
5.247708797
10.49541759
0
0
3.383500814
0
3.383500814
0
0
0
0
3.719123363
7.438246727
6.316813469
6.316813469
0
0
3.158406734
2.640049219
5.280098438
2.640049219
0
5.280098438
5.280098438
0
11.00108814
0
5.500544071
5.500544071
2.130668402
0
2.130668402
2.130668402
2.130668402
1.713006258
1.713006258
1.713006258
3.426012516
0
5.984075069
2.992037535
2.992037535
5.984075069
0
3.162331581
0
0
9.48699379
9.48699379
0
8.536523819
12.80478668
4.268261909
4.268261909
5.276054859
0
0
0
5.276054859
4.393083572
8.786167145
4.393083572
0
17.57233429
0
0
17.8731041
8.936552048
17.8731041
17.84145355
0
5.947151661
11.89430332
11.89430332
8.192043304
0
12.28806686
0
4.096021652
3.796024799
0
7.592049599
0
7.592049599
0
0
0
32.86940002
0
0
0
30.2792244
0
15.1396122
15.1396122
13.69901752
0
0
0
20.54852676
0
0
7.558959484
0
11.33843803
10.24262524
0
0
0
10.24262524
0
0
0
9.773417473
0
0
0
0
0
0
0
12.86630344
0
0
0
0
0
10.13005543
10.13005543
0
0
0
0
0
0
0
0
0
0
0
0
0
13.87416267
0
0
13.87416267
36.80014038
0
12.2667141
0
0
0
0
0
0
0
0
0
0
0
0
0
0
0
0
0
0
0
0
0
0
22.50771332
0
0
0
0
0
17.70162392
0
17.70162392
0
8.850811958
0
31.19609261
15.5980463
0
0
0
12.56672955
0
0
12.56672955
0
0
0
0
0
0
16.11770058
0
0
16.11770058
0
7.993824482
7.993824482
0
0
0
0
9.102437973
9.102437973
0
0
0
0
13.58583164
0
17.87055779
0
11.91370487
5.956852436
5.956852436
8.844038963
0
0
17.68807793
0
0
8.235246658
0
0
8.235246658
0
0
0
6.245462894
6.245462894
0
4.976922989
0
0
4.976922989
0
1.871930599
0
1.871930599
0
0
0
0
0
0
0
0
0
0
0
0
0
0
0
0
0
0
0
0
0
0
4.002204418
4.002204418
0
0
0
0
0
0
0
0
0
0
0
0
0
0
0
0
2.8177526
0
0
0
0
0
0
0
0
0
0
0
0
-0.1
6.6
0
0
0
0
0
0
0
0
0
0
0
0
0
0
0
0
0
0
0
0
0
0
0
0
0
0
0
0
4.303483009
4.303483009
0
0
0
0
0
0
3.181266785
6.362533569
6.362533569
6.362533569
3.181266785
0
4.779026508
0
0
0
0
0
0
0
4.278090954
3.250160456
0
4.875240803
0
0
0
0
0
2.84981966
0
0
0
0
0
0
0
3.778227568
7.556455135
2.768749714
0
0
0
0
11.66059208
0
7.773727417
0
0
0
0
0
0
4.130881786
16.84231949
0
0
0
16.84231949
0
11.66244984
17.49367523
0
0
29.15612602
0
19.25231171
9.626155853
0
0
2.077556372
0
6.232669353
0
4.155112743
3.807014465
0
15.22805786
0
0
3.277225971
6.554451942
6.554451942
0
0
5.913862228
5.913862228
2.956931114
5.913862228
2.956931114
0
28.55357933
0
7.138394833
7.138394833
0
0
4.247826576
0
4.247826576
24.80595016
0
0
8.268651009
8.268651009
0
2.887613535
0
0
2.887613535
15.59151173
3.897877932
0
0
3.897877932
0
8.902959824
0
0
0
0
0
30.85142708
0
15.42571354
15.42571354
17.64778519
5.882595062
0
0
5.882595062
4.411911011
0
4.411911011
0
0
0
0
0
0
20.61594391
0
0
13.94443321
13.94443321
0
0
0
22.56572914
0
0
0
0
0
0
0
0
0
0
0
0
0
0
0
0
0
27.1061821
0
13.55309105
13.55309105
13.55309105
25.6204319
0
0
0
38.43064499
0
32.72951126
0
0
0
0
0
0
0
0
0
0
0
0
0
0
0
0
32.69929504
0
0
0
0
0
0
0
0
0
0
0
0
0
14.87865829
14.87865829
0
14.87865829
29.75731659
20.58355522
0
13.72236919
13.72236919
20.58355522
0
0
0
40.36698532
0
10.7507
10.7507
0
0
10.7507
0
0
32.61743546
32.61743546
16.30871773
8.298361778
0
8.298361778
16.59672356
16.59672356
0
0
25.84777641
0
0
0
4.175919533
0
0
0
0
0
23.53853416
0
0
0
0
9.154000282
0
3.051333427
0
4.487519741
8.975039482
13.46256065
0
0
0
9.035473824
0
9.035473824
0
10.37799931
0
10.37799931
10.37799931
10.37799931
3.066314459
3.066314459
0
3.066314459
0
0
0
0
5.184084892
0
0
3.043875456
3.043875456
0
0
3.384007931
0
0
3.384007931
0
2.767370224
0
0
2.767370224
0
3.238989353
0
0
0
0
0
3.578334808
7.156669617
7.156669617
3.578334808
0
0
0
0
0
0
0
0
0
0
2.983157396
0
0
0
0
0
0
0
0
0
0
0
0
0
0
0
-0.1
6.6
3.528604746
0
0
0
0
0
0
0
0
0
0
0
0
0
0
0
3.269949436
0
0
0
0
0
0
0
0
0
0
0
0
0
0
0
0
0
0
0
0
0
5.516963005
0
0
0
0
0
0
0
0
0
0
0
0
0
0
0
0
5.182788372
1.4676615
1.4676615
1.4676615
1.4676615
0
2.500993729
2.500993729
5.001987457
5.001987457
2.02355051
6.070651531
0
2.02355051
4.047101021
0
8.948269844
2.237067461
0
0
2.040151119
4.080302238
4.080302238
4.080302238
0
6.42266655
3.211333275
3.211333275
0
0
0
5.309115887
5.309115887
10.61823177
0
15.92734718
2.503827333
10.01530933
2.503827333
0
5.007654667
3.019147873
6.038295746
0
0
3.019147873
0
0
7.189371109
7.189371109
0
0
11.75751781
0
0
0
0
8.244274139
16.48854828
0
8.244274139
0
12.39656925
6.198284626
6.198284626
0
0
3.549234867
10.64770508
0
7.098469734
0
1.84756422
3.695128441
1.84756422
0
13.87756157
0
18.50341606
0
0
7.233156681
0
7.233156681
10.84973526
0
4.070106983
0
0
12.21032047
16.28042793
0
0
20.29422569
15.22066689
5.073556423
5.073556423
0
0
20.71073151
0
0
11.53437042
0
0
0
0
0
0
10.84466076
21.68932152
0
0
0
0
0
0
9.442418098
9.442418098
0
28.32725525
0
5.858035564
23.43214226
11.71607113
5.858035564
17.57410622
8.069111824
16.13822365
8.069111824
0
0
0
0
0
0
0
0
0
0
0
0
0
7.040655136
7.040655136
21.12196541
0
0
33.63768768
0
0
16.81884384
34.35414124
20.61248398
0
0
6.870828629
6.870828629
0
0
0
0
16.77289963
0
29.14387894
0
0
0
0
0
10.34984493
5.174922466
0
0
0
0
0
0
0
0
0
0
20.56935883
0
7.398842812
22.19652748
7.398842812
0
7.398842812
6.876018524
6.876018524
0
0
6.876018524
0
0
0
0
12.12793064
0
0
0
7.762850285
0
0
0
26.00691223
0
8.668971062
0
14.64056873
7.320284367
0
7.320284367
14.92967796
22.39451599
7.464838982
0
0
4.526431561
0
4.526431561
0
9.052863121
16.90332603
0
0
0
8.451663017
6.304572582
0
0
12.60914516
6.304572582
6.896689415
20.6900692
13.79337883
0
0
5.212355614
0
5.212355614
0
0
0
0
0
6.985972881
0
13.97194576
6.764870167
0
6.764870167
6.764870167
0
0
0
0
0
5.666071892
0
0
0
0
0
0
0
11.399086
0
0
0
0
0
0
0
0
0
0
0
0
0
4.861667156
9.723334312
4.861667156
9.723334312
0
0
0
0
0
0
5.497441292
2.748720646
0
0
0
3.256224632
0
0
0
0
0
0
0
0
0
0
0
0
0
0
-0.1
6.6
0
0
1.853357196
0
0
0
0
0
0
0
0
0
0
0
0
0
0
0
1.486135244
0
0
0
0
0
0
0
0
0
0
4.321226597
2.160613298
0
0
0
0
0
0
4.726653099
9.453306198
0
0
4.254453182
0
0
8.508906364
8.508906364
2.15811491
0
4.31622982
4.31622982
0
1.999751091
1.999751091
0
3.999502182
3.999502182
5.784044266
2.892022133
0
0
0
0
0
0
11.13292217
5.566461086
16.69938278
0
0
9.502518654
9.502518654
14.2537775
0
4.751259327
2.386163473
0
2.386163473
2.386163473
2.386163473
5.007921696
0
0
0
10.01584339
5.238351822
10.47670364
0
5.238351822
0
10.47670364
7.710184097
10.28024578
0
5.14012289
0
4.960493565
4.960493565
4.960493565
4.960493565
0
0
6.345719814
19.03715897
0
0
19.21363258
0
0
9.606816292
0
0
0
0
12.1330204
0
0
4.583936214
0
0
0
4.937062263
9.874124527
9.874124527
0
4.937062263
14.65284824
7.326424122
0
14.65284824
7.326424122
2.135355473
0
0
4.270710945
0
2.121225357
4.242450714
2.121225357
6.363676071
0
0
0
0
4.548330307
13.64499092
0
0
0
8.053924561
8.053924561
0
9.547048569
0
0
9.547048569
9.547048569
8.103580475
0
8.103580475
8.103580475
16.20716095
42.19919205
0
0
0
21.09959602
10.63593197
0
0
15.95389843
5.317965984
0
0
0
15.70988464
7.854942322
21.72789192
0
21.72789192
0
7.242631435
0
0
0
56.23952484
0
24.65719032
0
0
12.32859516
12.32859516
0
0
0
0
0
0
0
0
0
0
0
0
0
4.372972488
0
0
0
0
0
0
8.701539993
0
0
0
0
0
0
0
0
0
0
0
0
9.765190125
0
0
0
6.480876923
0
0
19.44263077
0
0
0
0
8.38048172
0
0
22.08346939
0
0
0
0
0
0
0
0
0
0
27.7988739
0
0
0
11.50458336
11.50458336
0
11.50458336
0
0
0
0
12.10097504
0
0
0
0
13.33972073
0
0
0
0
0
5.282103062
0
0
2.641051531
5.282103062
0
9.672487259
9.672487259
4.836243629
0
0
4.979469299
0
9.958938599
0
5.150503635
0
0
5.150503635
0
7.892405033
0
0
0
15.78481007
0
3.984133244
7.968266487
3.984133244
0
0
5.990406036
2.995203018
5.990406036
0
0
2.444844484
0
0
2.444844484
2.444844484
3.120574474
3.120574474
3.120574474
0
3.120574474
0
0
0
0
0
0
0
0
0
0
0
0
0
0
0
0
0
0
0
0
0
0
0
1.751223922
0
5.626914501
5.626914501
0
0
0
1.346633077
0
0
0
0
3.22859025
3.22859025
0
0
0
6.201072216
0
0
0
0
0
-0.1
6.6
2.445676565
0
0
0
0
0
0
0
1.93034184
3.86068368
0
0
0
0
3.758542299
0
0
0
0
0
0
0
0
0
1.479787827
0
8.370048523
0
0
0
0
0
0
0
0
0
0
0
0
0
4.591655254
5.414953232
10.82990646
0
27.07476425
0
0
4.35736084
0
2.17868042
2.17868042
4.739363194
4.739363194
2.369681597
0
4.739363194
1.623946905
3.24789381
1.623946905
4.254650116
0
4.254650116
4.254650116
2.127325058
0
0
0
27.00034523
20.2502594
0
11.9802599
5.990129948
11.9802599
11.9802599
5.769560337
0
0
2.884780169
8.654340744
0
0
0
0
0
0
0
0
4.464482784
8.928965569
4.464482784
6.610551357
3.305275679
9.915826797
0
0
3.705250502
0
0
0
7.410501003
0
0
0
9.872714996
6.581809998
2.614864826
5.229729652
0
2.614864826
7.844594479
0
10.94295883
3.647652864
7.295305729
0
0
0
6.601065159
0
0
2.994552374
8.983656883
0
2.994552374
8.983656883
0
0
8.108804703
0
0
0
0
5.21447897
0
2.607239485
7.221997738
7.221997738
0
0
14.44399548
3.980404377
0
3.980404377
0
0
23.05571747
7.685239315
0
7.685239315
0
7.685239315
0
0
0
16.5564785
0
12.36886501
24.73773003
24.73773003
12.36886501
12.36886501
13.75484085
13.75484085
0
0
13.75484085
7.421042919
0
0
0
7.421042919
0
7.115264893
7.115264893
0
7.115264893
0
0
0
0
0
23.35604668
0
11.67802334
11.67802334
11.67802334
0
13.52294064
13.52294064
0
0
0
0
0
0
0
0
0
0
0
0
0
0
0
0
0
0
0
0
0
0
0
0
0
0
0
0
0
0
0
13.55966282
0
0
0
0
0
0
8.999210358
17.99842072
0
0
17.99842072
0
0
0
34.38581467
0
0
0
0
0
0
0
0
0
0
6.083426952
6.083426952
0
11.4926548
0
11.4926548
22.9853096
10.53187943
10.53187943
0
5.265939713
5.265939713
0
0
0
0
52.89851761
0
13.88307762
13.88307762
13.88307762
0
0
6.058466434
6.058466434
0
0
7.431371212
0
7.431371212
3.715685606
3.715685606
8.319800377
16.63960075
0
8.319800377
16.63960075
0
13.29193783
0
6.645968914
0
0
0
0
0
37.56602859
0
0
5.368376255
10.73675251
0
6.290165901
3.145082951
0
0
9.435249329
6.290165901
19.09503555
0
0
6.365011692
0
0
0
6.490495682
6.490495682
0
3.200275183
3.200275183
3.200275183
0
3.200275183
0
10.33322144
5.166610718
5.166610718
0
7.560017586
3.780008793
3.780008793
0
0
0
5.012323856
0
0
0
0
0
0
0
6.924133778
0
0
0
0
0
0
0
0
0
0
0
0
0
0
0
0
0
0
0
2.942634821
3.330479383
0
3.330479383
0
3.330479383
0
-0.1
6.6
0
0
0
0
0
0
0
0
0
0
0
0
0
0
0
0
0
0
0
0
0
0
0
0
8.877860069
0
0
0
0
0
0
0
0
10.95072937
0
0
0
0
0
0
12.57283878
0
10.88883877
10.88883877
0
5.444419384
0
0
12.08682823
0
0
0
12.69925976
12.69925976
0
19.04888916
0
11.29696751
0
0
0
4.82130003
0
0
0
0
6.30790329
4.205268383
4.205268383
2.518866301
5.037732601
0
2.518866301
5.037732601
6.67178297
2.918904781
2.918904781
2.918904781
0
6.703902245
3.351951122
0
3.351951122
10.05585194
2.432808876
2.432808876
2.432808876
4.865617752
0
0
5.387637615
2.693818808
2.693818808
0
2.693818808
0
0
0
4.728086948
4.728086948
0
5.491333961
0
0
0
0
8.086204529
4.043102264
0
4.043102264
9.330181122
6.220120907
9.330181122
3.110060453
3.110060453
0
5.66456604
11.32913208
11.32913208
5.66456604
0
14.14660549
0
9.431069374
0
0
0
17.63832855
0
4.409582138
0
8.619159698
0
8.619159698
0
0
9.409727097
9.409727097
0
0
0
0
0
0
0
8.855392456
4.427696228
4.427696228
4.427696228
8.855392456
0
0
0
5.097162247
10.19432449
10.19432449
0
11.40101242
5.70050621
11.40101242
0
19.10584068
9.552920341
0
0
0
7.410098076
7.410098076
14.82019615
0
0
7.423706532
0
7.423706532
7.423706532
0
15.67210388
15.67210388
0
0
0
0
0
25.03428841
0
0
7.804144859
0
0
7.804144859
31.21657944
12.91196918
0
6.455984592
0
12.91196918
0
0
28.06734848
0
28.06734848
23.28394508
0
0
0
0
0
0
0
0
0
0
0
0
0
0
0
10.68174076
0
0
0
0
0
0
0
0
0
0
0
0
0
0
0
20.97253227
0
0
10.48626614
16.26844788
32.53689575
0
0
0
0
0
7.23774004
0
0
7.23774004
0
0
19.39093399
0
0
0
0
8.191750526
0
0
0
16.10671043
0
0
8.053355217
6.186520576
0
6.186520576
6.186520576
0
0
18.80926704
0
0
0
16.27981377
0
5.426604271
0
5.426604271
0
7.263273239
7.263273239
7.263273239
14.52654648
6.913229465
13.82645893
20.73968697
6.913229465
6.913229465
5.243807793
5.243807793
10.48761559
5.243807793
10.48761559
8.043769836
24.1313076
0
16.08753967
24.1313076
39.52399445
0
13.1746645
0
0
0
1.666141033
0
1.666141033
0
0
0
0
0
0
4.22076416
0
0
0.94373107
0
0
0
0
0
0
3.78946805
0
3.569586277
3.569586277
0
0
0
0
0.810071409
0
0
0
0
0
0
0
0
0
0
0
0
0
0
0
0
0
0
0
0
0
0
0
0
0
0
0
3.950842381
0
2.463943005
0
0
0
-0.1
6.6
0
0
0
0
0
0
0
0
0
0
0
0
0
0
0
0
0
0
0
0
10.91128063
0
0
0
0
0
0
0
0
0
0
0
0
0
0
2.148867607
0
0
0
0
0
0
0
0
0
0
0
0
11.37346649
11.37346649
0
12.38539505
0
8.256930351
0
0
1.366325974
1.366325974
2.732651949
1.366325974
0
6.34864521
0
6.34864521
3.174322605
7.513181686
0
0
3.756590843
7.513181686
0
0
0
0
0
0
1.934881687
1.934881687
1.934881687
0
0
0
0
1.743587732
3.487175465
3.184932232
0
0
0
9.554796219
0
0
8.55225563
12.82838345
0
0
6.922588825
0
10.38388252
13.84517765
3.461294413
0
5.6935606
17.08068085
0
0
1.62899518
8.144975662
0
4.886985302
1.62899518
0
0
0
0
11.21761131
0
0
0
0
4.799278736
0
0
7.339772701
0
0
0
0
5.631523609
0
0
0
0
14.81492615
22.22238922
0
4.126190186
8.252380371
4.126190186
4.126190186
0
0
0
0
4.350964546
4.350964546
4.561726093
0
0
9.123452187
9.123452187
4.561726093
7.566022396
22.69806671
0
0
7.566022396
0
0
0
0
0
0
15.42519188
0
0
0
23.89829445
11.94914722
0
0
11.94914722
8.171430588
0
0
16.34286118
8.171430588
0
28.21828461
0
0
0
16.84743881
8.423719406
16.84743881
0
0
0
21.62409973
0
0
0
0
0
0
4.562768459
13.68830585
0
0
0
0
0
0
0
0
0
0
0
0
0
0
0
7.46283865
0
0
0
0
0
0
0
0
0
0
0
0
0
0
0
0
0
0
0
0
18.96317863
18.96317863
0
0
0
0
13.61953449
0
0
0
0
0
0
0
0
0
0
0
0
0
0
0
0
0
0
0
0
0
0
11.14558125
5.572790623
0
17.6926651
0
0
17.6926651
19.7205143
49.30128479
0
9.860257149
9.860257149
0
0
0
4.690643787
4.690643787
5.498386383
5.498386383
0
0
10.99677277
3.328213453
0
0
0
9.984640121
5.032146454
10.06429291
5.032146454
10.06429291
0
20.3489418
20.3489418
10.1744709
20.3489418
10.1744709
8.904064178
4.452032089
0
8.904064178
8.904064178
0
0
2.530890226
2.530890226
0
0
0
0
7.657258987
7.657258987
0
0
5.624167442
0
2.812083721
0
0
0
0
4.04911232
0
3.311441422
3.311441422
0
0
0
2.231492519
0
0.743830919
0
0
0
0.995959222
0
0
1.991918445
2.231321573
0
2.231321573
0
0
3.25499177
3.25499177
3.25499177
0
0
0
0
0
0
0
0
0
0
0
0
0
0.808084965
0
0
0
0
-0.1
6.6
0
0
0
0
0
0
0
0
0
0
0
0
0
0
0
0
0
0
0
0
0
5.917593956
5.917593956
0
0
0
0
0
0
0
0
0
0
0
0
0
0
2.430346727
2.430346727
0
0
0
0
5.037036419
0
0
0
0
0
0
0
5.220538139
0
0
0
10.44107628
1.075569391
2.151138783
0
3.948151827
3.948151827
1.974075913
5.922227859
5.922227859
0
0
2.094470501
8.377882004
0
0
0
2.349412918
2.349412918
2.349412918
1.813965678
0
1.813965678
0
1.813965678
5.295656681
0
2.647828341
0
0
5.944981575
0
8.917471886
0
2.972490788
2.972490788
0
0
0
0
5.377822399
0
2.813142061
0
2.813142061
0
0
0
4.649670601
0
0
0
0
8.974913597
0
2.991637707
1.787954211
3.575908422
1.787954211
0
0
10.2488203
0
0
0
0
6.082874775
0
0
15.20718765
6.082874775
10.32689667
0
0
0
0
5.589830399
0
3.726553679
0
1.863276839
0
5.258188725
2.629094362
5.258188725
0
0
4.046930313
4.046930313
0
0
1.254455686
6.528835297
1.911836982
5.017822742
1.254455686
0
7.663571835
3.831785917
3.831785917
0
0
12.01272106
0
8.008481026
12.01272106
0
0
0
0
0
7.042055607
7.435618877
0
7.435618877
0
0
0
0
0
0
0
0
0
0
4.78635788
0
0
0
17.11580849
17.11580849
8.557904243
0
0
0
0
0
17.06707573
0
0
0
5.689025402
0
0
0
0
0
0
0
0
0
0
0
0
0
0
0
0
0
0
0
0
0
0
0
0
0
0
0
0
0
0
0
0
0
0
0
0
0
0
0
0
0
0
0
0
32.43401337
0
0
0
0
0
0
0
0
12.44142437
12.44142437
0
0
0
0
0
8.659478188
0
0
0
0
7.006776333
14.01355267
11.84245682
11.84245682
11.84245682
0
0
0
14.68498993
0
0
0
0
5.915243149
11.8304863
11.8304863
0
7.941446781
0
3.970723391
0
0
2.898176908
0
0
5.796353817
0
0
9.555084229
4.777542114
0
0
0
0
2.585585594
0
2.585585594
6.157352448
6.157352448
0
6.157352448
3.078676224
0
6.129986286
0
0
0
0
0
0
0
3.159367085
0
0
0
0
0
0
0
0
2.228345394
2.228345394
4.456690788
0
0
9.079566956
0
4.539783478
2.711669445
0
0
0
0
0
0
6.976180553
0
0
0
0
0
0
0
0
0
0
3.724253654
0
0
0
0
0
0
0
0
0
0
0
0
0
0
0
0
0
-0.1
6.6
0
3.347522736
0
0
0
0
0
0
0
0
0
0
0
0
0
2.304316998
0
0
0
0
0
0
4.374844551
0
0
0
0
0
0
2.33518815
4.670376301
3.983524561
0
0
0
0
0
0
0
0
8.255448341
0
0
8.83821106
5.892140388
0
0
0
0
0
0
0
0
0
0
8.832979202
0
0
3.305589676
0
0
0
0
5.835812092
6.797542095
0
6.797542095
0
13.59508419
0
0
3.359381914
0
0
9.814499855
5.608285904
2.453624964
2.453624964
4.907249928
0
4.825195789
3.216797113
1.608398557
0
0
13.2931118
19.93966675
0
0
6.646555901
0
0
10.77768898
0
0
0
0
0
1.878050327
0
0
0
9.043197632
4.521598816
0
3.991569519
3.991569519
11.97470856
0
3.991569519
2.002233505
4.00446701
4.00446701
6.006700516
0
4.236068249
0
0
0
12.70820427
0
0
0
0
7.931407928
12.02598381
2.004330635
2.004330635
0
0
0
4.696578979
4.696578979
0
4.696578979
0
3.846284151
0
7.692568302
3.846284151
3.185177565
3.185177565
0
0
0
5.885036945
11.77007389
0
11.77007389
0
0
16.738657
0
0
16.738657
25.10798454
35.14015961
0
0
0
0
0
17.14758301
0
0
0
2.835172653
8.50551796
5.670345306
2.835172653
0
0
10.06418037
0
10.06418037
0
0
0
7.841839314
7.841839314
0
0
0
8.164477348
24.493433
0
0
0
0
0
0
0
0
0
0
5.211855412
46.4287796
0
0
0
0
0
0
0
0
0
0
0
0
0
0
0
11.02757263
0
0
0
0
0
0
0
0
0
0
0
0
0
0
0
0
0
16.96296501
0
0
0
0
0
0
38.12962723
0
0
19.06481361
0
0
0
0
0
0
0
0
0
14.78873825
0
0
0
32.55198288
0
0
0
17.32618141
8.663090706
17.32618141
0
17.32618141
0
0
30.74372864
0
0
14.25704479
0
0
0
14.25704479
0
0
8.966243744
4.483121872
0
11.65129757
0
0
0
0
10.12147236
0
5.060736179
5.060736179
0
0
12.23069382
0
0
0
0
0
0
0
20.46603203
8.715785027
0
0
0
0
0
0
0
0
9.786649704
4.893324852
0
0
2.313673973
2.313673973
4.627347946
2.095487118
2.095487118
0
0
0
0
3.579742193
0
0
3.579742193
0
0
0
0
0
0
4.115233421
0
0
0
0
0
0
0
0
0
0
0
0
0
7.933954239
0
0
0
0
0
0
0
0
0
0
0
0
0
0
0
0
0
0
0
0
-0.1
6.6
0
0
0
0
0
0
0
0
0
0
0
0
0
0
0
0
0
0
0
0
2.518191814
0
0
0
2.518191814
5.252224445
0
0
0
0
2.626112223
0
0
0
5.772209644
0
1.114900351
1.114900351
0
0
0
4.423740387
4.423740387
0
0
0
9.318054199
0
9.318054199
0
0
1.732533574
0
1.732533574
0
0
0
0
0
0
0
0
3.10177803
3.10177803
0
0
0
6.981276512
0
0
9.057059288
9.057059288
9.057059288
0
18.62573814
9.312869072
4.656434536
0
9.312869072
16.6816349
8.340817451
0
0
16.6816349
3.136367321
3.136367321
3.136367321
0
6.272734642
9.40910244
0
0
0
0
0
0
0
7.709461212
15.41892242
0
11.8543539
7.90290308
0
5.268602371
0
0
5.042330742
0
5.042330742
0
0
6.896393299
6.896393299
3.44819665
0
8.248588562
0
8.248588562
0
0
2.145368099
2.145368099
2.145368099
6.436104774
6.436104774
0
0
0
0
8.275770187
2.555103302
0
2.555103302
5.110206604
2.555103302
0
4.935721397
14.80716324
0
9.871442795
0
4.697290897
14.09187317
0
0
0
2.423176527
0
2.423176527
0
4.846353054
0
6.550324917
13.10064983
0
26.20129967
0
18.66839409
0
6.222797871
0
0
0
12.63096809
0
0
0
0
0
0
39.97466278
0
0
0
0
0
0
0
11.13510895
0
0
0
26.32246399
0
0
0
0
0
0
0
32.41378784
6.323514462
6.323514462
0
0
0
0
0
0
0
0
0
0
0
0
0
0
0
0
0
0
0
0
0
0
0
0
0
0
0
0
0
0
0
20.92385483
0
0
0
0
0
0
0
0
0
16.13401031
0
0
0
0
0
0
0
0
0
0
0
0
6.772044659
0
0
0
0
0
17.85438156
0
0
0
0
0
0
0
0
0
6.407062531
0
0
6.407062531
12.81412506
0
0
10.01146889
0
10.01146889
0
0
11.17956924
0
0
0
27.08439445
18.05626297
0
0
10.82336617
0
10.82336617
10.82336617
0
5.558676243
2.779338121
2.779338121
5.558676243
2.779338121
13.60789967
6.803949833
0
0
6.803949833
0
8.736606598
0
17.4732132
8.736606598
8.736606598
0
3.099405289
3.099405289
0
3.099405289
0
0
0
8.382827759
8.382827759
0
0
0
0
0
4.84360075
4.84360075
0
0
0
2.596086264
0
0
0
2.596086264
0
8.738535881
0
0
0
0
0
0
0
0
0
0
0
0
0
0
0
0
0
0
0
0
0
0
0
0
0
0
0
0
0
0
0
0
0
0
-0.1
6.6
0
0
2.41069603
0
4.821392059
0
0
0
0
0
0
0
0
0
0
0
0
0
0
0
0
0
0
0
0
0
0
0
0
0
0
0
0
0
0
0
0
0
0
0
0
0
0
0
0
0
0
0
0
0
0
0
0
0
0
0
0
0
5.538226128
5.538226128
7.343230724
0
0
0
14.68646145
4.772373199
0
0
0
0
5.190538406
10.38107681
10.38107681
31.14323235
0
0
18.80445862
12.53630638
7.163603783
12.53630638
4.780487061
0
4.780487061
14.34146214
0
0
30.65604401
7.664011002
7.664011002
7.664011002
0
2.45136714
7.354101181
0
0
4.90273428
7.002018452
1.750504613
3.501009226
3.501009226
3.501009226
0
0
0
6.271906376
9.407859802
0
4.348594189
0
0
0
0
1.088808179
0
2.177616358
1.088808179
0
2.774559259
5.549118519
0
0
5.447464466
5.447464466
0
0
0
15.54880142
7.774400711
0
7.774400711
0
0
11.62490368
0
0
17.43735504
23.57032967
7.856776237
0
0
0
6.499577999
32.49789047
6.499577999
0
0
8.105999947
0
0
0
0
0
0
0
0
0
14.37566757
12.31998634
6.159993172
0
12.31998634
12.31998634
0
18.48293495
0
0
9.241467476
0
0
0
17.45771027
0
0
0
0
0
0
0
8.482491493
8.482491493
0
0
6.343569756
0
0
0
0
0
0
0
9.902521133
4.951260567
0
0
0
0
0
22.60287666
0
0
0
0
0
6.320949078
6.320949078
12.64189816
3.160474539
0
0
0
0
0
0
0
0
0
0
0
0
0
0
0
0
0
13.81400299
0
0
0
0
0
0
0
0
0
0
0
0
0
0
11.17273331
0
0
11.17273331
0
0
0
8.775504112
4.387752056
0
0
5.551028728
5.551028728
0
11.10205746
0
7.689099789
7.689099789
0
0
0
0
0
0
24.23712158
0
0
59.63390732
0
0
15.14618874
15.14618874
0
15.14618874
15.14618874
12.85929775
6.429648876
0
0
0
0
0
7.365828991
14.73165798
0
23.38513184
0
0
0
0
0
0
14.21646881
0
0
0
16.98709488
0
0
0
0
0
0
0
11.26311398
11.26311398
4.615319729
4.615319729
4.615319729
4.615319729
0
0
0
5.582240582
0
0
0
0
0
0
0
0
0
0
0
0
0
0
9.016677856
4.508338928
0
0
5.319035053
0
0
5.319035053
0
0
0
4.947757244
0
0
0
1.670360208
0
0
4.663379669
4.663379669
0
2.331689835
4.663379669
0
3.277584553
1.638792276
0
0
0
0
0
0
0
0
0
0
0
0
0
-0.1
6.6
0
0
0
0
0
0
0
0
0
0
0
0
0
0
0
0
0
0
1.781129122
0
5.498875141
5.498875141
0
0
0
0
0
0
0
0
10.35232162
4.725077629
0
0
0
0
0
0
0
0
0
0
0
1.365156651
0
0
0
0
0
0
0
0
0
0
4.878015518
4.878015518
2.445197821
0
1.22259891
2.853547335
0
4.280320644
4.280320644
0
6.641562462
0
0
6.641562462
3.320781231
5.928004742
0
2.964002371
0
0
0
0
0
0
8.045744896
2.913957596
2.913957596
0
5.827915192
2.913957596
3.966771603
3.966771603
0
0
11.90031528
0
4.315364838
0
12.94609451
4.315364838
0
0
5.170831203
10.34166241
10.34166241
0
0
4.784599304
0
9.569198608
9.569198608
13.31498718
0
19.97248077
6.657493591
13.31498718
8.368606567
0
0
0
16.73721313
0
0
0
0
0
-0.1
6.6
0
0
0
0
0
0
0
0
0
0
0
0
0
0
0
0
0
0
0
0
0
0
0
0
11.16950893
0
0
0
0
0
0
0
0
0
0
0
0
0
0
0
0
0
0
0
0
0
0
0
0
0
4.063714981
0
0
0
10.059659
5.029829502
4.174666405
0
2.087333202
2.319049835
0
0
4.63809967
4.63809967
0
0
0
4.776050568
2.388025284
10.654603
10.654603
0
0
0
1.282342434
2.564684868
2.564684868
1.282342434
0
0
3.406489134
6.812978268
6.812978268
0
0
0
0
0
3.828442335
0
0
0
0
3.119969368
4.679954052
4.53742981
0
0
0
6.806144714
0
0
0
3.08567667
3.08567667
5.580096245
0
0
0
8.370144844
0
0
2.815123796
0
2.815123796
0
0
2.246580362
4.493160725
2.246580362
2.988642693
2.988642693
2.988642693
2.988642693
5.977285385
10.46680546
0
5.233402729
0
10.46680546
22.55571365
0
22.55571365
0
0
5.967910767
17.9037323
0
0
0
0
0
0
0
4.53051424
0
3.118176699
0
6.236353397
0
0
0
7.575650692
0
0
0
7.516113281
0
15.03222656
37.58056641
0
0
0
0
0
22.026577
11.52185917
5.760929585
5.760929585
5.760929585
5.760929585
3.999423504
0
0
0
0
0
0
8.540376663
4.270188332
12.8105669
9.072733879
0
9.072733879
0
9.072733879
0
0
7.713858128
7.713858128
7.713858128
6.612145424
13.22429085
6.612145424
6.612145424
0
9.17199707
9.17199707
0
0
9.17199707
0
0
0
0
17.58198547
4.630434036
0
0
0
0
0
0
0
0
0
0
0
0
0
0
0
0
0
16.67080879
0
0
0.318963706
1.526059628
2.333349705
4.327895164
9.540881157
27.81051636
0
0
0
0
0
0
0
9.277677536
0
9.277677536
0
0
11.09691334
33.29073715
0
0
0
12.99673939
0
12.99673939
0
0
19.03703117
0
0
8.907548904
0
8.907548904
0
0
8.771464348
17.5429287
17.5429287
0
17.5429287
5.680142403
0
0
0
5.680142403
17.52527809
0
0
17.52527809
0
6.030283928
0
18.09085274
6.030283928
0
5.399095535
10.79819107
0
0
10.79819107
9.128643036
0
4.564321518
0
0
0
6.228739262
3.114369631
6.228739262
0
0
0
3.873455286
3.873455286
0
3.873455286
2.59569931
2.59569931
0
0
2.59569931
2.706019163
2.706019163
0
0
0
0
0
0
0
3.903282404
0
0
0
3.993314028
0
0
0
0
0
0
0
2.506150484
0
0
0
0
0
0
0
0
0
0
0
0
0
0
4.292488098
0
0
0
0
0
0
0
0
0
0
0
0
0
0
0
0
3.772703171
0
0
