19790101
-99
-99
-99
-99
-99
-99
-99
-99
-99
-99
-99
-99
-99
-99
-99
-99
-99
-99
-99
-99
-99
-99
-99
-99
-99
-99
-99
-99
-99
-99
-99
-99
-99
-99
-99
-99
-99
-99
-99
-99
-99
-99
-99
-99
-99
-99
-99
-99
-99
-99
-99
-99
-99
-99
-99
-99
-99
-99
-99
-99
-99
-99
-99
-99
-99
-99
-99
-99
-99
-99
-99
-99
-99
-99
-99
-99
-99
-99
-99
-99
-99
-99
-99
-99
-99
-99
-99
-99
-99
-99
-99
-99
-99
-99
-99
-99
-99
-99
-99
-99
-99
-99
-99
-99
-99
-99
-99
-99
-99
-99
-99
-99
-99
-99
-99
-99
-99
-99
-99
-99
-99
-99
-99
-99
-99
-99
-99
-99
-99
-99
-99
-99
-99
-99
-99
-99
-99
-99
-99
-99
-99
-99
-99
-99
-99
-99
-99
-99
-99
-99
-99
-99
-99
-99
-99
-99
-99
-99
-99
-99
-99
-99
-99
-99
-99
-99
-99
-99
-99
-99
-99
-99
-99
-99
-99
-99
-99
-99
-99
-99
-99
-99
-99
-99
-99
-99
-99
-99
-99
-99
-99
-99
-99
-99
-99
-99
-99
-99
-99
-99
-99
-99
-99
-99
-99
-99
-99
-99
-99
-99
-99
-99
-99
-99
-99
-99
-99
-99
-99
-99
-99
-99
-99
-99
-99
-99
-99
-99
-99
-99
-99
-99
-99
-99
-99
-99
-99
-99
-99
-99
-99
-99
-99
-99
-99
-99
-99
-99
-99
-99
-99
-99
-99
-99
-99
-99
-99
-99
-99
-99
-99
-99
-99
-99
-99
-99
-99
-99
-99
-99
-99
-99
-99
-99
-99
-99
-99
-99
-99
-99
-99
-99
-99
-99
-99
-99
-99
-99
-99
-99
-99
-99
-99
-99
-99
-99
-99
-99
-99
-99
-99
-99
-99
-99
-99
-99
-99
-99
-99
-99
-99
-99
-99
-99
-99
-99
-99
-99
-99
-99
-99
-99
-99
-99
-99
-99
-99
-99
-99
-99
-99
-99
-99
-99
-99
-99
-99
-99
-99
-99
-99
-99
-99
-99
-99
-99
-99
-99
-99
-99
-99
-99
-99
-99
-99
-99
-99
-99
-99
-99
-99
-99
-99
-99
-99
-99
-99
-99
-99
-99
-99
-99
-99
-99
-99
-99
-99
-99
-99
-99
-99
-99
-99
-99
-99
-99
-99
-99
-99
-99
-99
-99
-99
-99
-99
-99
-99
-99
-99
-99
-99
-99
-99
-99
-99
-99
-99
-99
-99
-99
-99
-99
-99
-99
-99
-99
-99
-99
-99
-99
-99
-99
-99
-99
-99
-99
-99
-99
-99
-99
-99
-99
-99
-99
-99
-99
-99
-99
-99
-99
-99
-99
-99
-99
-99
-99
-99
-99
-99
-99
-99
-99
-99
-99
-99
-99
-99
-99
-99
-99
-99
-99
-99
-99
-99
-99
-99
-99
-99
-99
-99
-99
-99
-99
-99
-99
-99
-99
-99
-99
-99
-99
-99
-99
-99
-99
-99
-99
-99
-99
-99
-99
-99
-99
-99
-99
-99
-99
-99
-99
-99
-99
-99
-99
-99
-99
-99
-99
-99
-99
-99
-99
-99
-99
-99
-99
-99
-99
-99
-99
-99
-99
-99
-99
-99
-99
-99
-99
-99
-99
-99
-99
-99
-99
-99
-99
-99
-99
-99
-99
-99
-99
-99
-99
-99
-99
-99
-99
-99
-99
-99
-99
-99
-99
-99
-99
-99
-99
-99
-99
-99
-99
-99
-99
-99
-99
-99
-99
-99
-99
-99
-99
-99
-99
-99
-99
-99
-99
-99
-99
-99
-99
-99
-99
-99
-99
-99
-99
-99
-99
-99
-99
-99
-99
-99
-99
-99
-99
-99
-99
-99
-99
-99
-99
-99
-99
-99
-99
-99
-99
-99
-99
-99
-99
-99
-99
-99
-99
-99
-99
-99
-99
-99
-99
-99
-99
-99
-99
-99
-99
-99
-99
-99
-99
-99
-99
-99
-99
-99
-99
-99
-99
-99
-99
-99
-99
-99
-99
-99
-99
-99
-99
-99
-99
-99
-99
-99
-99
-99
-99
-99
-99
-99
-99
-99
-99
-99
-99
-99
-99
-99
-99
-99
-99
-99
-99
-99
-99
-99
-99
-99
-99
-99
-99
-99
-99
-99
-99
-99
-99
-99
-99
-99
-99
-99
-99
-99
-99
-99
-99
-99
-99
-99
-99
-99
-99
-99
-99
-99
-99
-99
-99
-99
-99
-99
-99
-99
-99
-99
-99
-99
-99
-99
-99
-99
-99
-99
-99
-99
-99
-99
0.897656679
0
0
0
0
0
0
0
0
0
0
0
0
0
0
0
0
0
0
0
0
0
0
0
0
2.717444181
0
0
0
0
0
0
0
0
1.238095045
0
0
0
1.830837965
0
0.915418983
0
0
0.685750604
0
2.605852604
0
0
1.492347956
0.644423008
16.1444912
0
4.120553017
3.347949743
0
2.317811489
0
2.399198532
0
0
0
1.004783034
27.74636459
1.30621779
0.920068502
2.066615582
1.217321396
6.850971699
3.651963949
4.173111439
13.65071297
6.491506577
0.778980851
38.91194916
24.45079422
0
1.660552979
1.482636571
3.295689344
0.493577212
0
2.796937466
5.539032936
2.796937227
3.754934788
1.159612417
6.792015553
8.006848335
0
0
21.43546104
3.986521244
0
0
0
13.15687656
0.92799288
0
1.680698156
2.484958649
7.481163979
0
0
0
0
0
0
1.52445507
2.581410646
1.422824621
0
4.839109421
1.462176919
0.583130121
0.539612949
2.353847265
3.502065659
0
12.3289938
11.26689243
12.25139046
40.72907257
26.57190323
10.29116726
16.55298996
3.499167919
6.424399376
5.498692989
4.239732265
10.62710381
3.864227533
5.606917858
0
0
3.485381603
2.52957201
6.11882925
8.409115791
10.83613873
6.768313885
11.45161533
18.02855682
14.00501728
3.211095333
15.08827782
10.644557
8.457317352
0
6.816890717
4.265113354
5.17646265
0
0
11.42847061
0
6.495817184
5.157595158
8.69914341
5.157595158
0
4.985675335
14.95509434
0
7.591882706
9.466983795
0
0
6.573813915
6.166134834
15.74658012
12.45967197
19.68132591
9.263920784
8.903456688
13.91390419
10.27321911
0
12.03490257
14.33490849
10.00234127
0
0
0
0
21.34276009
0
9.070832253
0
22.22550011
10.15069199
0
0
0
0
24.09471321
0
10.71110058
0
0
0
0
0
0
7.680187702
5.315443516
0
0
11.0212698
0
0
10.93130112
0
0
0
6.822422504
6.023544312
7.157951832
7.000630379
0
8.464946747
0
8.324533463
0
6.402060032
7.195235252
0
0
0
0
14.87755871
11.24218178
0
0
0
0
0
0
0
0
0
0
0
15.94841099
12.83749199
10.00463772
14.30770588
0
9.46675396
23.31902885
10.98977661
29.04223824
17.86980247
14.06447887
10.410532
0
14.36775112
0
46.93870544
3.468321085
0.616385937
1.363869071
0.968277931
0.758982658
0.991738319
4.753504753
0
1.720153213
1.169567227
0
0
0
0
0
3.432640791
0
4.035792351
1.853803515
1.969111562
8.477684975
0
8.477684975
0
0
0
7.243152618
0
8.641687393
0
0
0
0
0
0
0
5.467310905
5.444242001
5.098209858
4.867521763
7.922877312
4.733146667
8.437350273
4.938936234
0
9.157611847
2.883780003
0
0
1.27642715
0
0
0
0
5.239220619
0
0
0
0
0
0
0
0
0
0
0
0
0
0
0
0
0
2.30351305
0
0
0
0
0
0
0
0
0
0
0
0
0
0
0
16.27948761
0
0
0
0
0
0
0
0
0
0
0
0
0
0
0
0
0
0
0
0
0
1.46384263
0
0
0
0
0
0
0
0
0
0
0
0.349802881
0
0.253607124
0
0
0.739028633
0
0
0
0
0
0
0
0
0
0
0
0
0
1.518879414
0.650948286
0
0
0
0
0
0
0
0
7.708441734
0
0.831048012
0
4.726585388
17.58185959
0
3.859264851
27.33645821
0
0
0
0
3.686307669
2.106461763
1.104037523
0
4.048137188
0
0
0
0
0
0.18220365
1.613803744
1.167991638
0
8.225644112
0
1.391649604
2.600563765
1.404304624
7.87970829
31.02472687
1.274276137
0.28948471
3.444867849
2.952744484
0
0
0
0.426250905
0.468876034
0
2.301754951
1.065627337
0
0
0
2.88851738
8.40295887
2.463436365
0
7.676754951
10.36934853
16.72845078
18.2314949
0.990842104
0
0.924785912
0
0
0
3.490295649
1.674830437
7.006161213
0
16.61649895
4.747571468
2.373785734
2.373785734
4.320918083
0
0
9.876385689
9.876385689
6.115543365
6.115543365
6.115543365
0
6.115543365
5.946408749
17.83922577
5.203107357
10.40621471
0
0
12.02719975
0
0
0
0
0
0
14.67504025
0
0
0
6.779339314
0
5.931921005
3.070352793
5.117254257
0
5.193065166
4.776103497
3.714748144
29.98021698
29.98021698
0
14.99010849
0
2.256660461
0
0
3.390389681
5.031597137
0
0
0
0
0
4.656478405
6.503013134
9.152388573
5.619887829
0
14.39774799
0
0
0
16.45456886
13.89855862
13.89855862
0
13.89855862
0
0
0
10.01657963
8.501876831
10.2608881
0
0
0
0
0
32.0138588
0
0
12.19575596
0
0
0
0
0
0
5.721278667
0
0
0
0
0
0
0
0
0
0
0
0
0
0
0
0
0
0
0
0
0
13.61461258
13.61461258
0
0
13.98092747
15.97820282
0
0
0
0
0
0
0
0
0
0
0
0
0
0
0
0
0
0
0
0
0
0
0
0
6.236637115
4.000050068
4.22944355
5.749175072
2.709710836
0
0
0
0
0
0
0
0
0
0
0
0
0
0
25.72319603
0
0
27.72139549
0
0
5.56060791
17.36211014
8.119078636
0
8.311333656
14.17942429
0
0
3.119201183
3.895596266
14.34022617
0
0
12.54769707
0
0
10.82309723
0
5.411548615
10.82309723
20.7733345
0
0
0
9.08833313
0
4.35988903
0
0
8.719778061
0
0
0
4.077284813
0
0
0
0
0
4.964576721
0
0
7.316735744
7.316735744
0
0
0
0
0
0
0
0
0
0
0
4.747020721
0
4.04320097
0
0
0
0
0
0
0
0
0
0
0
0
0
0
4.680383205
0
0
0
0
0
0
0
0
0
0
0
0
0
0
-0.6
6.8
0
0
0
0
0
0
0
0
0
0
0
0
0
0
0
0
0
0
0
0
0
0
0
0
0
0
0
0
0
0
0
0
0
0
0
0
0
0
0
0
0
0
0
0
0
0
2.096238852
0
2.395701408
4.192477703
4.192477703
4.361279964
0
0
0
0
0
0
0
0
2.938133955
0
0
0
2.768757105
0
0
0
0
0
0
0
0
0
0
2.812039137
0
0
0
11.11306763
0
0
0
0
0.274546832
6.863670349
11.09169102
0.604002953
3.569108486
2.525830984
4.562954903
5.21480608
4.562954903
0
0
1.606553555
14.21799946
1.365570545
1.204915166
0
6.078481197
0
0
0
0
8.0679636
12.10194492
8.0679636
12.10194492
8.0679636
0
0
6.509530544
0
0
8.834767342
8.834767342
4.417383671
0
0
3.150512695
0
0
3.150512695
3.150512695
4.00203371
0
0
2.001016855
2.001016855
0
0
0
8.765821457
20.03616524
12.08377457
5.500200748
5.708542347
7.166929245
0
3.364519596
0
0
6.729039192
3.364519596
5.414654732
0
24.75270653
0
6.188176632
6.188176632
14.59453011
21.8917942
36.48632813
0
7.297265053
0
8.623764038
4.35144043
21.16382599
39.36075974
14.87339783
15.45590591
0
15.9219141
14.32972145
0
3.928551912
2.8947227
4.055793285
12.24690437
0
0
0
0
0
0
0
0
0
0
0
0
0
0
27.59217072
0
0
0
0
0
0
0
19.09900475
0
0
0
0
0
0
0
0
0
0
0
0
0
0
0
0
0
0
0
0
0
0
0
0
0
0
0
0
0
0
0
0
0
0
0
0
0
0
0
0
0
0
7.111880779
0
0
0
26.51358795
0
0
0
12.48667049
0
0
18.73000526
0
0
0
0
0
6.993536472
0
15.98522854
0
0
19.91781425
0
0
21.59090996
0
0
25.18117905
0
0
0
0
0
14.26629543
0
0
0
0
0
8.643219948
6.627960682
0
0
0
0
0
0
0
15.32330894
0
0
0
4.297604084
4.297604084
0
8.595208168
0
0
0
0
0
0
0
0
12.86466885
0
0
0
0
0
0
0
4.215447903
0
0
0
0
0
0
0
0
11.91250801
0
0
0
0
7.602226734
0
0
9.315927505
4.657963753
0
0
7.262958527
3.631479263
0
0
0
0
7.105696678
0
0
0
0
0
0
2.948111773
7.413738728
3.706869364
0
0
0
0
0
2.86352849
2.86352849
0
3.425910711
3.425910711
0
0
0
0
0
0
0
0
0
-0.6
6.8
0
0
0
0
0
0
0
0
0
0
0
0
0
0
0
0
0
0
0
0
0
0
0
0
0
0
0
0
0
0
2.916515589
0
0
0
0
0
0
0
0
0
0
0
0
0
0
0
0
0
0
0
0
0
0
0
0
4.942149162
2.795483828
0
2.446048021
0
9.331747055
0
2.598714352
1.417480588
0
0
0
0.283935994
8.857689857
0.133616939
2.696512222
2.063810825
0
1.009308815
32.20750046
5.277622223
10.7437315
0
7.633703232
11.5919199
0
2.482175112
24.58250427
0
0
0
6.838719845
0
0
2.991940022
0
0
0
23.3868618
6.456537247
0.454782814
4.573437691
0
0
10.45357323
4.573437691
4.379292011
0
11.49564075
0
0
0
4.490207195
0
6.352001667
0.985655487
13.69291401
9.128608704
4.564304352
0
9.128608704
0
0
0
3.395010948
2.698598385
0
3.325282097
0
3.962038279
0
0
0
0
0
12.07149124
0
3.77799964
30.22399139
0
0
38.74988556
29.51299286
0
0
0
0
2.77277565
3.402951717
0
4.663304329
0
0
0
0
0
30.37239075
0
0
0
0
12.36723232
0
13.94284916
11.16339207
8.566194534
0
2.203022242
3.380210161
7.253717422
0
1.995613098
28.48836899
9.49612236
9.49612236
9.49612236
28.48836899
19.03547859
0
0
0
0
4.085862637
8.797644615
0
0
3.964155674
6.28823328
6.28823328
6.28823328
6.28823328
12.57646656
3.856303692
0
3.588342905
3.518440008
10.12425232
0
0
7.833287239
15.66657448
0
6.75639677
0
6.75639677
6.75639677
6.75639677
21.52581406
10.76290703
12.30046654
10.76290703
21.52581406
0
2.030690193
2.071508169
0
6.561477184
2.673572063
29.2286129
17.92949867
0
10.67138767
0
0
0
0
0
18.64188004
0
0
6.06985569
0
9.146076202
12.18253803
0
0
0
0
26.05177498
0
0
0
0
8.265920639
10.69598961
5.081055164
6.277680397
9.05753231
0
0
0
7.17893219
0
6.737673759
0
1.597338915
3.56956315
0
4.194372177
7.194138527
7.194138527
7.194138527
14.38827705
0
0
48.99655533
3.96849966
8.458003044
0
15.81250095
0
15.81250095
0
0
5.960054874
5.960054874
0
5.960054874
0
6.543060303
11.04711914
6.710441113
3.484559536
9.495044708
5.053527355
0
0
10.10705471
0
0
10.76762295
0
10.76762295
5.383811474
11.69996262
0
10.23746777
0
0
0
6.710690498
0
13.421381
0
0
0
6.648293018
13.29658604
0
6.648293018
1.311564445
0
0
0
0
0
0
0
0
3.503892183
2.162559748
0
4.325119495
0
2.162559748
0
5.791994572
5.791994572
0
6.619422913
0
0
0
3.541398048
0
1.980241656
0
1.760214806
0
0
4.641620159
0
2.32081008
0
2.32081008
0
0
0
0
0
0
0
0
0
0
0
0
0
0
0
0
0
0
0
0
0
0
0
0
0
0
-0.6
6.8
0
0
0
0
0
0
0
0
0
0
0
1.741837144
0
0
0
1.632931113
0
0
0
0
0
0
0
0
0
0
0
1.965774417
0
1.965774417
0
0
0
0
0
0
0
4.497641087
0
0
0
0
0
0
0
0
0
0
0
0
0
0
0
0
0
1.895309329
9.799194336
0
0
0
0
0
0
7.304757595
5.889302731
0
0
0
11.77860546
0
0
9.538962364
14.30844402
0
17.74573898
0
0
0
0
2.988804579
0
2.988804579
3.41577673
8.966412544
5.664413452
5.664413452
11.3288269
0
0
11.3288269
14.41678143
2.144178867
1.523495436
7.50462532
20.39791298
0
0
6.854064941
6.854064941
0
0
8.249362946
9.506408691
7.188730717
0
7.124794483
8.142621994
0
0
0
0
0
6.208909988
0
2.365299225
10.80450058
3.601499796
8.232000351
0
4.116000175
8.316637993
12.47495747
4.158318996
0
4.158318996
6.369648457
5.573441982
6.369648457
5.573441982
0
0
0
9.056372643
0
0
2.355910301
1.441262722
28.61275864
2.725464821
1.154857993
7.489942074
0
0
6.55369854
0
0
0
6.492978573
7.420547485
0
0
20.43957901
0
0
0
0
9.920613289
9.920613289
9.920613289
0
0
15.19365788
13.29444981
0
0
13.29444981
0
0
0
0
36.81787109
18.4689045
0
0
9.234452248
18.4689045
11.05405617
5.527028084
5.527028084
0
0
30.31725883
15.15862942
0
7.579314709
0
5.663542747
22.65417099
16.9906292
0
16.9906292
0
0
9.318048477
27.95414352
0
0
0
7.922242641
7.922242641
0
0
0
0
0
0
7.266458035
4.052447319
9.95256424
12.65419579
0
8.22910881
0
8.878778458
0
7.53908205
16.57547379
3.814725161
6.164975643
3.932828665
8.916772842
12.44805241
0
0
13.50769043
0
0
14.08794117
0
14.08794117
14.08794117
14.08794117
0
0
7.215340137
7.215340137
7.215340137
8.40995121
8.40995121
0
0
0
0
26.14476776
12.12739182
9.44991684
0
10.90677834
11.33114147
0
0
22.66228294
0
0
11.97403145
24.86631203
14.3614912
0
5.388801098
6.273063183
2.247067451
17.27953148
8.135217667
8.288692474
5.18043232
0
22.66439247
32.79213715
7.781751633
6.81507349
15.70850372
5.751729012
0
9.969296455
4.984648228
0
0
5.696740627
5.015379906
0
0
0
4.308365822
0
14.44112682
0
0
0
14.90060902
0
0
0
0
0
0
0
0
0
0
6.016662598
12.0333252
12.0333252
6.016662598
13.7523737
0
0
3.009481192
0
0
7.284455299
7.284455299
0
0
3.64222765
3.86324048
3.86324048
0
0
0
0
0
1.898758769
4.34002018
0
0
0
0
10.6795969
0
0
4.467590809
0
0
0
4.006140709
0
4.578446388
0
0
0
0
0
0
0
0
0
0
0
0
0
0
0
0
0
0
0
0
0
0
0
0
0
0
0
0
-0.6
6.8
0
0
2.552550554
0
0
0
0
0
0
0
0
0
0
0
0
0
0
0
0
0
0
0
0
0
0
0
0
0
0.835518956
0
0
0
1.287757993
0
0
0.318550646
0
5.132016659
0
2.566008329
0
0
2.310437918
2.310437918
0
4.620875835
0
2.317384243
6.952152252
0
2.027711153
0
0.907835066
0
0
2.670102835
5.338302135
8.007452965
2.669151068
3.847779512
3.847779512
4.397462845
0
0
13.80340576
6.901702881
6.901702881
13.80340576
0
4.051390171
1.702063203
0
0
0
16.20253563
3.405045986
0.868401051
0
0
3.244096041
3.596715212
15.58576488
7.122907162
0
0
3.482976675
3.482976675
0
0
6.96595335
21.33903313
0
6.096866608
0
0
1.190786123
2.351039171
0
1.312918067
2.686902046
1.648552179
0
2.896105051
3.029771566
1.292108417
0
0
3.205702066
2.646909952
2.676320076
8.017086983
8.017086983
9.162384987
16.03417397
0
0
6.524502277
9.786754608
0
0
0
18.742733
7.140090466
0
12.49515629
0
4.175079346
8.350158691
8.350158691
0
9.554711342
0
0
4.598000526
3.945801973
8.334205627
21.87728882
7.292429924
0
0
12.75999355
6.379996777
6.379996777
0
6.379996777
0
6.099720001
0
12.19944
0
0
31.59197807
0
0
0
0
0
17.72022629
0
0
17.72022629
11.83953476
0
10.95845413
7.654396057
0
0
9.100139618
5.278868198
0
10.24257946
0
0
0
0
0
0
0
0
0
0
24.30899429
0
0
0
24.30899429
0
0
0
33.86998749
0
0
0
0
0
0
0
0
0
0
27.01111221
0
0
0
0
0
0
0
0
0
0
0
15.03620625
0
0
0
0
0
18.16762924
0
0
0
0
0
0
0
0
0
0
0
0
0
0
8.157691002
0
0
0
0
0
0
0
15.17617798
0
0
0
0
0
0
0
0
17.35269737
0
8.676348686
0
22.47662926
0
11.23831463
11.23831463
10.48848057
0
0
0
0
15.36287308
0
0
0
15.36287308
0
0
0
0
22.25214958
10.04191113
0
20.08382225
10.04191113
0
0
0
0
0
20.77042198
0
6.653680801
6.653680801
0
0
0
7.869772434
0
48.34289169
0
0
0
0
0
0
0
7.067101955
21.2013073
7.067101955
7.067101955
0
3.237082005
0
0
3.237082005
0
3.956136703
3.413137436
10.83412647
0
0
0
0
0
0
0
0
4.458875656
0
0
0
0
13.49044704
0
0
0
0
0
0
0
0
0
0
0
0
0
0
0
0
0
0
0
0
0
0
0
0
0
0
0
0
0
0
0
0
3.253167629
0
2.537230492
0
0
0
0
-0.6
6.8
0
0
0
0
0
0
0
1.025359035
0
0
0
0
0
0
0
0
0
1.372266531
1.372266531
1.372266531
0
0
0
0.756132305
0
0
0
2.231529951
2.231529951
0
0
0
0
0
3.160978794
3.160978794
0
0
0
0
0
3.542737246
0
0
3.542737246
4.048842907
6.116831779
0
0
0
9.542256355
0
0
5.245146751
7.86771965
5.994452953
2.937449932
5.874899864
3.357085943
0
0
0
0
0
0
2.14487505
0
0
2.14487505
0
0
0
8.522226334
8.522226334
9.142233849
0
1.999863505
2.285558462
2.285558462
6.353205681
3.17660284
3.630403519
0
6.353205681
6.767226696
0
6.767226696
2.255742311
4.511484623
4.511484623
3.715456486
7.430912971
12.7387085
4.246235847
0
0
6.429596424
3.214798212
0
0
0
5.678993225
5.363493919
6.257409573
0
0
11.55433273
5.777166367
8.66574955
2.888583183
0
0
0
7.805992126
0
0
4.152689457
12.45806885
4.152689457
0
3.002772808
0
6.863480568
9.008318901
9.008318901
4.296182156
2.148091078
2.148091078
0
0
0
0
8.825210571
0
0
0
0
10.80347538
0
0
0
0
0
0
0
0
10.62232876
0
21.24465752
5.311164379
0
5.148866177
5.148866177
0
0
5.148866177
1.307227612
0
1.337164044
6.615969181
0
3.342964649
0
1.760628104
0
7.187375069
0
7.767498016
10.46234703
18.0079155
9.257591248
8.698792458
0
8.698792458
9.941477776
0
6.975895405
13.30743027
6.499629021
5.60312891
6.41558218
0
0
0
0
0
0
0
0
15.04094982
0
9.630821228
0
0
9.630821228
11.00665474
10.20366573
0
20.40733147
0
0
0
0
0
23.0929718
0
0
0
10.79593849
0
10.79593849
0
0
7.744194508
11.61629105
11.61629105
0
0
10.1243124
10.1243124
0
20.2486248
0
11.41246605
11.41246605
34.23740005
0
0
23.37125969
0
0
11.68562984
0
18.01059723
9.005298615
36.02119446
0
6.476821423
0
0
12.95364285
0
0
0
8.698573112
17.39714622
0
17.39714622
0
0
12.33918095
24.67836189
12.33918095
0
9.439939499
0
9.439939499
18.879879
8.434607506
5.69569397
13.53894615
13.13433456
7.251894474
9.706459045
11.09309578
0
11.09309578
48.53229141
20.46160126
0
10.23080063
10.23080063
0
16.4865799
0
0
0
16.4865799
15.70955944
0
0
0
15.70955944
33.34522629
9.527208328
8.336306572
0
8.336306572
6.47897625
25.915905
6.47897625
0
0
7.856859684
7.856859684
0
0
0
0
0
0
0
0
0
0.220213503
0.44982633
0.342405111
0
0.358518302
0
1.91001749
6.93637991
0
0
0
0
0
0
0
0
0
0
0
0
0
0
0
4.231742382
0
0
0
0
0
0
0
9.908115387
0
0
0
0
0
0
0
0
0
0
3.933511972
0
0
0
0
0
0
0
0
0
0
0
0
0
0
0
0
1.92948246
0
-0.6
6.8
0
0
0
0
0
0
0
0
0
1.226431727
0
0
0
0
0
0
0
0
0
0
0
0
0
0
0
2.742611408
0
0
0
2.742611408
5.485222816
0
0
4.255348206
0
0
5.2722826
2.6361413
2.6361413
2.6361413
0
0
0
0
0
0
0
0
0
0
0
0
0
2.689321995
0
0
0
0
2.584635019
3.876952887
0
7.246402264
7.246402264
6.340601921
6.340601921
14.63949108
14.63949108
14.63949108
0
0
2.674684286
7.021046638
4.680697441
11.70174408
0
0
0
0
6.946527004
6.946527004
0
9.827428818
4.913714409
4.913714409
4.913714409
2.054987907
6.237493515
2.885042191
0
0
0.596349537
3.362413168
3.362413168
0
0
10.08723831
10.29237366
4.502913475
4.502913475
4.502913475
4.502913475
4.233025074
4.233025074
4.233025074
4.233025074
0
0.452505916
0
1.010596514
29.26204681
3.966968298
4.176992893
3.654868603
7.309737206
0
7.309737206
9.55252552
9.55252552
9.55252552
4.77626276
4.77626276
0
3.78700614
12.98402214
0
0
8.857913017
0
0
0
0
0
6.378176689
6.378176689
14.57869053
6.378176689
6.812479019
6.812479019
13.62495804
6.812479019
0
0
7.204379559
14.40875912
7.204379559
0
0
2.561946154
2.146495819
11.3002615
2.506552935
3.268212795
7.938461304
7.938461304
0
15.87692261
0
0
9.775773048
0
0
0
0
0
15.38273144
15.61818123
10.43828201
16.14550972
16.14550972
0
0
16.14550972
0
0
0
0
36.86804581
0
0
0
14.03005886
14.03005886
6.792174339
11.8863039
17.82945442
0
0
0
0
8.841304779
35.36521912
35.36521912
0
23.59676743
11.79838371
0
0
0
0
4.035041809
4.944675446
0
0
0
1.406912208
0
1.488868475
0
0
0
0
0
0
0
0
0
0
18.98468971
0
0
0
0
0
0
0
0
0
0
0
0
0
0
0
0
0
0
14.75379753
0
0
0
16.32481956
0
0
0
0
14.05543137
0
0
0
8.796291351
8.796291351
0
0
0
2.890861034
4.342831135
6.723540306
4.748336792
5.428539276
35.58039856
0
11.86013412
0
11.86013412
0
26.84910583
8.949702263
17.89940453
26.84910583
9.585364342
0
9.585364342
0
0
0
4.742046833
9.484093666
4.742046833
4.742046833
0
9.207011223
18.41402245
0
0
0
11.24787521
0
0
0
0
4.270856857
4.000859737
0
3.23996067
0
13.79056835
13.79056835
0
0
0
4.767213345
9.534426689
4.767213345
4.767213345
0
5.793271065
0
3.305135727
0
0
0
0
0
0
0
0
0.521820605
0
0
0.626184762
1.824681401
0
0
1.791505456
0
4.519985199
0
0
0
0
0
0
0
0
0
0
0
0
0
0
0
4.461927891
8.923855782
0
4.461927891
0
0
0
0
0
0
0
0
0
1.72511518
0
0
0
0
0
0
0
0
0
0
0
-0.6
6.8
0
0
0
0
0
0
0
0
0
0
0
0
0
0
0
0
0
0
0
0
0
0
0
0
0
0
0
0
0
0
0
0
0
0
0
0
0
0
0
0
0
0
3.688391447
3.688391447
0
0
0
0
0
0
0
0
0
0
0
0
0
2.267303228
6.801909924
0
3.117435455
0
0
3.117435455
10.43031311
2.607578278
2.980089426
0
2.980089426
11.64942741
15.53257084
11.64942741
3.88314271
3.88314271
7.78241396
7.78241396
4.447093964
7.78241396
7.78241396
3.744864941
0
9.830269814
3.276756525
3.276756525
0
3.091645479
3.53330946
7.066618919
3.091645479
6.183290958
0
0
0
4.375919342
13.12775803
0
4.836569786
0
4.169456482
4.919958591
4.844292641
2.119377851
0
0
2.119377851
4.716794014
4.127194881
4.716794014
0
9.433588028
10.5845108
0
0
4.630723
15.8767643
6.054463863
1.579425335
12.63540173
3.685325623
8.160365105
3.895754576
8.904582024
3.895754576
0
11.68726444
0
5.434274197
18.63179588
5.434274197
6.210599899
5.959073544
11.91814709
11.91814709
0
0
0
0
0
4.573114395
0
0
5.670673847
2.835336924
0
0
1.732655525
0
1.765346885
0
9.120959282
0
0
0
5.509704113
5.509704113
11.01940823
15.09408569
13.61163139
0
28.16663933
0
0
0
0
8.484685898
0
0
8.644515991
5.483253002
0
10.7986517
23.36986923
0
22.04319572
43.78023911
0
8.852437973
13.72044563
7.318682671
7.568752289
2.917469978
19.05632782
0
9.52816391
32.66799164
0
0
0
0
8.183846474
0
22.85507393
0
7.618358135
0
0
0
19.77612114
0
0
0
0
0
0
0
0
0
0
0
7.106887817
7.106887817
7.106887817
0
0
13.74537182
0
12.0272007
0
0
0
0
0
0
0
0
6.958312035
13.91662407
0
0
0
0
0
9.295386314
9.295386314
18.59077263
9.295386314
9.295386314
14.22012615
14.22012615
0
0
14.22012615
0
0
14.33800888
7.16900444
7.16900444
7.16900444
24.37923431
0
0
10.66591358
10.66591358
0
0
40.81205368
0
27.20803642
17.25698853
0
29.58341026
17.25698853
9.861136436
12.69665909
0
13.60356236
0
0
0
16.38569641
0
16.38569641
8.192848206
0
9.622311592
4.811155796
0
4.811155796
14.98632145
4.995440483
4.995440483
9.990880966
4.995440483
0
9.220398903
0
4.610199451
0
15.44322395
0
0
7.270349026
6.969507217
16.67905426
0
16.67905426
0
0
0
0
0
0
0
0
1.339515567
0
0
0
0
2.728568792
0
0
0
2.447686195
0
0
0
0
0
0
0
0
0
0
0
6.710765362
3.355382681
0
0
0
0
0
4.36662817
0
5.984249592
0
0
0
0
1.64155221
0
0
0
0
0
0
0
0
0
0
0
0
0
0
0
0
0
0
0
0
0
0
4.573610783
4.573610783
0
-0.6
6.8
1.080248356
0
0
0
1.746784568
0
0
0
0
0
0
0
1.14572835
1.309403896
0
0
0
0
0.959070623
2.877212048
0
0
0
2.45565629
0
0
0
0
0
0
0
0
0
2.140741825
0
0
0
0
0
0
0
0
0
0
0
0
0
0
4.427111149
11.35268974
2.84913063
5.394978523
0
0
5.394978523
5.394978523
0
0
0
0
0
0
0
0
0
0
0
0
0
0
0
0
0
0
0
0
14.01598072
0
0
0
3.886895657
0
0
0
0
0
0
0
6.67165947
18.6806469
5.748158932
11.49631786
0
0
0
19.60396767
1.774748445
0
0
1.401117325
0
3.286966562
3.286966562
3.286966562
13.14786625
18.57183838
4.062589169
0
8.125178337
4.062589169
0
0
12.97112751
0
37.06036758
0
0
5.146184444
6.754366398
4.502911091
0
0
0
23.49661446
0
2.960318565
0
2.960318565
0
2.960318565
0
0
11.22255611
10.05605412
0
0
18.51874924
0
0
0
3.204396248
0
0
0
0
0
5.219168663
5.219168663
0
0
0
6.186526775
0
6.186526775
0
0
0
0
0
0
0
8.399134636
16.79826927
16.79826927
8.399134636
8.399134636
22.20812416
0
7.402708054
8.460238457
0
0
0
0
27.98291206
27.98291206
36.43122864
0
0
0
0
9.301498413
0
0
0
0
0
19.31585884
19.31585884
9.65792942
0
0
5.664910793
12.94836903
0
0
0
0
0
0
0
0
0
0
0
0
12.01674557
0
0
0
0
0
0
0
0
0
0
0
0
0
0
0
0
0
0
0
0
0
0
15.54894447
0
0
0
0
0
0
0
0
0
16.81546783
0
0
16.81546783
8.468559265
8.468559265
0
0
0
0
37.64043045
0
0
0
9.318973541
0
9.318973541
9.318973541
0
0
21.01625824
10.50812912
21.01625824
0
0
0
0
12.99454594
0
8.870128632
0
8.870128632
8.870128632
8.870128632
6.23758173
0
6.23758173
12.47516346
12.47516346
14.16422462
7.082112312
7.082112312
0
7.082112312
13.63042259
13.63042259
6.815211296
6.815211296
0
20.87565613
0
0
0
0
0
0
0
9.13442421
4.567212105
0
11.83572674
0
0
0
13.52654457
3.159685373
0
0
0
0
0
0
0
4.28484726
0
3.550956726
0
3.550956726
7.101913452
0
3.512853384
7.025706768
0
3.512853384
3.512853384
2.267678738
2.267678738
2.267678738
0
2.267678738
0
3.334380627
0
0
3.334380627
4.159272671
2.079636335
2.079636335
0
0
6.807661057
0
6.807661057
0
0
0
3.676855087
7.353710175
0
3.676855087
12.85064507
6.425322533
0
0
0
0
4.644825935
0
13.93447685
0
0
0
0
0
0
0
-0.6
6.8
0
0
0
0
0
0
0
0
0
0
0
0
0
0
0
0
0
0
0
1.923366547
0.980873287
0
0
0
0.980873287
0
0
5.616517544
2.808258772
0
0
0
0
3.985887527
0
7.971775055
0
0
0
0
7.118793011
7.777499676
3.888749838
3.888749838
0
0
0
3.694820404
3.694820404
8.445302963
0
0
4.362627506
0
8.725255013
4.362627506
8.082590103
2.694196701
2.694196701
6.142917156
6.142917156
0
0
3.071458578
7.079698086
3.539849043
7.079698086
0
4.04554224
0
5.551605701
0
0
9.715309143
10.10346794
6.735646248
2.946845055
2.946845055
2.946845055
6.099176884
6.970488548
6.099176884
0
6.099176884
13.01524925
4.338416576
0
4.958190441
4.338416576
4.958190441
5.560203552
11.1204071
5.560203552
11.1204071
5.560203552
4.340416908
4.960476875
8.680833817
0
17.36166763
0
0
0
20.59705734
0
0
0
0
0
11.33120155
0
0
0
0
0
0
0
17.28069305
0
8.640346527
0
0
4.470643044
8.941286087
0
0
0
0
4.048474312
14.16966057
0
10.84717083
12.39676666
0
10.84717083
13.05444622
0
13.05444622
19.58166885
6.52722311
0
10.07198238
0
10.07198238
10.07198238
8.713027
9.957744598
17.426054
0
0
0
13.49178219
6.745891094
13.49178219
0
6.745891094
0
0
8.099017143
8.099017143
0
0
15.52955055
15.52955055
0
0
0
0
0
0
20.02434349
12.93166161
38.79498291
0
0
0
0
6.999969482
0
6.999969482
13.99993896
0
25.49150467
0
8.497168541
8.497168541
0
0
0
15.84235477
0
0
9.695730209
16.62125206
0
4.847865105
0
0
0
17.39837837
0
0
11.14509773
0
0
11.14509773
0
0
0
0
0
0
20.01170158
0
0
0
0
0
0
0
0
0
0
0
0
27.23608208
0
0
0
0
0
26.98370361
0
0
0
0
0
0
0
0
0
0
0
0
0
11.44067669
0
0
27.51576614
0
0
0
0
0
23.78082466
0
0
0
0
0
0
0
0
0
0
0
11.97018433
0
25.1805687
0
0
0
12.59028435
0
8.629301071
0
0
0
0
38.45843506
30.76674843
15.38337421
0
0
0
0
0
9.452372551
11.24204636
11.24204636
0
22.48409271
0
0
0
0
9.165728569
0
0
0
0
0
18.79681396
6.265604973
0
0
0
3.568423748
3.568423748
0
0
0
0
0
0
0
0
0
0
0
0
5.350011826
0
0
0
0
0
4.008825302
4.008825302
0
4.982920647
0
0
0
5.44188118
5.44188118
0
0
0
0
0
0
0
0
0
0
0
0
0
0
0
0
0
0
0
0
0
0
0
0
0
0
0
0
0
-0.6
6.8
0
0
0
0
0
0
0
0
0
3.039147615
0
0
0
0
0
0
0
0
0
0
0
0
0
0
0
0
0
0
0
0
0
0
0
0
0
0
0
0
0
0
3.162974119
3.25022006
0
0
0
0
0
0
0
0
0
0
0
0
0
0
0
0
0
0
4.260941505
4.260941505
0
0
4.260941505
0
6.51396656
0
4.497738838
2.171322346
0
0
0
0
0
0
0
0
0
0
8.381808281
0
0
0
9.121378899
9.108729362
3.036242962
15.18121433
0
0
0
0
0
12.61151886
6.198882103
4.168213844
4.203573704
9.608168602
4.804084301
8.407147408
4.203573704
2.435116768
7.30535078
2.435116768
0
0
10.48989201
10.48989201
0
10.48989201
5.244946003
0
0
3.309845448
3.309845448
0
0
0
0
15.94600105
0
0
0
0
0
6.199798584
0
0
19.01945686
0
16.64202499
0
0
0
0
9.022784233
0
5.849156857
13.36950302
0
11.69831371
11.27475262
3.75825119
3.75825119
0
7.51650238
18.10951042
9.054755211
0
0
0
9.054755211
12.79062462
22.3835907
0
0
11.19179535
0
17.26160049
0
17.26160049
17.26160049
0
0
12.34587955
0
12.34587955
12.45008755
0
12.45008755
0
0
0
0
0
0
0
0
0
0
0
0
0
15.07120228
0
0
15.07120228
0
0
0
0
0
0
5.682301521
0
5.155313969
0
0
26.00607109
0
0
0
0
0
0
19.45706749
0
0
0
0
0
0
0
0
0
0
0
0
0
0
0
0
0
0
0
0
0
0
0
0
0
0
0
18.58206367
0
0
0
0
21.95745659
0
0
0
0
0
0
0
0
0
0
27.6879406
0
0
0
0
0
26.51506615
26.51506615
0
0
14.20595169
0
0
14.20595169
14.20595169
15.97473049
15.97473049
0
15.97473049
0
0
0
4.678632736
22.03336334
22.60955238
0
0
7.461802006
0
0
0
7.694248199
0
7.694248199
0
19.71578598
4.928946495
0
0
0
0
25.50855255
0
8.502850533
8.502850533
13.46690941
6.733454704
0
0
0
0
0
6.030384541
6.030384541
0
0
0
0
0
0
0
2.948430061
0
0
5.896860123
8.845290184
3.011421919
9.034265518
0
0
0
6.945495129
3.472747564
0
0
0
6.606403351
0
0
0
0
0
0
0
0
0
0
0
0
0
0
0
0
0
0
7.170810223
9.889018059
0
0
0
4.944509029
0
0
0
0
0
0
0
0
0
0
0
0
0
0
0
0
-0.6
6.8
0
0
3.996576548
0
0
0
0
0
0
0
0
0
0
0
0
0
0
0
0
0
0
0
0
0
0
0
0
0
0
0
0
0
3.860720396
3.860720396
0
0
0
0
0
0
0
0
0
4.500531197
2.250265598
2.250265598
0
0
0
0
0
0
0
0
0
0
0
2.160895824
4.321791649
9.551028252
3.183676243
0
6.367352486
0
5.934444427
0
0
2.967222214
8.901666641
0
9.043354034
9.043354034
4.521677017
13.56503105
0
0
0
11.85954762
0
0
0
0
0
0
7.115277767
10.67291737
10.67291737
4.065873146
4.065873146
8.131746292
2.620986938
5.241973877
5.241973877
2.99541378
7.862961769
4.721781731
4.131558895
0
2.065779448
2.065779448
0
8.741993904
1.059635758
3.576270819
7.020087242
2.241917372
0
0.964024544
26.92542648
0
0.477624416
0.815941632
13.27397633
0.477624416
0
3.318092823
4.457786083
1.889870405
0
0
0
28.05628586
0
11.22251511
0
8.258681297
0
8.258681297
8.258681297
4.129340649
0
3.259239435
3.259239435
3.259239435
0
0
0
4.181241512
8.362483025
0
0
0
0
4.481713772
4.481713772
1.214972615
0
5.593063831
0
2.53468442
2.639423609
0
11.91396236
0
0
11.91396236
19.45692444
9.728462219
19.45692444
9.728462219
19.45692444
0
0
0
0
18.70815849
0
7.610595226
0
0
0
13.95701218
0
0
0
0
0
11.09205341
11.09205341
11.09205341
11.09205341
9.327878952
18.6557579
9.327878952
9.327878952
0
0
0
9.348465919
0
0
0
0
0
0
0
0
0
0
0
0
0
0
0
0.540753424
1.391471386
4.101828098
4.929896832
0
0
5.873510361
0
0
0
6.03977108
0
6.03977108
14.581707
0
0
0
0
0
0
0
0
0
36.01443863
0
0
0
9.003609657
0
0
0
10.87617302
5.43808651
0
0
0
0
0
0
0
11.12966728
11.12966728
5.564833641
0
0
15.45656872
0
6.762248516
6.762248516
0
0
6.074747562
12.14949512
6.074747562
24.04790497
0
0
12.02395248
12.02395248
27.959795
0
13.9798975
0
0
25.17048264
0
0
12.58524132
12.58524132
0
0
0
14.60632896
0
0
10.32312393
15.48468685
10.32312393
10.32312393
0
0
22.50885391
7.502951622
0
4.878100395
7.788330555
0
0
4.157472134
9.655848503
9.655848503
28.96754646
0
0
16.34853363
16.34853363
0
0
0
0
0
0
0
0
0
0
2.723074436
0
0
0
0
0
2.969266415
0
2.969266415
0
0
10.79507732
3.598359108
0
0
2.641024828
0
2.641024828
2.641024828
0
18.48665047
0
4.621662617
0
9.899376869
14.84906578
0
0
0
3.844141483
0
0
0
0
0
0
0
0
0
0
0
0
0
0
0
0
0
0
0
0
0
0
0
0
0
-0.6
6.8
0
0
0
0
0
0
0
0
0
1.801690817
2.23406291
0
0
0
1.117031455
0
0
0
0
0
0
0
0
0
0
0
0
0
0
0
0
0
0
0
0
0
0
0
0
0
0
5.741662025
2.870831013
0
0
0
0
0
0
5.893383503
0
0
0
0
0
0
0
0
3.347048044
4.773531914
0
0
9.547063828
4.773531914
0
0
0
0
7.172104359
13.69736385
4.565787792
0
4.565787792
0
0
0
2.740064621
5.480129242
5.480129242
2.756831884
0
0
2.756831884
2.756831884
0
0
3.657487631
1.828743815
4.179985523
5.486231327
8.33718586
13.62569714
5.412948608
9.270452499
0
0
0
9.036863327
0
0
0
5.014231682
0
0
2.807970285
12.08982944
3.974738121
0
0
0
0
0
3.428169012
7.864621639
12.30107498
3.988411188
10.4695797
0
0
3.988411188
5.97400856
23.89603424
5.97400856
5.97400856
5.97400856
0
6.627166748
0
9.940751076
0
10.39588356
5.940505028
5.19794178
5.19794178
0
0
0
0
0
3.755168438
7.173915863
14.34783173
0
0
8.19876194
0
12.46083832
0
6.230419159
0
0
11.75203419
0
11.75203419
0
13.43089771
0
15.06999969
0
15.06999969
0
0
0
0
0
0
0
18.71409416
0
0
0
0
0
0
14.06617737
28.13235474
0
24.31427765
0
0
0
0
0
0
0
14.57432652
0
0
0
11.73583412
0
0
0
0
0
0
0
17.74275017
0
0
17.74275017
0
0
0
0
0
0
0
0
0
0
0
0
0
0
0
0
0
0
0
0
0
0
0
0
0
0
0
0
0
8.183692932
16.36738586
0
11.26997089
11.26997089
11.26997089
0
0
13.15562344
0
0
0
0
0
56.30865479
18.76955223
0
0
0
0
0
0
0
0
0
0
0
0
0
0
10.20748043
0
10.20748043
10.03816891
20.07633781
10.03816891
20.07633781
0
0
17.9053421
8.952671051
17.9053421
0
0
7.517421722
3.758710861
3.758710861
3.758710861
5.137277126
5.137277126
0
10.27455425
0
17.52391624
17.52391624
0
0
17.52391624
14.1446619
7.072330952
7.072330952
21.21699333
7.072330952
9.669154167
0
0
4.834577084
0
14.71390724
0
7.356953621
7.356953621
0
0
0
0
3.593527079
3.593527079
3.593527079
4.571302891
0
0
0
0
0
0
0
3.021654129
0
0
3.842854023
1.921427011
0
3.842854023
0
0
0
0
0
0
0
0
0
0
0
0
0
0
0
0
0
0
0
0
0
0
0
0
0
0
0
0
0
0
0
0
0
0
0
0
0
0
0
0
0
-0.6
6.8
0
3.644487858
0
0
0
0
0
0
0
0
0
0
0
0
0
0
0
0
0
0
0
0
0
0
0
0
0
0
0
0
0
0
0
0
0
0
0
0
0
0
0
0
0
0
0
0
0
0
0
0
0
0
0
0
0
0
0
6.044600487
6.908115387
0
5.521351337
8.282027245
2.760675669
2.760675669
3.952610731
11.85783291
3.952610731
7.905221462
3.952610731
6.439973831
0
3.219986916
6.439973831
12.87994766
0
4.743771553
8.132180214
2.371885777
2.371885777
0
0
6.25275898
0
0
0
0
8.437539101
2.812513113
2.812513113
5.625026226
5.992068291
2.621529579
2.621529579
5.243059158
7.864589691
2.018169403
4.036338806
6.054508686
2.018169403
4.036338806
0
5.537151814
5.537151814
2.422503948
4.845007896
16.71140671
24.37080193
0
0
5.570468426
0
0
1.83148706
34.88983154
0
0
10.12830734
0
15.19246197
5.064153671
9.439870834
14.15980721
4.719935417
0
0
3.254163265
3.254163265
3.254163265
6.50832653
3.254163265
14.29161358
0
7.145806789
8.166636467
7.145806789
2.792623758
0
2.792623758
2.792623758
0
0
9.16003418
13.74005127
18.32006836
0
8.242404938
0
0
8.242404938
4.121202469
0
0
6.850034237
13.70006847
0
13.70006847
28.62651253
7.156628132
21.46988297
0
0
0
7.991193295
15.98238659
0
7.991193295
7.349884033
14.69976807
0
14.69976807
0
0
0
0
16.99942017
8.499710083
0
8.513814926
0
0
8.513814926
8.573792458
8.573792458
17.14758492
17.14758492
0
0
0
0
0
0
10.21464252
0
10.21464252
0
0
0
0
0
6.888231754
27.55292702
19.2647686
19.2647686
0
0
0
6.207885742
0
0
0
6.207885742
12.41577148
0
0
0
13.66835403
0
0
0
12.32624531
0
0
2.709412575
0
2.466778755
0
3.469666004
0
13.17631912
4.392106533
0
21.96053314
0
0
11.0302515
11.0302515
33.09075546
35.31022263
0
0
11.77007389
0
0
9.506812096
9.506812096
0
9.506812096
19.01362419
0
14.01395226
0
0
0
10.1084547
30.32536507
0
0
10.1084547
14.94543552
0
0
7.472717762
7.472717762
12.26313019
0
12.26313019
0
0
9.08378315
9.08378315
0
18.1675663
0
0
0
0
0
0
6.924045563
20.77213669
0
0
0
0
4.604617596
9.209235191
4.604617596
4.604617596
7.782776356
0
0
0
0
7.308918953
0
0
7.308918953
14.61783791
0
14.66722012
7.333610058
8.381269455
0
0
12.89043617
4.296812057
0
4.296812057
8.593624115
0
6.045651436
0
0
0
0
0
0
4.030016422
0
0
0
0
0
0
0
0
0
0
0
0
0
0
0
0
0
0
2.495102406
2.495102406
2.495102406
9.563549042
0
4.781774521
0
4.781774521
0
3.466822147
0
0
0
0
0
0
0
0
0
0
18.5870285
0
0
0
0
0
0
0
0
-0.6
6.8
0
0
0
0
0
0
0
0
0
0
0
0
0
0
0
1.376476288
0
1.376476288
0
0
1.313073993
0
0
0
0
3.045144081
2.664500952
0
0
0
0
0
0
4.725344658
2.362672329
0
0
3.114742517
6.229485035
6.229485035
3.114742517
5.605843067
3.203338861
8.408763885
2.802921534
2.802921534
8.12963295
0
3.556714296
0
0
0
4.172916412
0
0
0
1.832546115
0
5.497637749
3.66509223
10.07651424
0
0
6.717676163
3.358838081
0
0
3.451056719
3.451056719
10.35317039
0
0
1.331526756
42.75680161
0
2.538138151
0
0
0
5.076276302
0
6.910616875
3.455308437
0
0
0
0
0
0
0
0
0
9.539740562
4.769870281
0
9.539740562
2.807515621
0
2.807515621
5.615031242
5.615031242
12.04532719
4.015109062
0
0
16.06043625
8.235858917
10.80956459
0
0
3.603188276
0
2.785403252
5.570806503
0
0
0
7.410319328
0
3.705159664
3.705159664
0
5.073812962
0
5.798643589
17.39592934
0
0
5.312618256
0
12.14312744
0
0
0
0
15.21671677
0
0
0
0
8.591528893
5.062414646
15.18724442
0
0
0
4.236627102
21.18313599
4.236627102
16.94650841
12.70988274
0
0
9.228488922
18.45697784
9.228488922
9.228488922
7.27248621
29.08994484
0
14.54497242
14.54497242
17.54185486
17.54185486
0
0
0
14.52831936
0
0
0
0
0
0
13.00646114
0
0
0
27.56407166
0
9.188023567
0
6.70219326
0
6.70219326
6.70219326
6.70219326
0
0
0
8.804548264
0
0
9.163331032
27.48999596
27.48999596
0
0
20.73280716
0
0
10.36640358
0
0
0
0
0
0
0
0
0
0
0
0
0
17.97734642
17.97734642
0
0
0
0
0
0
0
0
7.136117458
0
0
0
0
0
0
11.72802353
8.497483253
0
8.497483253
8.497483253
0
0
0
11.40238094
0
11.40238094
34.20714569
0
0
0
0
0
0
0
45.07756042
0
0
0
0
0
0
0
0
0
0
0
0
9.853095055
0
0
0
19.70619011
11.39709854
0
22.79419708
0
0
0
14.07944107
7.039720535
0
0
5.287828445
15.86348534
0
0
0
7.266638756
7.266638756
7.266638756
0
7.266638756
7.050321102
7.050321102
0
7.050321102
7.050321102
9.874620438
0
0
0
0
17.30540085
8.652700424
0
0
0
0
0
0
0
0
0
0
0
0
0
0
0
0
0
0
0
0
0
0
0
0
0
0
0
0
0
0
0
0
16.22896767
0
10.6157856
0
0
0
0
0
0
0
5.751487255
0
0
0
0
0
0
0
0
0
0
0
0
0
0
0
7.765685081
0
0
0
0
0
0
-0.6
6.8
2.738674641
0
0
0
0
0
0
0
0
1.664608479
0.617821634
0
1.235643268
1.235643268
0.617821634
1.778126717
0.889063358
0
0
0.889063358
1.540785789
0
0
0
0
0
0
0
0
0
0
0
0
0
0
0
0
0
0
0
0
0
0
0
0
0
0
0
0
0
0
0
0
0
0
0
0
7.514309883
3.757154942
0
9.997979164
0
0
0
0
0
0
0
0
0
5.303369999
0
2.651684999
0
0
0
0
0
3.557376862
3.859617472
17.64396858
19.29808807
0
0
13.34350491
0
0
0
10.00762749
3.335876226
0
7.413547516
11.12032032
11.12032032
0
0
3.463585854
3.463585854
0
0
6.066665173
21.23332405
0
6.066665173
15.92499447
7.893596649
0
3.946798325
7.893596649
3.946798325
5.371340752
5.371340752
0
0
5.371340752
1.930913806
2.845556974
13.41477108
10.06107807
5.030539036
11.4555254
11.4555254
0
0
5.727762699
0
6.701873302
0
13.4037466
0
0
4.726312637
4.135523319
0
0
0
0
5.594517708
5.594517708
11.18903542
0
18.3765564
0
0
0
6.668306351
7.620922089
6.668306351
6.668306351
0
6.668306351
16.50658035
0
35.26405716
42.39189911
0
0
0
0
15.24521923
7.622609615
32.17872238
0
0
21.45248032
0
16.72293854
0
0
19.11193275
0
0
5.635736942
16.9072094
0
0
0
0
0
24.37750244
0
0
0
0
0
0
0
0
0
0
0
0
46.27509689
0
0
0
0
0
0
0
0
0
0
0
21.79315567
0
0
0
0
0
0
0
0
19.07226372
0
0
0
0
0
0
0
0
0
0
0
0
9.931127548
0
0
0
0
0
8.617258072
0
0
17.23451614
0
0
0
17.42676544
0
0
0
0
0
0
0
11.4360218
11.66373539
5.831867695
5.831867695
0
5.831867695
12.11019897
0
12.11019897
6.055099487
0
14.98895359
29.97790718
14.98895359
0
0
0
0
5.241553783
10.48310757
0
5.25302887
5.25302887
10.50605774
0
0
0
0
0
36.39000702
21.22750282
3.509993792
3.509993792
7.019987583
3.509993792
3.509993792
0
0
0
9.318367958
0
0
0
14.16092968
0
0
0
0
6.632219315
0
0
0
12.79949856
0
12.79949856
12.79949856
6.399749279
6.5207901
0
0
0
0
0
0
5.083658695
0
10.16731739
0
0
0
0
0
0
0
0
0
4.393880844
0
0
0
0
0
4.92943573
0
0
4.92943573
0
4.635184288
0
2.317592144
0
0
0
3.813473701
0
1.906736851
5.720211029
3.940149069
0
3.940149069
3.940149069
0
0
0
0
0
0
0
0
0
0
0
0
0
0
0
0
0
-0.6
6.8
0
0
0
0
5.415516376
0
0
0
0
0
0
0
0
0
0
0
0
0
0
0
0
0
0
0
0
0
0
0
0
9.916355133
0
7.128677845
0
0
1.782169461
0
0
1.515969276
0
0
3.031938553
2.94444108
5.88888216
0
0
0
0
0
0
0
0
0
0
0
0
0
0
0
0
0
0
5.354047775
0
0
0
0
0
0
0
0
0
9.488990784
4.744495392
0
0
0
0
2.037322521
4.074645042
0
0
0
0
0
0
2.452388287
0
0
7.35716486
2.802729607
10.41939259
6.94626236
0
0
10.41939259
3.916107416
0
5.874160767
0
0
5.120911121
7.68136692
5.120911121
5.120911121
0
0
0
0
9.141928673
0
11.28123951
11.28123951
9.871084213
0
0
0
19.83358383
0
5.389219761
21.87020493
5.868343353
0
0
13.41335678
0
7.789319992
13.78504753
10.60782528
0
4.66334343
6.608104229
0
0
0
0
9.623407364
0
0
10.99818039
21.99636078
0
0
13.49529648
0
0
0
0
14.54405403
0
5.540591717
4.848017693
24.18799782
9.47333622
14.13032532
9.63270092
4.214307308
0
0
0
0
0
0
14.47281361
0
14.47281361
0
0
0
33.61558914
0
0
30.54384995
7.635962486
0
0
0
0
0
0
0
0
0
15.43109608
0
0
0
0
11.94758892
11.94758892
0
0
13.26431847
0
0
0
0
0
0
0
0
17.9699192
0
0
0
0
0
0
0
0
0
0
0
0
0
0
0
0
0
0
0
0
14.25571156
22.62255669
0
11.31127834
0
0
0
0
12.30958843
0
0
0
0
0
0
0
0
0
0
0
0
0
0
0
0
0
0
0
0
0
15.70039845
7.850199223
25.12482452
0
0
0
0
14.05080223
0
0
14.05080223
0
17.08596802
0
0
0
17.08596802
16.79727554
8.398637772
0
0
0
0
0
0
14.48798561
0
0
12.74764633
0
0
0
0
12.02572918
6.01286459
0
6.01286459
0
9.700807571
9.700807571
8.48820591
8.48820591
0
6.123151779
12.24630356
0
0
9.011547089
0
0
0
0
0
0
0
0
0
0
0
2.72806716
0
2.72806716
0
0
0
0
0
0
0
0
0
2.610879183
0
0
4.184465885
0
0
0
2.910690546
2.910690546
0
1.455345273
0
0
0
0
0
0
0
0
5.622587204
2.811293602
0
2.159945726
2.159945726
2.159945726
0
0
0
0
0
0
0
0
0
0
0
6.83559227
0
0
6.673047543
0
2.22434926
0
-0.6
6.8
5.628878593
0
0
0
0
0
0
0
0
0
0
0
0
0
0
0
0
0
0
0
0
0
0
0
0
0
0
0
0
3.785421133
3.785421133
0
5.322036743
5.322036743
5.322036743
0
0
0
0
0
0
0
0
0
0
6.006666183
3.966914892
7.933829784
0
0
0
0
0
0
0
0
0
2.119560957
6.358683109
4.647117138
0
4.647117138
10.62198257
9.294234276
4.062673569
8.125347137
0
4.062673569
4.643055916
4.174593925
8.349187851
4.174593925
0
0
13.920434
4.060126781
8.120253563
8.120253563
0
0
0
5.601970196
4.901723862
0
0
3.561725855
3.561725855
0
7.12345171
7.12345171
22.37447739
6.029900551
0
0
0
0
17.59913063
0
0
4.399782658
0
0
3.633363724
7.266727448
9.537579536
12.10415077
16.13886833
0
0
4.611105442
9.734663963
0
0
8.517830849
0
6.681356907
11.12094212
17.27482414
0
0
2.817169666
0
2.817169666
0
0
4.161711693
0
4.161711693
12.48513508
0
0
4.829769611
9.659539223
5.519737244
9.659539223
4.959946156
0
0
14.87983799
4.959946156
0
0
0
0
0
8.751263618
8.751263618
4.375631809
4.375631809
0
5.000721931
0
7.325288296
25.11527443
7.325288296
0
0
0
0
15.97398758
0
12.5213747
10.95620251
0
0
25.0427494
0
14.8702116
14.8702116
0
0
0
14.06745815
7.033729076
21.10118866
0
7.456541061
8.521761894
0
14.91308212
7.456541061
9.416023254
41.19510651
0
8.239020348
24.71706009
0
20.47052956
0
0
0
17.63659477
17.63659477
0
8.818297386
8.818297386
9.676828384
0
0
19.35365677
19.35365677
0
0
8.467171669
16.93434334
0
0
0
10.21768475
0
0
0
0
0
0
0
0
0
0
0
0
0
10.06313133
0
0
0
0
0
21.19751549
12.11286736
0
21.19751549
0
41.03653336
0
0
10.25913334
13.43566227
0
0
13.43566227
26.87132454
13.43566227
0
15.90402508
0
0
0
13.7584753
0
0
0
13.7584753
0
0
18.39649963
0
9.198249817
0
25.12874031
0
0
12.56437016
23.49209404
0
23.49209404
0
11.74604702
11.47294235
0
22.9458847
11.47294235
22.9458847
0
0
5.623445034
11.24689007
16.87033463
0
0
6.638220787
13.27644157
0
5.472737312
5.472737312
5.472737312
0
0
0
0
6.237899303
6.237899303
6.237899303
0
0
6.497688293
6.497688293
12.99537659
22.20278168
0
25.3746109
0
11.10139084
0
0
4.096564293
4.096564293
6.144846439
2.048282146
0
0
0
2.512961149
5.025922298
0
3.366929054
0
0
0
0
0
3.48374939
0
3.48374939
3.335635424
3.335635424
0
0
0
5.499171257
2.749585629
0
0
0
0
0
0
0
0
0
8.873038292
0
0
0
0
0
0
0
0
0
0
0
0
0
0
0
0
0
0
0
0
0
0
0
0
-0.6
6.8
0
4.389166355
0
0
0
0
0
0
0
0
0
1.094063282
0
1.094063282
0
0
0
0
0
1.86147511
0
0
0
0
0
0
0
0
0
0
0
0
0
0
0
0
0
0
0
0
0
0
0
0
0
0
0
0
0
0
0
9.631808281
0
0
0
0
0
0
0
0
0
0
0
0
0
0
0
0
0
0
0
0
0
0
0
13.97304249
4.657680988
9.315361977
13.97304249
13.97304249
0
0
3.359983206
0
6.719966412
5.800867081
11.60173416
11.60173416
0
11.60173416
5.800867081
2.955109596
2.955109596
0
5.910219193
8.865327835
0
5.283453941
0
0
0
9.173688889
0
0
3.057896376
3.057896376
0
6.120920181
0
0
9.181380272
6.992259979
13.98451996
0
0
0
3.161887884
6.323775768
7.227172852
9.485663414
0
13.91815376
0
0
4.639384747
9.278769493
5.560438156
11.12087631
0
5.560438156
5.560438156
0
4.388906479
4.388906479
4.388906479
4.388906479
0
13.10572815
0
0
0
7.397580624
7.397580624
7.397580624
7.397580624
0
9.715547562
4.857773781
0
0
0
9.715547562
14.68736076
14.68736076
0
0
14.68736076
0
0
0
25.13167763
0
0
15.56124306
7.780621529
0
0
21.11341476
14.07560921
7.037804604
7.037804604
21.11341476
0
14.15420437
0
0
0
6.507352829
0
0
0
13.01470566
0
0
7.786273479
7.786273479
0
32.84948349
10.94982815
0
10.94982815
0
0
0
0
0
0
0
0
0
0
0
0
0
0
0
0
0
0
18.92890358
0
0
0
49.55083084
0
16.51694298
0
0
0
0
3.599189758
10.79756927
0
0
0
17.12667465
0
0
0
0
0
0
0
0
0
16.38070297
0
0
0
0
0
0
0
0
0
0
0
0
0
0
0
9.429310799
0
28.28793144
6.70750618
0
6.70750618
6.70750618
6.70750618
0
0
38.63676834
0
0
0
7.408510685
0
7.408510685
7.408510685
0
6.026148796
6.026148796
0
0
9.035544395
9.035544395
0
9.035544395
0
8.85431385
8.85431385
0
0
0
0
0
0
10.54910755
5.274553776
0
12.81526279
12.81526279
0
0
0
16.38619995
0
0
0
0
8.601032257
8.601032257
8.601032257
0
17.20206451
2.554509163
0
0
2.554509163
5.109018326
0
0
0
2.466519117
0
0
0
0
4.620653152
4.620653152
0
0
0
0
0
6.174879551
0
0
0
0
0
0
0
0
0
0
0
0
0
0
0
0
0
0
1.835775137
7.031441689
0
0
0
0
0
0
0
0
0
0
0
0
0
0
0
0
0
0
0
0
-0.6
6.8
0
0
0
0
0
0
0
0
0
0
0
0
0
0
0
0
0
0
0
0
0
0
0
0
0
0
0
0
0
0
0
0
0
4.798413277
0
0
0
0
0
0
0
0
0
0
0
0
0
0
0
0
0
0
0
0
0
0
1.37776041
1.37776041
2.755520821
14.47270775
4.824235916
0
9.648471832
0
2.02045846
0
2.02045846
2.02045846
0
0
2.685203552
8.055610657
10.74081421
0
6.050037384
2.016679049
0
6.050037384
0
3.716447353
1.858223677
5.574670792
0
3.716447353
7.91915226
5.279434681
5.279434681
0
0
5.279434681
18.01296425
13.50972271
18.01296425
0
4.503241062
2.488335133
0
2.488335133
0
2.488335133
3.556160688
5.334240913
1.778080344
3.556160688
0
7.280903816
3.640451908
7.280903816
3.640451908
0
3.784235001
3.784235001
0
7.568470001
7.568470001
9.469245911
0
0
9.469245911
0
0
4.151731968
12.45519638
12.45519638
4.151731968
0
0
4.495267391
13.4858017
0
0
4.218673706
4.218673706
8.437347412
16.87469482
4.046312332
0
0
4.046312332
16.18524933
0
0
0
13.71464443
6.857322216
0
11.27977562
0
5.63988781
5.63988781
22.55955124
0
26.47889709
0
0
0
0
0
7.955904961
7.955904961
0
0
0
9.993898392
0
0
0
6.492138863
12.98427773
0
0
0
0
21.35824394
10.67912197
0
0
14.04221821
14.04221821
28.08443642
0
0
8.15773201
8.15773201
0
8.15773201
0
0
0
0
0
0
15.98626804
0
0
0
0
0
0
0
0
0
4.420488834
0
0
0
0
0
0
0
0
0
0
0
0
0
0
0
0
0
0
0
0
0
0
5.771678448
0
0
0
0
0
0
0
0
0
4.29615736
7.899386406
0
0
0
0
0
6.869305611
0
0
0
0
0
0
0
10.66048527
21.32097054
0
10.25499535
30.76498413
0
0
0
0
10.35714912
20.71429825
0
0
10.83400059
21.66800117
10.83400059
0
21.66800117
0
11.51677704
0
0
6.581015587
0
0
0
0
0
0
0
0
0
0
0
0
0
6.363910198
6.363910198
0
27.21190834
0
0
0
0
7.754542828
7.754542828
7.754542828
0
0
0
5.532908916
0
5.532908916
0
0
0
0
0
0
5.330312729
0
0
0
5.330312729
9.830248833
0
0
0
0
0
0
0
0
0
5.078968048
0
0
0
5.078968048
3.856106758
3.856106758
0
0
0
5.888712406
2.944356203
2.944356203
0
0
0
0
0
0
0
2.334908962
0
0
0
0
0
0
0
0
0
0
0
0
0
0
0
0
0
0
0
0
-0.6
6.8
2.410535336
0
0
0
0
1.743798852
1.743798852
0
1.743798852
0
1.48547399
0
0
0
0
0
0
0
0
0
0
0
0
1.599445343
1.599445343
0
0
0
0
0
0
0
0
0
0
0
0
0
0
0
0
0
0
0
0
0
0
0
0
0
0
0
0
5.213699818
2.606849909
2.606849909
2.288309336
0
2.288309336
2.046911478
4.093822956
2.046911478
0
0
6.185860157
2.061953306
6.185860157
2.061953306
6.185860157
0
2.260923386
2.260923386
0
4.521846771
4.475534916
4.475534916
4.475534916
4.475534916
0
0
6.332565784
0
0
0
0
3.631947756
7.263895512
10.8958416
0
0
0
0
0
8.553787231
0
5.335484028
21.34193611
16.00645065
16.00645065
5.335484028
5.913149834
0
8.869724274
0
8.869724274
5.618023396
0
0
22.47209358
0
0
0
2.982408047
0
0
7.589197159
11.38379574
0
3.794598579
7.589197159
8.075024605
12.11253738
8.075024605
4.037512302
0
14.08186436
4.693954468
0
9.387908936
0
13.61535931
4.538453102
0
9.076906204
0
7.947158813
15.89431763
7.947158813
7.947158813
0
0
5.180654049
7.770981312
0
2.590327024
0
15.93493843
15.93493843
5.311645985
0
0
0
7.930857658
23.79257393
7.930857658
0
40.55813217
0
0
8.111626625
16.22325325
0
0
10.12772751
11.57454681
0
9.206760406
0
0
18.41352081
0
12.40168762
0
0
6.200843811
0
13.91785336
27.83570671
0
0
0
0
21.76647186
19.04566002
0
19.04566002
0
0
5.846599579
5.846599579
5.846599579
0
20.90730858
0
0
4.181461334
12.10085964
6.050429821
0
0
0
0
4.616977215
9.23395443
0
0
0
0
0
0
0
13.87220478
0
0
0
0
39.23659134
0
0
0
26.50088501
0
0
0
0
0
0
0
0
0
0
6.643508434
0
0
0
0
11.05767918
0
0
0
0
0
0
0
0
0
20.21780586
0
21.96215248
0
10.98107624
0
0
0
0
0
0
0
6.732566357
0
0
0
0
7.471597672
0
7.471597672
25.61690521
0
0
0
0
0
0
0
10.60024071
0
0
0
0
0
7.19109726
14.38219452
0
3.986027956
3.986027956
0
11.95808411
11.95808411
0
20.97275734
10.48637867
10.48637867
0
14.05544758
14.05544758
7.027723789
0
7.027723789
0
10.91643906
10.91643906
0
0
0
3.297422886
0
3.297422886
3.297422886
6.594845772
2.851919889
0
2.495429754
2.495429754
4.990859509
0
0
0
4.629248619
0
8.951589584
0
0
0
0
0
0
4.066902161
0
4.066902161
0
0
0
0
3.525783539
1.589181542
0
1.589181542
3.178363085
6.35672617
1.249896646
0
0
2.499793291
0
0
0
0
0
0
0
0
0
0
0
0
0
0
0
0
0
0
0
0
0
0
-0.6
6.8
0
0
0
0
0
0
0
0
0
0
0
1.008670568
1.008670568
1.008670568
0
0
0
0
0
0
0
0
4.720703125
1.573567748
0
0
0
0
0
0
0
0
0
0
0
0
0
0
0
0
7.279646397
2.230303288
0
0
6.690909863
2.230303288
0
0
0
0
0
3.303388596
0
6.606777191
3.303388596
0
8.963411331
0
0
2.828105927
0
2.828105927
0
0
4.043849468
0
0
8.087698936
0
0
0
4.269573212
0
0
0
0
3.17909646
6.358192921
3.17909646
0
0
0
0
5.289545059
0
6.551378727
3.275689363
3.275689363
9.827067375
3.275689363
2.822303772
2.822303772
5.644607544
0
5.644607544
5.451329231
8.17699337
8.17699337
0
0
12.22970772
8.153138161
0
4.658936024
20.38284492
0
0
3.882065058
7.764130116
7.764130116
0
0
0
0
0
3.573927164
17.86963463
0
0
0
0
0
0
3.895748615
7.791497231
0
0
0
0
0
15.45931244
10.30620956
0
0
0
0
8.659266472
4.329633236
4.329633236
0
0
0
3.296363831
6.592727661
3.296363831
0
0
7.049106598
14.0982132
3.524553299
7.049106598
9.66650486
19.33300972
4.83325243
4.83325243
0
13.63786697
0
0
13.63786697
27.27573395
0
0
0
0
0
0
0
60.4510231
0
20.15034103
0
14.44702816
0
0
0
0
0
0
6.76346159
0
0
0
0
0
0
0
0
0
0
0
0
0
0
7.151468277
0
30.71537209
20.47691536
0
0
0
0
0
0
0
0
0
7.525093079
0
0
0
0
0
0
0
0
0
0
0
0
0
9.367094994
23.2341423
0
0
0
0
0
0
0
20.12928963
0
0
0
6.201963425
0
0
0
0
0
0
0
0
0
0
0
16.102705
8.051352501
0
0
0
32.59790802
0
0
0
20.34212685
0
0
9.049937248
0
9.049937248
45.24968719
0
0
7.935456753
0
7.935456753
7.935456753
15.30227757
0
0
0
45.90683365
0
0
0
0
0
5.602368355
0
0
16.80710602
5.602368355
0
0
0
45.02051163
15.00683689
33.0380249
6.60760498
0
6.60760498
0
0
0
0
0
0
0
0
8.517401695
17.03480339
8.517401695
8.517401695
0
8.421578407
0
0
0
4.949169636
0
4.949169636
9.898339272
4.949169636
4.421803951
4.421803951
4.421803951
4.421803951
0
0
0
8.332865715
8.332865715
0
0
0
0
5.739901543
0
0
0
0
1.707966805
1.707966805
0
3.436831474
1.718415737
6.873662949
0
0
0
0
0
0
0
0
11.71326923
0
0
0
0
0
0
0
0
0
0
0
0
0
0
0
0
0
0
-0.6
6.8
0
0
0
0
0
0
0
0
0
0
0
0
0
0
0
0
0
0
0
0
0
3.935186863
3.935186863
0
0
0
0
0
0
0
0
1.572085619
3.144171238
0
0
0
0
0
0
0
0
0
0
0
5.97906065
3.986040831
2.612329721
0
0
0
5.224659443
1.535678267
3.071356535
0
0
1.535678267
0
5.109931946
5.109931946
5.109931946
14.63126183
0
4.877087593
0
0
0
0
0
0
0
0
0
0
0
7.313970089
11.53869915
0
0
0
5.769349575
5.025646687
5.025646687
5.025646687
2.512823343
5.025646687
2.250291109
2.250291109
2.250291109
4.500582218
6.750872612
2.250291109
7.297073364
7.297073364
4.864715576
0
2.432357788
0
4.596466541
9.192933083
0
0
0
3.091181517
3.091181517
0
3.091181517
0
0
4.029554367
2.014777184
0
0
5.346471786
2.673235893
0
0
2.326287508
11.63143635
2.326287508
9.305150032
2.326287508
2.366558313
0
0
2.366558313
0
11.75824738
0
2.351649523
0
0
20.50048065
6.833492756
0
13.66698551
6.833492756
0
0
0
5.911670685
2.955835342
0
7.733037472
7.733037472
0
3.866518736
35.05825043
0
0
0
0
5.84304142
0
0
8.155491829
16.31098366
0
0
32.53790665
0
0
0
0
0
6.155982494
12.31196499
0
0
0
0
0
0
0
0
0
0
0
0
0
0
0
21.41169548
0
0
0
0
0
35.23561859
0
0
35.23561859
11.74520683
0
0
0
18.90629005
0
0
0
0
0
0
0
0
0
0
0
0
0
0
0
0
7.012155533
0
11.17756367
0
0
0
0
0
0
0
0
0
0
0
37.05929565
0
0
0
0
0
0
0
0
0
0
0
21.42296219
0
0
0
0
21.42296219
9.21253109
0
18.42506218
0
0
0
0
0
0
0
10.36666489
0
10.36666489
20.73332977
0
10.81179714
0
0
32.43539429
21.62359428
10.90122986
0
0
5.450614929
0
13.69601154
0
0
27.39202309
13.69601154
9.839344025
0
19.67868805
0
9.839344025
0
6.889452457
0
6.889452457
13.77890491
14.02654266
0
4.675514221
0
0
4.698728561
4.698728561
0
0
9.397457123
0
0
5.49627924
5.49627924
0
0
0
0
13.18766594
0
13.18766594
0
2.609833002
2.609833002
0
0
0
4.820828438
0
0
0
0
0
0
1.13059938
2.261198759
2.191061497
4.382122993
2.191061497
2.191061497
2.191061497
1.993294954
0
0
0
3.986589909
2.41367507
2.41367507
0
0
0
0
0
0
0
0
0
0
1.253014684
1.253014684
0
5.820757389
5.820757389
5.820757389
0
0
0
0
0
0
0
0
6.837054729
0
0
6.837054729
1.415311337
2.838694811
0
0
0
0
-0.6
6.8
0
0
0
0
0
0
0
0
0
0
0
0
0
0
0
0
0
0
0
0
0
0
0
0
0
0
0
2.247746944
2.247746944
0
0
0
0
0
0
0
4.328478813
0
0
4.328478813
0
0
5.708961487
2.854480743
0
0
0
0
0
0
0
3.117233515
3.117233515
0
0
3.117233515
3.114948988
3.114948988
3.114948988
8.90438652
0
4.45219326
0
0
3.105492592
0
6.210985184
6.210985184
9.316477776
0
12.22721863
18.34082794
0
6.113609314
0
4.929214001
4.929214001
4.929214001
14.78764057
4.313555241
0
0
4.313555241
0
8.565363884
0
0
4.282681942
0
8.565363884
0
0
2.927759409
2.927759409
0
0
4.590513706
4.590513706
0
0
0
0
0
20.52197075
6.840657234
0
0
3.093640566
4.640460491
9.280920982
7.840220928
7.840220928
15.68044186
0
7.840220928
0
0
0
5.724518776
11.44903755
0
0
16.10229111
16.10229111
8.051145554
0
8.908753395
0
17.81750679
8.908753395
0
0
0
0
0
6.244417667
6.244417667
6.244417667
6.244417667
0
0
11.33955765
0
0
0
18.35282326
0
0
0
12.23521519
24.47043037
0
0
0
7.843380451
23.53014183
7.034974575
0
7.034974575
0
14.06994915
25.95103073
0
12.97551537
12.97551537
0
0
0
0
0
0
0
0
20.90196991
0
0
5.888693333
0
0
0
5.888693333
0
0
0
0
10.96413708
0
0
0
0
0
0
0
8.477228165
0
0
0
12.46688271
0
0
6.233441353
0
0
0
0
19.08540535
0
0
0
0
0
0
0
0
0
0
0
0
0
0
0
0
0
0
0
0
0
0
0
0
0
0
0
0
0
0
0
0
0
0
50.97409439
0
0
0
0
0
0
14.01515198
0
0
0
0
0
0
0
0
0
0
0
0
0
9.991695404
9.991695404
0
0
26.05770874
26.05770874
0
0
26.74538422
8.915128708
0
8.915128708
6.77909708
6.77909708
0
0
6.77909708
8.706973076
8.706973076
17.41394615
8.706973076
26.12091827
0
0
0
10.20198154
0
0
9.297457695
0
9.297457695
9.297457695
8.156328201
0
0
0
0
0
0
0
8.432444572
8.432444572
8.432444572
13.89558887
0
9.263726234
18.52745247
4.631863117
0
0
0
0
0
0
0
0
0
0
0
0
0
0
0
0
0
0
0
4.812890053
2.306605816
4.613211632
2.306605816
0
2.306605816
10.53664589
0
0
0
0
0
4.455453396
0
0
4.455453396
4.589898109
0
0
0
0
0
0
0
0
0
0
0
0
0
0
0
0
0
0
0
0
-0.6
6.8
0
0
0
0
4.851974487
0
2.765399218
0
0
0
0
0.61825937
0
0.61825937
1.236518741
0
0
0
0
0
0
0
0
0
0
1.926888704
0
0
3.853777409
3.853777409
1.926888704
0.525022805
0
0
0
0
1.791247964
0
0
1.791247964
1.791247964
1.78524971
0
0
3.57049942
3.57049942
3.39944458
0
5.09916687
0
1.69972229
3.153127909
1.576563954
0
0
0
0
0
2.576454163
9.501296043
0
9.501296043
4.750648022
4.750648022
8.459697723
8.459697723
8.459697723
12.68954754
0
0
0
0
7.458779812
0
0
0
0
5.977900982
5.977900982
3.812508821
7.625017643
0
0
0
2.78694582
5.57389164
2.78694582
2.78694582
0
5.57389164
0
12.59464359
4.198214531
8.396429062
0
1.501368761
0
0
1.501368761
1.501368761
0
0
0
9.851568222
0
2.88894701
2.88894701
2.88894701
5.77789402
0
0
0
0
6.290914059
6.290914059
0
7.619443417
11.42916584
7.619443417
11.42916584
0
3.198461294
6.396922588
3.198461294
3.198461294
7.16400528
7.16400528
7.16400528
3.58200264
14.32801056
6.423204422
0
19.26961136
6.423204422
12.84640884
30.01711082
0
10.00570297
10.00570297
10.00570297
5.385845184
0
10.77169037
0
5.385845184
4.409448624
0
8.818897247
0
4.409448624
0
0
0
23.96030045
0
0
0
8.800533295
35.20213318
17.60106659
0
10.10771275
0
0
5.053856373
15.16156864
0
6.858701706
6.858701706
0
13.71740341
8.12142849
8.12142849
8.12142849
8.12142849
8.12142849
0
0
0
0
0
0
0
0
0
23.19318771
0
11.84149742
0
0
0
0
0
0
0
0
0
0
0
0
0
0
0
0
0
0
0
0
37.1835556
0
0
18.5917778
36.90260315
36.90260315
0
0
0
0
0
0
0
0
0
0
0
0
0
0
0
2.438589811
0
0
0
0
0
0
0
21.55634499
10.77817249
0
0
0
0
22.6988945
0
45.397789
0
0
0
15.17894745
15.17894745
0
0
0
14.57473183
0
0
14.57473183
0
0
0
0
0
0
22.53381729
0
0
22.53381729
0
21.52721024
0
0
0
0
0
17.09282112
0
0
0
0
0
19.36346626
9.681733131
24.45253372
0
16.30168724
0
0
0
0
5.812870026
29.06435013
0
10.56165123
0
0
0
0
0
0
0
26.48778152
0
0
2.835185289
2.835185289
0
2.835185289
5.670370579
2.543493032
0
2.543493032
0
0
0
0
0
0
0
0
0
0
0
0
0
0
0
0
0
0
0
0
0
0
3.996598721
7.993197441
0
0
0
0
0
0
0
0
0
0
2.084281683
0
2.084281683
0
0
0
0
0
0
0
0
0
0
0
0
0
0
0
0
-0.6
6.8
0
0
0
0
0
0
0
0
0
0
0
0
0
0
0
0
0
0
0
0
0
0
0
0
0
0
0
0
3.785824537
1.892912269
0
2.412521124
0
0
0
0
2.061830759
2.061830759
4.123661518
6.185492039
4.123661518
0
0
0
0
0
0
0
0
0
1.794910908
0
0
4.506532192
0
0
1.133958578
0
0
0
0
0
0
0
0
0
0
3.298869133
3.298869133
0
0
0
0
0
13.07669544
0
8.717797279
0
0
1.487892985
1.487892985
2.975785971
2.975785971
0
11.95463657
0
0
0
17.93195534
0
6.482408047
19.44722366
0
6.482408047
38.89444733
0
25.66955948
0
0
0
0
0
6.673949718
2.224649906
4.449299812
6.935679913
3.467839956
10.40351963
0
0
7.561882019
7.561882019
3.78094101
0
7.561882019
11.14828968
7.432193279
0
3.71609664
7.432193279
0
22.47378922
0
17.97903252
8.989516258
3.681838751
0
0
0
3.681838751
28.69356918
0
0
5.738714218
5.738714218
0
0
0
0
3.145000935
20.68250084
0
0
0
4.136499882
0
10.40524292
0
0
0
0
0
32.05700302
8.014250755
8.014250755
8.014250755
9.246656418
0
0
0
18.49331284
6.04870224
0
6.04870224
0
0
0
0
0
0
25.79994011
0
0
17.43031883
17.43031883
0
0
0
13.18754196
0
0
0
0
0
0
0
0
0
0
0
0
0
0
0
0
0
24.55058098
12.27529049
12.27529049
0
12.27529049
24.12212181
0
24.12212181
0
36.18318176
0
42.55822372
0
0
0
0
0
0
0
0
0
0
0
9.416945457
9.416945457
0
0
0
0
0
0
0
0
0
0
11.1790266
7.487463474
0
0
0
0
10.72368336
10.72368336
10.72368336
10.72368336
32.17105103
21.44736671
9.547636986
9.547636986
19.09527397
19.09527397
28.64291382
20.12833595
0
0
40.25667191
0
0
17.29421997
0
0
34.58843994
34.06569672
0
0
51.09854507
17.03284836
10.28067875
10.28067875
10.28067875
10.28067875
30.84203529
0
0
29.56851959
0
0
0
5.37036705
0
0
5.37036705
10.86443424
5.432217121
0
0
0
4.667976856
0
14.00393105
4.667976856
0
0
3.973880053
11.92163944
15.89552021
0
0
0
9.605837822
4.802918911
4.802918911
0
34.93257904
0
0
0
0
3.13904357
3.13904357
0
3.13904357
0
0
0
0
0
0
0
0
3.752416849
0
3.752416849
2.228317261
0
0
2.228317261
0
4.699012756
0
0
0
2.349506378
2.043717623
2.043717623
0
0
0
0
4.839668751
9.679337502
4.839668751
4.839668751
0
0
0
0
0
0
0
0
0
0
0
0
0
0
0
0
0
0
0
0
0
0
0
0
0
0
-0.6
6.8
0
0
0
0
0
0
0
0
0
0
0
0
0
0
0
0
0
0
0
0
0
0
0
0
0
0
0
0
0
0
0
0
0
0
0
0
1.980240107
1.980240107
1.980240107
3.960480213
0
0
0
0
0
0
0
0
0
0
0
0
0
0
0
0
0
1.243405819
1.243405819
2.486811638
0
3.530757904
3.530757904
10.59227371
3.530757904
4.884388447
3.256258965
1.628129482
0
3.256258965
5.314939976
7.972410679
2.657469988
0
0
1.988556743
5.965670109
5.965670109
1.988556743
0
6.186033249
6.186033249
6.186033249
3.093016624
0
0
0
3.796864986
7.593729973
0
11.39059448
0
5.499682903
8.249524117
0
8.249524117
4.548285961
9.096571922
0
0
0
0
0
6.492546082
3.246273041
0
0
11.94031906
0
0
0
0
14.83075809
7.415379047
0
7.415379047
0
8.689015388
13.03352261
0
0
0
3.274666786
9.823999405
0
9.823999405
0
0
7.100849152
0
0
9.438598633
0
23.59649658
0
0
7.255603313
0
7.255603313
10.88340473
0
5.321908951
5.321908951
0
15.96572781
15.96572781
4.923537731
0
19.69415092
9.847075462
4.923537731
4.923537731
0
0
22.79164124
0
0
8.362478256
0
0
8.362478256
0
0
0
31.75978851
21.17319107
0
0
0
13.19739246
0
0
16.35445213
0
0
32.70890427
0
8.374487877
25.12346458
8.374487877
8.374487877
16.74897575
0
9.46606636
9.46606636
4.73303318
0
0
0
0
0
0
0
0
0
10.68688965
10.68688965
0
0
7.572351456
30.28940582
0
0
20.6782856
0
0
10.3391428
20.83381653
27.77842522
0
0
6.944606304
13.88921261
0
0
0
0
11.65600014
0
7.677680016
7.677680016
0
0
0
10.44153976
0
0
0
0
0
0
0
0
0
7.930215836
0
0
15.86043167
0
0
25.01522255
16.67681503
0
8.338407516
0
9.343263626
0
18.68652725
9.343263626
0
4.407598019
4.407598019
0
8.815196037
9.683264732
0
0
0
0
0
0
23.11565018
0
11.55782509
0
18.49795341
6.165984631
0
12.33196926
0
40.15132523
13.38377476
0
0
19.32433319
0
14.49325085
0
0
27.10453606
0
0
0
9.034845352
7.636548519
0
0
15.27309704
0
13.04473877
19.56710815
6.522369385
0
0
0
0
0
0
0
0
0
6.238633633
12.47726727
0
0
1.731893778
0
0
1.731893778
0
0
0
5.11277914
0
5.11277914
8.095256805
0
0
0
0
0
0
0
0
0
4.098898888
0
0
0
0
0
0
0
0
0
0
19.42475319
9.712376595
0
9.712376595
0
0
0
0
0
0
9.738243103
6.492162704
0
0
4.795530796
2.397765398
0
0
0
0
0
0
0
0
0
0
0
0
0
0
-0.6
6.8
0
0
0
0
0
0
0
0
0
0
0
0
0
0
0
0
0
0
0
0
0
0
0
0
0
0
0
0
0
3.28510952
1.64255476
0
0
0
0
0
0
0
11.85439014
0
0
2.974833012
0
0
2.974833012
2.974833012
0
0
6.916092396
0
0
0
2.235676289
0
0
2.235676289
3.032728672
0
6.065457344
0
4.442601681
0
0
0
12.48018837
6.240094185
12.48018837
6.240094185
6.240094185
9.251730919
9.251730919
13.87759686
0
0
0
2.54526329
0
7.635789394
2.54526329
7.209995747
0
0
0
7.209995747
5.434811592
10.86962318
0
10.86962318
0
10.86962318
7.15085125
17.87712669
0
7.15085125
0
10.06922054
10.06922054
0
0
0
0
9.419617653
18.83923531
0
0
14.62685966
0
0
7.313429832
0
0
0
0
12.28966522
0
0
0
0
0
0
12.88541412
6.442707062
6.442707062
0
6.442707062
10.60815811
0
0
21.21631622
10.60815811
0
0
0
5.040499687
0
0
6.396704197
0
12.79340839
0
0
0
0
6.498554707
12.99710941
0
0
0
10.09674358
0
0
8.322077751
0
0
8.322077751
16.6441555
0
0
13.32837772
6.664188862
26.65675545
40.60632324
0
0
0
13.5354414
10.3322134
0
0
20.6644268
0
7.757943153
0
0
7.757943153
7.757943153
18.96393394
0
37.92786789
0
9.481966972
0
0
0
51.55739975
0
22.96149254
0
0
34.44223785
0
0
0
0
0
0
0
0
0
0
0
11.52170277
0
0
0
0
0
8.005351067
0
0
0
0
0
0
9.174209595
0
0
0
0
0
0
7.32874012
0
7.869062424
0
0
0
0
0
0
0
15.23869133
0
0
0
0
7.831125736
0
0
6.982285976
0
0
6.982285976
0
0
0
0
5.583485603
0
0
14.41553593
14.41553593
0
0
0
26.84211731
0
13.42105865
8.662394524
0
0
0
8.662394524
0
0
0
0
0
0
4.839311123
0
4.839311123
0
2.93810463
0
0
2.93810463
5.876209259
0
5.374595642
10.74919128
5.374595642
0
0
0
0
7.832839012
7.832839012
0
0
0
8.654461861
4.32723093
8.670642853
8.670642853
0
0
0
0
0
14.73945999
0
0
0
2.421457291
4.842914581
7.264371872
4.842914581
0
0
4.098611355
0
4.098611355
0
5.555412769
5.555412769
0
0
5.555412769
0
0
0
0
0
0
0
0
0
0
0
0
0
0
0
0
0
0
0
0
0
0
0
0
0
12.66625404
3.166563511
0
3.166563511
0
0
0
0
0
0
4.672768116
4.672768116
0
0
0
0
0
0
0
0
0
-0.6
6.8
1.345875502
0
0
0
0
0
0
0
2.742265224
2.742265224
0
0
0
0
1.977434993
0.794778347
0
0
0
0
0
0
0
0
0
0
4.951617718
0
0
0
0
0
0
0
0
0
0
0
0
0
0
12.30490685
12.30490685
0
6.152453423
0
0
4.115391731
4.115391731
2.057695866
4.115391731
4.732067108
4.732067108
2.366033554
0
2.366033554
0
3.518450975
3.518450975
2.105374575
4.210749149
6.316123962
0
2.105374575
0
0
0
25.64188385
12.82094193
0
15.51671028
0
5.172236919
10.34447384
0
0
5.528872013
11.05774403
5.528872013
2.029108047
0
0
0
0
0
0
0
2.97210598
8.91631794
0
4.91946888
4.91946888
7.379203796
0
0
2.832509279
0
1.41625464
0
4.248764038
0
0
0
9.548762321
6.365841866
2.10991168
6.329734802
0
4.21982336
6.329734802
0
7.898573399
3.949286699
7.898573399
0
3.114679337
0
3.114679337
0
3.114679337
10.37827778
10.37827778
0
6.918851376
10.37827778
0
0
0
6.388006687
0
0
0
0
3.410278559
6.820557117
15.54207993
0
0
0
0
10.21563148
0
3.405210495
3.405210495
0
17.58530617
0
0
0
11.72353745
5.861768723
0
6.280414104
0
18.84124184
0
12.03694057
24.07388115
12.03694057
24.07388115
0
0
30.10481262
10.03493595
0
10.03493595
6.588396549
0
0
0
0
0
19.88258171
0
0
0
0
0
8.976337433
0
0
21.65674019
21.65674019
0
0
10.82837009
0
8.060936928
8.060936928
8.060936928
8.060936928
0
0
0
0
0
0
0
0
0
0
0
0
0
0
0
0
0
0
0
0
0
0
0
0
0
0
0
0
0
0
0
0
0
0
0
0
0
30.1855545
0
0
30.1855545
0
0
0
43.63104248
0
0
0
0
0
0
0
0
0
0
0
0
0
0
0
10.63162994
31.89489174
13.13747025
13.13747025
0
6.568735123
13.13747025
0
15.55226994
15.55226994
15.55226994
15.55226994
0
14.20102215
14.20102215
0
0
8.305944443
0
0
8.305944443
0
4.214781761
0
8.429563522
8.429563522
8.429563522
6.1348176
12.2696352
0
12.2696352
12.2696352
0
8.130004883
8.130004883
0
0
0
5.356887341
16.07066154
0
10.71377468
0
0
0
9.610938072
0
11.17683792
0
0
0
5.588418961
11.17683792
16.61792183
0
0
0
0
0
0
8.331106186
8.331106186
0
4.803986073
4.803986073
9.607972145
4.803986073
0
0
10.30638027
0
0
5.153190136
3.093662977
6.187325954
0
0
0
0
4.221747875
0
0
0
0
0
0
0
4.236452103
9.533234596
0
0
0
0
0
0
0
0
0
0
0
0
0
0
0
3.867086411
0
0
0
3.384147406
0
6.768294811
0
0
0
-0.6
6.8
0
0
0
0
0
0
0
0
0
0
0
0
0
0
0
0
0
0
0
0
0
0
0
0
5.741749763
0
0
0
0
0
0
6.321013451
3.160506725
6.321013451
0
0
0
0
0
0
6.110789776
0
4.633489609
13.90046978
13.90046978
0
0
0
5.061983585
0
0
0
10.55636406
10.55636406
0
15.83454609
2.312473774
4.624947548
0
0
0
6.207745552
0
0
0
8.99592495
8.99592495
5.997282982
5.997282982
0
4.402176857
4.402176857
4.402176857
4.402176857
3.498255968
0
0
10.49476719
0
7.159069538
0
0
7.159069538
10.73860359
0
0
0
5.797783375
5.797783375
5.797783375
2.163844347
0
6.491533756
4.327688694
2.163844347
0
0
0
5.84764719
2.923823595
0
4.358888626
2.179444313
0
0
0
6.931233406
6.931233406
0
0
6.050650597
0
6.050650597
6.050650597
3.025325298
0
5.1653018
10.3306036
15.49590588
5.1653018
0
5.194346905
5.194346905
15.58304024
0
0
0
13.27241325
8.848275185
4.424137592
0
25.45327187
0
0
0
0
4.391264915
8.782529831
0
0
4.058282375
0
2.029141188
0
0
12.06812668
12.06812668
6.034063339
0
0
0
0
0
10.27313328
5.136566639
10.27313328
0
8.548467636
8.548467636
12.82270145
0
37.26602936
12.42201042
0
0
0
10.32003593
6.880023956
3.440011978
3.440011978
0
6.656588078
0
0
13.31317616
0
8.472294807
16.94458961
0
0
16.94458961
0
0
26.04229736
0
0
10.24706173
0
0
10.24706173
30.74118614
7.119146347
7.119146347
0
0
14.23829269
0
0
30.74320793
0
20.49547195
12.90831757
0
0
0
0
0
0
0
0
0
0
0
0
0
28.35426712
0
0
0
0
0
0
0
13.19282532
0
0
0
0
0
0
0
0
0
0
0
0
0
32.49468231
48.74201965
0
0
0
16.24734116
0
9.956455231
0
0
0
12.80195713
0
12.80195713
0
0
0
0
17.6543045
0
0
0
20.98455238
0
0
13.98970222
0
0
13.17105389
13.17105389
0
0
26.77008057
8.923359871
0
17.84671974
10.16269016
0
10.16269016
0
0
0
0
6.901801109
6.901801109
27.60720444
0
9.240193367
27.72057915
18.48038673
0
0
0
14.78272724
0
14.78272724
7.726397514
15.45279503
7.726397514
15.45279503
15.45279503
38.04819489
0
0
0
0
0
0
0
0
0
0
0
0
0
0
0
0
0
0
0
0
0
0
0
0
12.50755119
0
0
0
0
0
0
0
0
0
0
0
0
0
0
0
0
0
0
0
0
0
0
0
0
0
0
0
0
0
0
0
3.233139515
0
2.778862238
0
0
0
0
0
0
0
-0.6
6.8
0
0
0
0
0
0
0
0
0
0
0
0
0
0
0
0
0
0
0
0
5.436431408
2.718215704
0
0
0
0
0
0
0
0
0
0
0
0
0
0
0
0
0
0
0
0
0
0
0
0
0
4.182867527
12.5486021
8.365735054
0
4.030213356
0
12.09064102
0
0
0.99988544
0.99988544
1.99977088
0.99988544
0
6.089302063
3.044651031
6.089302063
6.089302063
4.729156494
0
0
9.458312988
4.729156494
0
0
0
0
0
0
2.490469933
2.490469933
2.490469933
0
0
0
0
2.019978046
4.039956093
0
0
0
0
10.18067074
0
0
5.096624374
15.28987312
0
0
6.406406403
3.203203201
6.406406403
12.81281281
3.203203201
0
7.907068253
7.907068253
2.635689259
2.635689259
2.248337746
6.745013714
0
4.496675491
8.993350983
0
0
0
7.943498611
7.943498611
0
0
0
0
4.834115982
0
2.70861125
2.70861125
5.4172225
0
0
2.240290403
4.480580807
2.240290403
0
0
0
15.06103611
22.59155655
7.530518055
5.551296711
2.775648355
2.775648355
0
0
6.522762775
0
0
0
3.261381388
0
0
0
14.66169262
14.66169262
7.33084631
16.35726929
16.35726929
8.178634644
0
8.178634644
0
0
0
0
0
0
16.77685738
0
0
0
8.241845131
16.48369026
0
0
24.72553825
29.20088577
0
0
14.60044289
0
0
7.203166485
21.60950089
14.40633297
0
12.73290157
19.09935188
19.09935188
0
0
0
20.1282959
0
0
0
0
0
0
0
20.72234535
0
0
0
0
0
0
0
0
0
0
0
0
0
0
0
13.21262646
0
0
0
0
0
0
0
0
0
0
0
0
0
0
0
0
0
0
0
0
26.19761658
0
0
0
0
0
0
36.75806427
0
0
0
0
0
0
0
0
16.69466782
8.347333908
8.347333908
0
8.347333908
0
0
0
0
0
0
0
0
6.102413654
12.20482731
8.366438866
0
16.73287773
8.366438866
8.366438866
14.39809799
35.99524307
0
7.199048996
7.199048996
0
0
0
11.45580864
11.45580864
9.183048248
0
4.591524124
4.591524124
4.591524124
4.556843281
0
0
0
9.113686562
0
11.42537498
5.712687492
17.13806152
0
14.06278038
14.06278038
14.06278038
14.06278038
28.12556076
7.247522354
14.49504471
7.247522354
7.247522354
7.247522354
0
2.250684977
0
0
0
0
0
0
0
6.708245277
0
3.290529013
3.290529013
0
3.290529013
0
0
0
0
5.359737873
0
1.705516696
1.705516696
3.411033392
0
3.411033392
5.783353806
0
0
0
0
0
0
0
0
2.586009264
4.94359684
0
4.94359684
0
0
4.596644878
2.298322439
2.298322439
0
0
0
0
0
0
0
0
0
0
0
0
0
0
0
0
0
0
-0.6
6.8
0
0
0
0
0
0
0
0
0
0
0
0
0
0
0
0
0
0
0
0
0
0
0
0
0
0
0
0
0
0
0
0
0
0
0
0
0
3.570614576
1.785307288
0
0
0
0
4.101642132
0
0
0
0
0
3.398141861
0
7.452655792
3.726327896
0
0
11.17898369
1.259660125
3.778980494
2.51932025
2.638879776
2.638879776
2.638879776
5.277759552
5.277759552
0
0
1.998221159
5.994663715
0
0
2.533743143
2.533743143
0
2.533743143
0
0
0
0
4.334100246
4.517629147
2.258814573
0
2.258814573
0
6.701012135
0
10.05151653
3.350506067
3.350506067
0
2.566733837
0
0
2.566733837
0
2.170120478
0
0
6.510361671
0
0
0
7.984864235
2.661621332
0
0
6.925825596
13.85165119
0
3.462912798
0
2.686083317
2.686083317
0
0
5.973260403
0
0
7.964347363
1.991086841
4.014966488
0
0
12.04490089
4.014966488
4.434764862
0
8.869529724
0
0
10.03637695
0
0
0
3.345458984
0
5.251978397
7.877967358
2.625989199
0
0
3.726565123
3.726565123
0
3.726565123
1.993806362
8.332995415
3.387377501
5.98141861
3.987612724
0
13.11703873
6.558519363
0
0
0
11.3006382
0
5.650319099
8.475479126
0
16.73872375
0
0
0
0
0
0
9.580345154
0
9.580345154
0
0
0
0
0
0
0
0
13.01770878
0
0
0
9.874260902
9.874260902
0
3.498375654
3.498375654
0
0
0
0
7.473410606
0
0
3.736705303
0
0
0
0
0
26.30877113
0
0
0
0
0
0
0
0
0
0
0
0
0
0
0
0
0
0
0
0
0
0
0
0
0
0
0
0
0
0
0
0
0
0
0
0
0
0
32.64415359
0
0
0
0
0
0
14.59234238
0
10.71217442
21.42434883
0
0
0
0
0
3.798457861
0
0
0
0
7.400739193
14.80147839
9.93136692
9.93136692
39.72546768
0
0
0
22.31262016
0
0
0
0
0
26.01426888
8.671422958
0
9.963792801
4.9818964
9.963792801
0
0
0
10.02080822
0
0
0
0
7.628441334
3.814220667
0
3.814220667
0
0
0
0
4.762598038
0
5.704315186
0
11.40863037
5.704315186
5.704315186
6.683048725
2.227682829
0
0
0
0
1.960344553
1.960344553
1.960344553
0
0
0
0
7.655717373
0
0
0
2.413745403
7.24123621
2.413745403
0
3.876066208
7.752132416
3.876066208
7.752132416
0
0
0
0
0
0
0
4.30650568
0
0
0
0
0
0
0
0
0
0
6.576154709
0
0
0
0
0
0
0
0
0
0
0
0
0
0
0
0
7.07932663
-0.6
6.8
4.854605198
0
0
0
0
0
0
0
0
0
0
0
0
0
0
1.212724566
0
1.212724566
0
0
0
0
0
0
0
0
0
0
0
2.575714588
5.151429176
1.427257776
0
0
0
0
0
0
2.46402669
4.928053379
0
0
2.412960529
4.825921059
4.825921059
0
5.77844286
0
0
0
0
0
0
0
0
5.144142151
0
1.869539618
1.869539618
0
0
0
0
0
4.277583599
0
8.555167198
0
8.555167198
0
0
4.510974884
0
2.255487442
10.19270229
7.644526482
5.096351147
0
2.548175573
0
7.467675686
2.489225149
2.489225149
2.489225149
8.352550507
12.52882576
16.70510101
0
0
4.176275253
0
0
6.588944912
0
3.294472456
5.542613506
0
0
0
0
5.039819717
0
10.07963943
0
0
2.419105291
7.257316113
7.257316113
4.838210583
7.257316113
4.477478027
4.477478027
2.238739014
2.238739014
0
3.474660158
0
3.474660158
0
10.42398071
7.77077961
7.77077961
0
0
7.77077961
8.936368942
3.574547768
1.787273884
0
1.787273884
5.406016827
5.406016827
5.406016827
2.703008413
2.703008413
0
0
0
8.851059914
4.425529957
9.369310379
0
0
0
0
10.78784561
10.78784561
0
5.393922806
0
0
22.32443047
0
0
11.16221523
22.32443047
32.84160614
32.84160614
0
0
0
0
14.25112724
0
0
0
4.506575584
9.013151169
4.506575584
0
0
0
0
0
26.60972023
0
0
5.23045826
10.46091652
5.23045826
5.23045826
8.814962387
0
8.814962387
35.25984955
0
0
0
0
0
0
0
0
0
0
0
38.86291504
0
0
0
0
0
0
0
0
0
0
0
0
0
0
0
0
0
0
0
0
0
0
0
0
0
0
0
0
0
0
0
0
8.069272995
16.13854599
0
0
0
0
0
0
37.42391205
0
0
24.94927406
0
0
0
0
0
17.28393745
0
0
0
11.76306438
0
0
0
27.00786972
0
0
0
36.47080612
9.11770153
9.11770153
0
18.23540306
0
0
0
19.06295776
0
21.2501812
0
0
0
0
0
0
0
8.719820976
0
3.868035555
3.868035555
0
0
0
8.280713081
0
0
8.280713081
0
0
10.5462265
0
10.5462265
0
0
0
0
0
18.81022072
5.632954121
0
0
0
5.632954121
5.632954121
0
0
0
6.897731304
6.897731304
0
0
3.055011034
6.110022068
3.055011034
3.723899603
0
0
0
0
0
4.093011379
2.04650569
0
0
0
0
0
0
0
1.55647254
1.55647254
1.55647254
0
0
0
0
0
0
0
0
0
0
0
0
8.578475952
4.289237976
0
0
0
0
0
0
0
0
0
0
0
0
0
0
0
0
0
0
0
-0.6
6.8
0
0
0
0
0
0
0
0
0
0
0
0
0
0
0
0
0
0
0
0
0
0
0
0
0
5.833211422
0
0
0
0
0
0
0
4.005669117
4.005669117
0
3.937943459
0
0
0
0
4.480654716
2.240327358
0
0
4.480654716
4.122542381
4.122542381
4.122542381
0
0
1.687574625
0
0
0
0
0
0
0
0
0
0
2.265946865
4.53189373
0
0
0
6.275460243
0
0
15.83204937
7.916024685
0
0
8.957337379
11.94311619
2.985779047
0
5.971558094
6.987287045
13.97457409
0
0
27.94914818
0
6.621115208
3.310557604
0
0
3.310557604
0
0
0
0
0
0
9.461192131
9.461192131
9.461192131
0
8.316840172
8.316840172
0
0
0
0
4.902075768
4.902075768
0
9.804151535
0
7.068542957
7.068542957
4.712362289
0
3.13822341
0
6.276446819
3.13822341
0
2.163584709
2.163584709
2.163584709
6.490754128
6.490754128
0
0
0
0
0
0
0
2.479995966
9.919983864
2.479995966
0
6.252365112
25.00946045
0
6.252365112
6.399722576
0
12.79944515
0
0
0
4.479043961
0
4.479043961
0
4.479043961
0
21.82375336
21.82375336
10.91187668
0
0
16.80362511
0
8.401812553
8.401812553
0
0
16.77567291
0
0
0
0
31.26060486
0
15.63030243
0
0
0
0
0
0
0
9.747367859
0
0
0
14.62919903
0
0
0
0
0
0
7.246705532
21.74011612
5.945446014
5.945446014
0
0
5.945446014
0
0
0
0
0
0
0
0
0
0
0
0
0
0
0
0
0
0
0
0
0
0
0
0
0
0
0
0
0
0
0
0
0
0
0
0
0
0
17.7597084
0
0
0
12.76929092
0
0
0
0
0
0
0
0
9.491631508
0
0
0
0
0
13.6068573
0
0
13.6068573
0
7.873764038
0
0
0
0
7.085521698
0
0
14.1710434
7.085521698
0
0
19.16883278
0
9.584416389
0
0
4.915622234
9.831244469
0
9.366291046
28.09886932
9.366291046
9.366291046
0
0
0
0
13.3126955
0
0
0
0
0
0
19.48355484
0
0
9.74177742
9.74177742
0
0
0
13.98327923
6.991639614
6.991639614
0
6.541261673
0
0
6.541261673
0
7.985407829
0
7.985407829
7.985407829
0
0
0
0
0
0
0
0
0
0
0
0
0
0
0
0
0
0
0
0
0
0
0
0
0
0
0
0
0
0
0
0
0
0
0
0
0
0
0
0
0
0
0
0
0
0
0
0
0
0
0
-0.6
6.8
0
0
0
0
3.916040421
0
0
0
0
0
0
0
0
0
0
0
0
0
0
0
0
0
0
0
0
0
0
0
0
0
0
0
0
0
0
0
0
0
0
0
0
0
0
0
0
0
0
0
0
0
0
0
0
0
0
0
0
0
4.172236919
4.172236919
4.682612896
0
0
0
9.365225792
9.395524025
3.131841421
3.131841421
0
3.131841421
7.54600811
7.54600811
11.31901169
18.86501884
0
0
16.54264641
16.54264641
0
11.02843189
5.510557175
0
5.510557175
11.02111435
0
9.641442299
28.92432785
9.641442299
0
0
9.641442299
2.9502244
5.900448799
0
2.9502244
5.900448799
5.803098202
5.803098202
0
5.803098202
2.901549101
2.680388451
2.680388451
0
5.360776901
5.360776901
0
5.694463253
0
0
2.847231627
0
1.200921416
1.200921416
1.200921416
1.200921416
3.732500553
0
7.465001106
0
0
3.461562395
0
0
0
3.461562395
7.788406849
3.894203424
7.788406849
0
7.788406849
0
12.09229183
0
0
0
17.91377258
8.956886292
0
0
0
7.8495574
23.54866982
15.6991148
0
0
6.870898724
0
3.435449362
0
3.435449362
0
0
6.60834074
0
0
13.21668148
14.87457371
0
0
14.87457371
14.87457371
0
15.68528843
0
0
7.842644215
0
0
0
0
0
0
0
0
0
0
0
12.70714664
6.353573322
0
0
0
7.230611324
0
0
0
3.786373138
0
0
3.786373138
0
0
0
0
0
0
10.75577831
0
0
5.377889156
0
0
7.864345551
0
23.59303665
0
0
0
0
0
6.580871105
0
0
0
0
0
0
4.785101891
0
0
0
0
0
0
0
0
0
0
0
0
0
7.141132355
0
0
0
0
0
0
39.83348846
0
0
19.91674423
0
4.756734848
4.756734848
9.513469696
0
9.513469696
0
9.612010002
0
0
28.83603096
10.35048294
0
10.35048294
10.35048294
20.70096588
8.095860481
8.095860481
0
0
16.19172096
0
0
43.96541214
0
43.96541214
0
38.80816269
0
0
0
14.1541605
23.59026718
0
0
4.718053818
0
9.532432556
8.340878487
8.340878487
0
24.83923912
8.279746056
0
0
0
6.731842518
0
6.731842518
0
6.731842518
0
9.339529991
9.339529991
0
0
0
0
0
0
0
0
0
10.51880455
5.259402275
0
0
0
0
0
0
0
0
0
0
0
0
0
0
0
0
0
3.701112747
3.701112747
3.701112747
3.701112747
0
0
3.650947809
0
0
7.301895618
0
0
0
1.443258762
1.443258762
2.163552761
0
2.163552761
0
0
5.658599854
2.829299927
2.829299927
0
5.658599854
3.189810038
0
6.379620075
0
0
0
0
0
0
0
0
0
0
0
0
0
-0.6
6.8
0
0
0
0
0
0
0
1.369061708
1.369061708
0
0
0.648321211
0.648321211
0
0
0
0
0
1.822549462
0
5.851658821
2.925829411
2.925829411
0
0
0
0
0
0
0
6.805839062
3.607146263
0
0
0
0
0
0
0
0
0
0
0
0
0
0
0
0
0
0
0
0
0
0
2.923143625
8.769431114
2.504334688
1.252167344
0
2.099392653
0
6.298177242
4.198785305
0
9.969482422
0
0
0
0
10.23860073
0
0
0
0
0
0
0
0
7.589413643
4.573635578
4.573635578
2.286817789
6.860453129
2.286817789
6.31511879
3.157559395
0
3.157559395
9.472678185
0
11.13317966
0
14.84423923
3.711059809
0
0
0
10.27790928
10.27790928
0
3.414855957
6.829711914
0
3.414855957
10.24456882
9.191853523
0
9.191853523
4.595926762
9.191853523
8.303663254
4.151831627
0
0
12.45549488
0
0
0
0
0
-0.6
6.8
0
0
0
0
0
0
0
0
0
0
0
0
0
0
0
0
0
0
0
0
0
0
0
0
4.847867966
0
0
0
0
0
0
0
0
0
0
0
0
2.773942471
0
0
0
0
0
0
0
0
0
0
0
0
0
0
0
0
11.25731182
5.62865591
7.765731812
0
1.553146482
3.279873133
0
0
3.279873133
3.279873133
0
2.6431005
5.286201
7.929301739
7.929301739
7.778756142
3.889378071
3.889378071
7.778756142
3.889378071
2.374644756
4.749289513
2.374644756
2.374644756
2.374644756
0
10.39305592
5.196527958
5.196527958
0
3.911991358
0
0
0
0
0
0
0
0
4.898619175
7.347928524
1.906885147
0
0
1.906885147
3.813770294
0
0
0
1.664935827
6.659743309
6.102396488
0
6.102396488
0
9.153594971
0
3.465788603
0
0
6.931577206
3.403109312
0
3.403109312
3.403109312
3.403109312
5.956243515
5.956243515
2.978121758
0
5.956243515
5.445998192
0
10.89199638
0
5.445998192
34.84201813
0
27.87361336
0
0
5.557226181
16.67167854
0
0
0
0
0
0
0
6.218610764
0
0
0
7.610837936
7.610837936
0
0
7.309020519
0
0
0
22.31665039
0
11.1583252
11.1583252
11.1583252
0
0
0
0
28.62613106
10.04288197
5.021440983
5.021440983
5.021440983
5.021440983
0
0
8.807748795
0
0
5.593057156
0
16.77917099
11.18611431
11.18611431
7.168189526
0
0
0
7.168189526
0
0
10.01030159
5.005150795
5.005150795
4.360984325
4.360984325
8.721968651
13.0829525
4.360984325
22.73939514
0
0
0
0
0
0
0
4.44059515
4.44059515
0
10.60647964
0
0
0
0
0
0
0
0
0
0
0
0
0
0
0
0
26.61566544
0
0
0.290784627
1.014496446
1.512613893
3.04233861
5.668035507
16.5668087
33.1336174
0
0
0
0
0
0
0
0
0
0
0
8.996440887
35.98576355
8.996440887
0
9.004103661
9.004103661
0
0
13.97365952
0
13.97365952
0
0
5.629281044
0
16.88784409
0
0
8.602081299
17.2041626
17.2041626
8.602081299
17.2041626
0
19.65279579
0
0
9.826397896
10.33916283
0
15.50874519
5.169581413
5.169581413
9.65811348
0
9.65811348
0
0
4.296793938
12.89038372
0
0
8.593587875
15.13603306
0
0
0
0
0
5.014759541
5.014759541
2.50737977
0
0
0
10.94352818
0
0
0
0
0
3.878176451
0
3.878176451
2.399921417
2.399921417
0
2.399921417
0
0
3.359179258
0
0
0
0
3.07540822
0
6.150816441
0
0
0
0
0
0
0
0
0
0
0
5.098099709
0
0
0
0
0
0
0
0
0
0
0
0
0
0
0
0
0
0
0
0.800584555
0
0
0.503189981
0.888362646
0
0
0
0
0
0
