19790101
-99
-99
-99
-99
-99
-99
-99
-99
-99
-99
-99
-99
-99
-99
-99
-99
-99
-99
-99
-99
-99
-99
-99
-99
-99
-99
-99
-99
-99
-99
-99
-99
-99
-99
-99
-99
-99
-99
-99
-99
-99
-99
-99
-99
-99
-99
-99
-99
-99
-99
-99
-99
-99
-99
-99
-99
-99
-99
-99
-99
-99
-99
-99
-99
-99
-99
-99
-99
-99
-99
-99
-99
-99
-99
-99
-99
-99
-99
-99
-99
-99
-99
-99
-99
-99
-99
-99
-99
-99
-99
-99
-99
-99
-99
-99
-99
-99
-99
-99
-99
-99
-99
-99
-99
-99
-99
-99
-99
-99
-99
-99
-99
-99
-99
-99
-99
-99
-99
-99
-99
-99
-99
-99
-99
-99
-99
-99
-99
-99
-99
-99
-99
-99
-99
-99
-99
-99
-99
-99
-99
-99
-99
-99
-99
-99
-99
-99
-99
-99
-99
-99
-99
-99
-99
-99
-99
-99
-99
-99
-99
-99
-99
-99
-99
-99
-99
-99
-99
-99
-99
-99
-99
-99
-99
-99
-99
-99
-99
-99
-99
-99
-99
-99
-99
-99
-99
-99
-99
-99
-99
-99
-99
-99
-99
-99
-99
-99
-99
-99
-99
-99
-99
-99
-99
-99
-99
-99
-99
-99
-99
-99
-99
-99
-99
-99
-99
-99
-99
-99
-99
-99
-99
-99
-99
-99
-99
-99
-99
-99
-99
-99
-99
-99
-99
-99
-99
-99
-99
-99
-99
-99
-99
-99
-99
-99
-99
-99
-99
-99
-99
-99
-99
-99
-99
-99
-99
-99
-99
-99
-99
-99
-99
-99
-99
-99
-99
-99
-99
-99
-99
-99
-99
-99
-99
-99
-99
-99
-99
-99
-99
-99
-99
-99
-99
-99
-99
-99
-99
-99
-99
-99
-99
-99
-99
-99
-99
-99
-99
-99
-99
-99
-99
-99
-99
-99
-99
-99
-99
-99
-99
-99
-99
-99
-99
-99
-99
-99
-99
-99
-99
-99
-99
-99
-99
-99
-99
-99
-99
-99
-99
-99
-99
-99
-99
-99
-99
-99
-99
-99
-99
-99
-99
-99
-99
-99
-99
-99
-99
-99
-99
-99
-99
-99
-99
-99
-99
-99
-99
-99
-99
-99
-99
-99
-99
-99
-99
-99
-99
-99
-99
-99
-99
-99
-99
-99
-99
-99
-99
-99
-99
-99
-99
-99
-99
-99
-99
-99
-99
-99
-99
-99
-99
-99
-99
-99
-99
-99
-99
-99
-99
-99
-99
-99
-99
-99
-99
-99
-99
-99
-99
-99
-99
-99
-99
-99
-99
-99
-99
-99
-99
-99
-99
-99
-99
-99
-99
-99
-99
-99
-99
-99
-99
-99
-99
-99
-99
-99
-99
-99
-99
-99
-99
-99
-99
-99
-99
-99
-99
-99
-99
-99
-99
-99
-99
-99
-99
-99
-99
-99
-99
-99
-99
-99
-99
-99
-99
-99
-99
-99
-99
-99
-99
-99
-99
-99
-99
-99
-99
-99
-99
-99
-99
-99
-99
-99
-99
-99
-99
-99
-99
-99
-99
-99
-99
-99
-99
-99
-99
-99
-99
-99
-99
-99
-99
-99
-99
-99
-99
-99
-99
-99
-99
-99
-99
-99
-99
-99
-99
-99
-99
-99
-99
-99
-99
-99
-99
-99
-99
-99
-99
-99
-99
-99
-99
-99
-99
-99
-99
-99
-99
-99
-99
-99
-99
-99
-99
-99
-99
-99
-99
-99
-99
-99
-99
-99
-99
-99
-99
-99
-99
-99
-99
-99
-99
-99
-99
-99
-99
-99
-99
-99
-99
-99
-99
-99
-99
-99
-99
-99
-99
-99
-99
-99
-99
-99
-99
-99
-99
-99
-99
-99
-99
-99
-99
-99
-99
-99
-99
-99
-99
-99
-99
-99
-99
-99
-99
-99
-99
-99
-99
-99
-99
-99
-99
-99
-99
-99
-99
-99
-99
-99
-99
-99
-99
-99
-99
-99
-99
-99
-99
-99
-99
-99
-99
-99
-99
-99
-99
-99
-99
-99
-99
-99
-99
-99
-99
-99
-99
-99
-99
-99
-99
-99
-99
-99
-99
-99
-99
-99
-99
-99
-99
-99
-99
-99
-99
-99
-99
-99
-99
-99
-99
-99
-99
-99
-99
-99
-99
-99
-99
-99
-99
-99
-99
-99
-99
-99
-99
-99
-99
-99
-99
-99
-99
-99
-99
-99
-99
-99
-99
-99
-99
-99
-99
-99
-99
-99
-99
-99
-99
-99
-99
-99
-99
-99
-99
-99
-99
-99
-99
-99
-99
-99
-99
-99
-99
-99
-99
-99
-99
-99
2.038287163
0
0
0
0
0
0
0
0
0
0
0
0
0
0
0
0
1.278743863
0
0
0
0
1.618872643
0
0
3.064318657
2.042879105
0
0
0
0
0
0
0
2.134128571
0
0
0
0
0
2.323447943
0
0
0
0
2.840489864
0
0.99188292
0.525114477
0
14.7615509
0
0
1.034407496
5.407130718
0.564222276
0
1.673257947
0
0
0
1.162960052
20.34626579
0
0.288652033
1.01028204
0
10.03065872
1.558720827
1.796698689
5.54557991
4.940921307
2.332253218
34.51734543
20.63077736
0
1.579389572
1.579389572
0
0
0
0
6.32267189
3.236606121
2.787571907
1.43734169
7.36093235
8.319160461
0
0
19.60527611
1.601738334
0.896973491
0
2.114295006
8.552716255
3.488607645
0
1.519232392
3.657411337
10.73448563
0
0
0
0
0
0
0.730633199
2.77640605
7.160204411
1.749747515
5.267857552
0.949331105
0
0.763187766
0
0
0
22.01252365
14.65622425
11.00935555
37.93508911
21.64124489
0
0
4.615572929
2.985301733
3.260542631
4.255643368
6.224671841
2.880582571
5.345080376
0
0
1.600323558
0
0
4.019320965
11.97676468
5.765086651
12.87576389
19.08446503
15.33424187
2.916839838
6.417047501
10.20955276
4.089791298
0
4.298758984
1.791149616
2.567314386
0
0
8.688423157
0
5.589754581
0
5.747375488
2.679519653
2.446517706
3.611526489
12.88898182
0
6.15679121
5.322459221
0
0
5.043152332
3.544977427
8.756938934
6.393619537
13.44997406
5.414924622
0
19.07450867
9.781799316
10.22383595
8.440608978
0
8.202845573
0
6.720389843
0
0
13.18087482
4.678281307
11.04860497
0
33.91617966
6.041255951
4.561350346
7.062042713
0
5.563024044
13.99084091
0
15.68809891
0
0
0
0
0
0
10.18684578
3.757814646
0
0
21.94254303
0
0
0
0
9.158517838
0
0
9.483819962
6.330887794
9.688544273
0
8.051514626
6.548120022
0
8.230751038
12.19647789
0
0
0
0
0
19.46281242
14.68557739
0
0
0
0
0
0
0
0
0
0
0
16.98329163
11.67138863
4.142301559
7.424879074
0
4.923867702
11.00075912
3.439919949
12.1357584
0
8.311684608
4.946846485
0
0
0
25.18911743
8.968891144
4.824913502
9.299631119
7.996128082
5.252929688
5.085369587
32.58675766
0
10.51955509
0
0
1.534387231
2.261201859
0
1.485932708
7.311579227
4.655536175
13.42943096
0
0
10.1486454
0
12.01044655
9.053467751
6.279017925
0
10.52274132
5.238594055
23.86976624
5.056382179
0
0
0
0
0
0
0
5.492007732
5.750456333
8.076483727
11.8605299
0
11.11924744
0
5.930265427
24.2770195
4.587936878
1.835174441
0
0
0
0
0
0
5.384160042
0
0
0
0
2.525995255
0
1.556480646
0
0
0
0
0
0
0
0
0
0
0
1.984092832
0
0
0
0
0
0
0
0
0
0
0
0
0
0
10.79938602
0
0
0
0
0
0
0
0
0
0
0
0
0
0
0
0
0
0
0
0
0
1.914587498
0
0
0
0
0
0
0
0
0
0
0
4.950296402
0
0
0
0
2.722452879
1.115221739
0
0
0
0
0
0
0
0
0
0
0
0
0
2.133394957
0
0
0
0
0
0
0
0
7.872518539
0
2.856231213
2.416810989
12.96289539
1.31826055
3.735071659
28.46173668
8.263086319
0
0
8.263086319
4.581084251
1.527028084
3.054056168
15.38405609
0
0
0
0
0
0
0
0.285558462
1.353758693
6.993024349
0
1.125314236
0
0.884175539
7.530312061
9.822146416
12.60508823
18.33467674
1.964429379
0
16.72515869
0
0
0
0
0
0
0
3.890027761
0
0
0
4.643994331
4.643994331
0
4.006343842
5.34179163
6.009515285
1.335447907
21.36716652
10.80691624
0
0
0
1.886921763
0
0
3.400543213
0
14.42157936
7.028730392
10.39217281
1.336752653
0.560573637
2.24229455
10.50920486
0
0
0
6.005259514
16.33908844
0
4.08477211
0
0
0
13.77087879
4.590292454
9.180584908
0
0
0
0
11.30459881
0
0
0
0
12.8308754
0
0
0
7.768832207
0
10.47209454
1.913630366
7.074634075
1.159775972
3.537317038
8.87228775
6.030835152
0
10.56372547
0
23.55237007
0
0
0
0
6.922421932
4.649387836
0
0
0
0
0
0
4.395924091
13.9717598
4.115929127
0
0
3.280361891
2.546596527
5.006867886
8.287230492
0
16.85346222
0
0
0
0
0
0
23.58986473
27.70436859
0
20.16239929
0
0
0
0
0
26.45257378
0
0
0
0
0
0
0
11.40382099
0
0
0
0
0
0
1.452264667
0
0
1.947947741
0
0
0
0
0
0
0
0
0
0
0
0
0
0
0
0
0
0
0
0
0
0
29.12633705
0
0
39.37501144
0
0
0
0
0
0.932325542
1.105530977
0.409394562
0.438400179
0
0
0
0
0
0
3.729580641
2.067301273
2.506075621
5.307479858
2.151681185
0
0
3.515340567
0
32.65864944
0
0
4.401100159
13.81309414
0
0
3.669822693
0
0
5.195479393
0
9.343164444
18.68632889
0
0
4.429530621
17.86577415
3.489933252
0
10.89933109
46.89932632
0
0
6.949454308
6.683628559
13.72342396
0
12.00799561
12.00799561
0
0
5.559045792
0
0
5.559045792
0
0
0
0
8.022864342
8.022864342
6.731188297
6.731188297
5.889789104
11.77957821
0
0
0
0
0
0
0
0
0
6.887218952
0
0
8.241826057
0
0
0
0
0
0
0
0
0
0
0
0
0
0
0
0
0
0
0
0
0
0
0
0
0
0
0
0
0
0
0
0
1.703826189
0
0
0
0
3.55543828
0
1.964340568
0
0
0
0
0
6.8
0
0
0
0
0
0
0
0
0
0
0
0
0
0
0
0
0
0
0
0
0
0
0
0
0
0
0
0
0
0
0
0
0
0
0
0
0
0
0
0
0
0
0
0
0
0
7.972710609
0
0
3.543426991
0
0
0
0
0
0
0
0
0
0.495816767
0.495816767
0.495816767
0.495816767
0.495816767
0
0
0
0
0
0
0
0
0
0
0
0
0
0
0
9.700216293
0
0
0
0
0.486130714
0.972261429
8.750351906
1.458392024
4.05108881
2.754740238
5.424986839
3.587491989
0
0
0
0.538621008
6.860331059
1.417423844
0
0
8.101222038
0
0
0
0
10.36960602
5.925489426
5.184803009
10.36960602
10.36960602
0
0
6.105624676
0
0
4.584694862
13.75408554
4.584694862
0
0
0
3.13457489
0
0
3.13457489
4.392324924
0
1.921642065
0
0
0
0
0
3.173635721
29.74610901
21.36910629
0
0
11.48091698
3.318183899
2.46834898
0
0
4.93669796
2.46834898
0
7.204568386
28.81827354
0
14.40913677
21.61370659
13.48946953
20.23420334
33.72367477
0
6.744734764
0
0
6.208669662
17.89557457
38.58007813
6.401162148
10.15721416
0
12.74942207
20.47313499
0
1.052066207
0.420826435
0.636021852
1.936758041
0
0
0
0
0
0
0
0
0
0
0
6.22863245
0
0
0
0
23.72855186
0
0
0
21.39668655
13.44252777
0
0
0
0
0
0
0
0
0
0
0
0
0
0
0
0
0
0
0
0
0
0
0
0
0
0
0
0
0
0
0
0
0
0
0
0
0
0
0
0
0
0
0
0
0
0
0
28.81002045
0
0
8.011799812
0
0
8.011799812
16.02359962
0
0
17.85180855
0
0
9.968915939
0
11.39304829
0
0
17.92534828
0
0
9.777463913
11.9954977
0
15.92642403
15.92642403
0
15.92642403
0
0
0
0
0
4.157922745
0
0
13.85974312
0
0
0
0
11.6416254
11.6416254
0
0
25.52603149
12.76301575
0
0
0
0
0
0
0
0
0
10.02043533
11.45192623
0
0
0
14.74177933
5.94626379
0
0
0
0
0
5.454303741
0
0
0
0
0
0
0
0
0
14.37769222
1.727735162
0
0
0
0
6.894742489
0
6.894742489
0
0
4.525341511
9.050683022
4.525341511
4.525341511
4.525341511
0
0
9.828897476
2.665463448
0
0
0
0
0
0
3.668839693
3.210234404
0
0
0
0
0
0
4.936470032
0
0
0
0
0
0
0
0
0
0
0
0
0
6.8
0
0
0
0
0
0
0
0
0
0
1.052608252
0
0
0
0
0
0
0
0
0
0
0
0
0
0
0
0
0
0
0
3.70739913
0
0
0
0
0
0
0
0
0
0
0
0
0
0
0
0
3.004248381
0
1.001416206
0
0
0
0
0
2.337789774
2.574879408
0
0
0
2.755599022
3.149255991
0
6.298511982
6.298511982
0
0
0.878596902
11.2460413
0.527158201
5.94575882
1.246691346
0
0
23.20763588
2.209204674
8.008366585
0
3.589957476
22.9204998
0
8.483839035
23.13773918
0
0
0
8.637606621
2.519301653
0
2.519301653
0
17.7186718
0
0
17.7186718
0
4.578291893
0
0
13.73487663
0
7.082039833
0
7.082039833
0
3.541019917
0
6.408020973
0
5.850801945
0.975133598
13.25615597
13.25615597
0
0
13.25615597
5.590454578
0
0
3.105808496
0
0
0
2.587681293
4.312802315
0
0
4.743840218
0
4.743840218
0
0
3.009934902
29.34686661
0
3.009934902
34.71205139
13.25107479
0
0
0
1.581725717
0
0
0
6.631080151
0
0
0
0
0
39.61143494
0
0
0
0
7.974833012
0
21.26962471
0
7.388395309
0
0.982798994
0.609636068
1.865814567
0
0.39093259
0
7.993249416
15.98649883
0
23.97974777
1.596591353
2.989695787
1.580938458
0
0
4.777131081
11.02868366
0
0
9.229888916
8.340287209
8.340287209
0
0
16.68057442
4.657175064
0
0
4.366101742
23.43141365
0
0
0
33.71369171
0
0
11.48370934
13.97629833
12.15136719
0
21.75719452
0
0
21.75719452
21.75719452
0
0
3.484118938
0
12.22791767
6.398718357
43.71525955
30.61993408
0
14.44336605
0
6.420902252
0
0
0
10.91202545
0
7.012141228
6.527563095
0
7.924289703
0
0
0
0
32.06095505
32.08518982
0
0
0
0
7.494038582
8.158067703
0
13.91298199
15.87344933
0
0
0
2.274813652
0
8.644291878
0
0
4.096642494
1.797506452
3.135185957
0
6.68788147
6.68788147
26.75152588
0
0
52.00109482
4.497838974
11.69990063
0
9.62759304
0
9.62759304
0
0
5.272239208
10.54447842
5.272239208
5.272239208
0
7.281525612
14.2399807
10.90986347
5.715873241
8.275590897
5.727673054
5.727673054
0
11.45534611
6.545912743
0
6.791561604
0
6.791561604
6.791561604
7.800562859
0
13.65098381
0
0
0
0
0
20.7167244
0
0
0
8.854923248
8.854923248
8.854923248
0
1.218174577
0
0
0
0
2.437328815
0
0
0
4.874657631
0
0
0
0
4.333814621
0
8.68566227
0
0
4.963235855
0
0
0
3.175202131
0
0
3.225767374
0
0
0
0
0
0
0
2.445662498
5.85277319
0
0
0
0
0
0
0
0
0
0
0
0
0
0
0
0
0
0
0
0
0
0
0
0
0
0
6.8
0
0
0
0
0
0
0
0
0
0
0
0
0
0
8.801063538
0
0
0
0
0
0
0
0
0
0
0
0
0
0
0
0
0
0
0
0
0
0
0
0
0
0
0
0
0
0
0
0
0
0
0
0
0
0
0
0
3.704282522
9.562441826
0
0.825534582
0
0
0
7.243815422
7.243815422
5.795098305
0
0
0
20.28284264
3.237442732
4.55074501
1.404928088
4.917247772
0
12.68873024
0
0
0
6.34436512
2.605029106
0
2.605029106
2.977176189
7.815087318
4.503277779
2.119189978
3.090485334
0
0
9.536354065
2.958229065
0
0.702054381
5.298410892
6.738522053
0
0
7.140457153
0
7.140457153
0
19.77666092
1.08771646
8.998381615
0
5.615025997
0
6.417172432
0
2.807512999
0
0
3.499559641
3.499559641
3.999496937
0.293397963
2.515887499
1.995105982
1.709042907
8.479201317
11.3482399
28.37060165
11.3482399
5.674119949
0
9.199137688
13.7987051
9.199137688
0
0
10.76798534
0
10.76798534
0
6.153134823
0.940792322
1.245166183
35.4180603
3.486465216
0
0
0
0
10.06219101
0
0
0
8.393172264
0
0
0
11.81596756
0
10.33897114
0
0
0
0
16.78469658
0
0
18.25175858
9.125879288
18.25175858
0
9.125879288
0
0
0
17.37112808
17.37112808
9.146018982
0
0
9.146018982
9.146018982
5.776576042
5.776576042
5.776576042
0
0
31.35196304
31.35196304
0
10.45065403
0
10.8252964
32.4758873
21.6505928
0
32.4758873
14.86027241
0
29.72054482
74.30136871
0
0
12.58839512
0
12.58839512
0
0
0
0
0
0
7.375240803
6.942898273
11.90211296
6.281670094
0
11.64779377
13.66991138
12.40056229
0
10.21988487
11.32649803
0
7.286846161
0
13.1378603
18.2530098
0
0
15.5345192
13.59270382
13.59270382
17.9136734
0
0
0
17.9136734
0
0
0
10.2795229
10.2795229
0
0
9.866729736
0
0
0
16.27418137
14.34581852
10.10927486
11.803895
0
0
0
16.16254616
16.16254616
0
0
31.49349213
28.23031235
21.02095795
0
2.96569109
4.298585892
0
15.37827301
12.76246929
0
0
0
8.47465992
32.17751694
0
6.780235291
19.22680664
10.26721287
0
4.444077015
0
0
5.078945637
5.078945637
0
0
0
2.59480834
2.450652361
6.829926014
13.65985203
0
0
0
7.902109623
0
0
0
7.902109623
0
0
0
0
0
0
12.69729424
12.69729424
12.69729424
12.69729424
14.51119328
0
0
5.873898506
2.936949253
0
5.082839966
10.16567993
0
0
0
5.380244255
5.380244255
0
0
0
0
1.719199538
0
0
1.719199538
0
0
0
4.461454391
0
0
0
0
0
4.145830154
0
0
0
0
0
0
0
0
0
0
0
0
0
6.080424786
0
0
0
0
0
0
0
0
0
0
0
0
0
0
0
0
0
0
6.8
0
0
0
0
0
0
0
0
0
0
0
0
0
0
0
0
0
0
0
0
0
0
0
0
0
0
0
0
4.913675308
0
0
0
0.289037794
0
0
1.562180638
0
3.478502989
0
6.087379932
0
0
6.269272804
3.134636402
3.134636402
9.40390873
0
5.262349129
6.014113426
0
2.631174564
0
0
0
0
3.670679331
3.506794691
7.013589382
0
0
4.090993404
4.675421238
4.090993404
0
16.53911018
8.269555092
16.53911018
0
0
1.86534214
0.746136904
0
0
1.678808093
16.54460716
0
0
0
0
3.377585649
0
0
7.720196247
3.377585649
0
4.014111042
0
0
9.175111771
8.028222084
14.57050705
0
8.326004028
0
0
4.246672153
0.624510467
0
0
0
0.88322711
0
2.649681091
1.435243845
3.201698542
0
0
4.602319717
4.05730772
2.301159859
0
7.403842449
14.8076849
22.21152687
0
0
4.557827473
5.208945274
0
0
12.2422142
24.48442841
6.995551109
12.2422142
18.36332321
0
3.877349138
0
3.877349138
3.877349138
8.36425209
3.413980246
0
1.792339683
0
6.859116554
13.71823311
6.859116554
0
6.859116554
13.26954937
0
6.634774685
0
6.634774685
0
0
0
13.61573982
0
0
23.54535294
0
0
0
0
0
13.11231327
0
0
19.66847038
0
0
12.37137508
0
18.23150063
7.831157207
0
0
0
10.87238407
0
12.53612804
0
0
0
0
0
0
0
0
41.88394165
20.94197083
0
0
62.82591248
0
0
14.94513512
14.94513512
0
0
0
0
0
0
0
0
0
0
25.18711853
0
0
0
0
0
0
0
0
0
0
0
4.529867649
0
0
0
0
0
14.58840561
0
0
0
0
0
0
0
0
0
0
0
7.657911777
0
0
12.82116413
0
0
0
9.212507248
9.212507248
0
0
9.212507248
0
0
0
0
15.02271271
0
0
0
28.18671989
0
18.79114723
13.84526443
0
0
13.84526443
13.84526443
0
0
0
0
0
24.77663612
0
0
0
0
13.32708836
13.32708836
0
0
26.65417671
20.03484917
0
10.01742458
30.0522728
0
0
0
0
18.14838409
0
0
0
8.081809998
0
0
0
0
0
56.59461212
0
0
0
0
0
0
0
4.985538483
9.971076965
9.971076965
4.985538483
4.985538483
0
4.187704086
0
4.187704086
0
0
5.059691429
7.289385796
0
0
0
0
0
1.850275397
0
0
0
0
0
5.245269299
0
13.01425076
0
0
0
0
0
0
0
0
0
0
0
0
0
0
0
0
0
0
0
0
0
0
0
0
0
0
0
0
0
0
0
0
0
0
0
0
0
0
0
0
6.8
0
0
0
0
0
0
0
2.372811556
0
0
0
0
0
0
0
0
0
3.015001059
0
0
0
0
0
2.062093258
0
0
0
0
0
0
0
0
0
0
3.188469887
3.188469887
0
0
0
0
0
0
0
3.070896387
3.070896387
6.141792774
0
5.63184166
0
0
3.128800631
0
0
2.250945091
4.501890182
5.145017147
3.111776352
3.111776352
0
0
0
0
0
0
0
5.472287178
0
1.824095845
0
0
8.422159195
0
0
16.84431839
16.41564178
0
0
0
2.735940218
9.946032524
0
0
0
6.63068819
7.926413059
2.642137527
5.284275055
2.642137527
5.284275055
2.642137527
8.005080223
12.00761986
16.01016045
8.005080223
0
4.198160172
4.198160172
0
0
0
0
0
13.08017063
0
2.452531815
0
7.601843834
3.800921917
4.343910694
3.800921917
0
0.448651016
0.897302032
5.832463264
0.448651016
0
5.039160252
15.11748123
0
0
0
0
4.569571495
11.99512482
9.13914299
6.081671238
6.081671238
0
0
3.040835619
0
0
6.169260979
6.169260979
0
0
0
5.876941681
0
0
0
0
0
0
10.91098976
0
15.81615543
0
31.63231087
0
7.908077717
7.014442921
0
0
0
0
0
0
0
15.86532021
0
2.857100964
0
0
0
10.15640545
0
0
6.796946049
24.80594826
10.51493454
18.98882103
0
18.98882103
10.85075665
0
10.22667885
16.87401772
9.80831337
0
0
0
0
0
0
0
0
0
0
14.57839489
0
7.905913353
0
0
0
15.81182671
24.00404358
0
12.00202179
0
0
0
0
0
49.36124039
0
9.684049606
0
22.13497162
0
0
0
0
4.998820305
24.99410248
9.99764061
0
0
0
23.5894928
0
23.5894928
0
14.11014366
14.11014366
56.44057465
0
0
30.22504616
0
0
0
0
33.35117722
0
33.35117722
0
0
0
0
8.315969467
16.63193893
0
0
9.271116257
0
0
27.81334877
27.58429527
0
13.79214764
13.79214764
13.79214764
20.94301987
0
0
0
10.47150993
10.62822723
0
14.87951756
10.00824642
7.041200638
68.56896973
31.61873817
0
0
0
11.73340607
11.73340607
0
11.73340607
0
9.055433273
9.055433273
0
10.34906673
9.055433273
24.68233299
8.227444649
0
0
8.227444649
42.99518967
0
0
0
10.74879742
0
0
0
0
10.81596088
4.005127907
8.010255814
8.010255814
0
0
9.875552177
0
0
0
0
0
0.15724586
0.595115006
0.34110254
0
0.404000878
0
2.421918869
8.405483246
0
0
4.711574078
0
0
0
0
0
0
0
0
0
0
0
0
0
0
0
0
0
0
0
0
8.211278915
2.052819729
0
0
0
1.569984198
0
0
0
2.028007984
0
0
0
0
0
0
0
0
0
0
0
0
0
0
0
0
0
0
0
0
0
6.8
0
0
0
0
0
0
0
0
0
0
0
0
0
0
0
0
0
1.277030826
0
0
0
0
0
0
4.880086422
0
0
0
4.243748188
4.243748188
4.243748188
0
0
0
0
0
0
4.817208767
0
9.634417534
0
0
0
0
0
0
0
0
0
0
0
0
0
0
0
3.82123971
0
0
2.204400539
2.204400539
6.280385017
0
14.69739628
3.496296644
0
0
10.97725964
16.46588898
0
0
2.207563639
5.794854641
0
0
0
0
3.084844351
3.084844351
6.169688702
6.169688702
0
7.13531971
3.567659855
0
7.13531971
1.665529251
5.862370014
5.025936127
0
0
0.30815959
0
3.673592091
7.347184181
0
7.347184181
11.34910583
9.930467606
4.965233803
4.965233803
9.930467606
9.449379921
9.449379921
4.72468996
4.72468996
4.72468996
0.328139156
1.64069593
0.393767029
15.22565746
0
13.6648283
0
7.971149445
0
7.971149445
5.024302483
10.04860497
10.04860497
10.04860497
0
12.69609737
21.42947388
0
0
0
5.291862488
0
0
0
0
0
0
0
20.4743557
6.824784756
0
9.569411278
19.13882256
19.13882256
0
0
9.772118568
0
0
9.772118568
0
8.681132317
0
0
0
7.595990658
8.219033241
0
0
16.43806648
8.219033241
8.389129639
16.77825928
0
25.16738701
0
0
0
5.44203043
4.243784904
4.293712616
8.999379158
8.999379158
0
0
17.99875832
0
0
0
0
20.84615707
0
0
1.085994482
1.847515225
1.172079563
11.64470291
20.37822914
20.37822914
0
0
0
0
0
76.8293457
15.36586952
0
26.032341
0
0
0
5.735844135
0
6.687532425
4.166846275
0
0
0
5.061954975
0
9.893820763
0
0
0
0
0
0
0
0
0
0
17.01978683
0
0
0
0
0
0
0
0
0
0
0
0
5.267148972
0
0
9.788030624
19.57606125
0
0
0
0
0
0
0
0
0
0
0
0
0
0
0
16.67779541
0
0
0
0
4.483270168
6.918627739
3.874431133
5.368854523
29.45258331
0
0
0
12.88550568
16.53687859
33.07375717
8.268439293
8.268439293
24.80531883
0
10.01472759
10.01472759
0
0
0
0
17.68365479
7.736598492
7.736598492
0
9.485215187
18.97043037
0
0
3.888283014
5.041949272
0
0
3.717369795
0
0
9.758236885
0
4.251514435
0
23.49958038
7.833194256
7.833194256
0
0
8.839883804
8.839883804
4.419941902
4.419941902
0
5.241343021
0
9.696485519
0
0
0
0
0
0
0
0
0
0
0
1.448292255
2.52734971
1.895512223
3.475105286
0
0
6.313082695
0
0
0
0
0
0
0
0
8.100504875
0
0
0
5.226253033
0
4.298424721
0
4.298424721
4.298424721
0
0
0
0
0
0
0
0
0
0
0
0
0
0
0
0
0
0
0
0
0
0
0
6.8
0
0
0
0
0
0
0
0
0
0
0
0
0
0
0
0
0
0
0
0
0
0
0
0
0
0
0
0
0
0
0
0
0
0
0
0
0
0
0
0
0
0
0
0
7.020795822
0
0
0
0
0
0
0
0
0
0
0
0
0
8.229305267
0
0
0
0
5.822434425
9.936588287
0
7.452441216
2.484147072
7.452441216
0
17.00731087
11.33820629
0
11.33820629
4.569060802
9.138121605
5.221783638
9.138121605
4.569060802
8.088450432
0
9.243944168
4.044225216
4.044225216
0
0
4.21843338
8.43686676
3.691129208
3.691129208
0
0
0
5.694907665
8.542361259
0
2.608934164
2.608934164
5.217868328
5.217868328
2.765889406
2.420153141
0
2.420153141
2.420153141
0.917684019
0.62671113
10.385499
4.275064468
6.647614002
11.25545502
0
0
9.848522186
5.627727509
17.18550682
17.18550682
4.296376705
0
0
5.526000023
18.94628716
5.526000023
0
11.05200005
0
6.166698933
18.50009727
6.166698933
6.166698933
22.44876862
7.482922554
0
0
0
0
0
0
0
7.647801876
0
6.456498146
0
0
3.689427853
0
0
0
4.459817886
5.096934795
0
0
0
7.003675938
6.128216267
12.25643253
26.03683853
0
17.35789299
28.79832458
0
0
10.62932301
0
0
0
0
24.82140732
0
0
17.21484375
21.23185539
9.543613434
9.865307808
31.7405529
0
7.824674606
9.659030914
11.49338627
17.11110115
0
25.61010361
0
12.8050518
29.26869011
0
0
0
0
0
11.16428375
21.88496017
10.94248009
10.94248009
0
0
0
29.68642044
0
0
0
0
18.5945797
0
0
0
8.716705322
0
0
17.43341064
17.43341064
0
0
31.29499054
15.64749527
13.69155693
0
0
0
0
0
0
0
0
0
22.6090126
7.536337376
0
0
0
0
0
10.13429642
0
30.40289116
10.13429642
20.26859283
0
17.93458748
17.93458748
0
0
0
0
15.27484989
0
7.637424946
15.27484989
0
0
0
31.15967941
15.57983971
0
0
25.64849091
0
0
11.37584591
0
26.00193596
22.75169182
13.00096798
0
14.76461411
17.38245201
0
0
0
32.45882416
0
10.81960869
10.81960869
0
14.79860973
0
0
0
16.09189796
14.08041
7.040205002
7.040205002
0
0
16.02658653
0
0
0
7.979044914
0
8.35016346
5.195656776
0
0
26.96525574
13.48262787
13.48262787
0
0
0
0
7.917732716
0
0
1.100950003
0
0
0
0
0
0
0
0
3.954101801
0
0
0
0
0
0
0
0
0
0
0
3.974494457
0
3.974494457
0
0
0
0
3.573454142
0
5.95512104
0
0
0
0
0
0
0
0
0
0
0
3.44254303
1.721271515
0
0
0
0
0
0
0
0
0
0
0
0
0
0
0
0
0
0
6.8
3.373651981
0
0
0
0
0
0
0
0
0
0
0
0
2.105743885
0
0
0
0
0
4.08824873
0
0
0
0
0
0
0
0
0
0
0
0
0
1.745476961
0
0
0
0
0
0
0
0
0
0
0
0
0
0
3.456245422
13.17693615
0.894920766
7.222124577
0
0
3.209832907
0
0
0
0
0
0
0
0
0
0
0
0
0
0
0
0
0
0
0
0
0
12.4396677
0
0
0
0
0
0
0
0
0
0
0
5.841619968
10.22283554
6.432302475
12.86460495
0
0
0
0
7.837153435
5.224768639
0
0
0
0
3.312068939
3.312068939
13.24827576
25.91439247
0
0
6.478598118
11.33754539
4.571184158
4.8323946
14.2359724
21.02744484
0
0
0
5.536754608
9.689319611
7.266989708
8.908773422
0
0
26.72632217
0
0
0
3.591001272
0
4.104001522
0
0
15.1880846
14.01976967
0
0
12.05002594
0
0
0
2.567210674
0
0
0
2.567210674
0
12.67341614
6.336708069
6.336708069
0
6.336708069
16.66304779
0
11.10869884
0
0
0
0
10.02199936
0
10.02199936
10.53014755
10.53014755
21.0602951
0
10.53014755
11.18425465
0
0
11.18425465
11.18425465
0
0
0
35.29012299
0
35.38025284
17.69012642
0
0
0
10.90680599
0
0
0
5.453402996
0
30.64888763
45.97333145
30.64888763
0
0
0
8.343123436
0
0
0
0
0
0
0
0
0
0
0
16.04779816
11.26755524
22.53511047
0
0
0
0
0
0
0
8.19575882
8.19575882
0
0
12.41237259
6.206186295
0
0
0
0
0
0
0
7.520878315
0
0
0
0
0
0
0
0
6.617547035
13.23509407
13.23509407
0
0
6.617547035
16.69220734
0
0
0
0
0
39.16678238
0
0
0
24.64989853
0
12.32494926
24.64989853
0
0
0
0
0
0
0
0
0
0
18.29804993
0
0
0
13.60038185
27.2007637
6.95152092
0
13.90304184
0
6.95152092
16.52154922
8.260774612
8.260774612
0
8.260774612
17.92554474
17.92554474
0
8.962772369
8.962772369
22.44452286
0
0
0
0
0
0
0
13.05755424
0
12.59819603
12.59819603
0
0
0
0
0
0
0
0
0
2.253506899
0
0
6.760520458
0
0
0
4.001044273
8.002088547
4.001044273
4.117139816
0
0
4.117139816
4.117139816
0
3.471369028
0
0
3.471369028
3.110388041
3.110388041
0
0
6.220776081
0
3.494184971
0
0
0
0
1.603322983
1.603322983
0
0
1.91951859
1.91951859
3.83903718
0
3.83903718
5.829687119
5.10097599
0
0
5.10097599
3.661589146
0
3.661589146
8.369346619
0
0
0
0
0
0
0
0
6.8
0
0
0
0
0
0
0
0
0
0
0
0
0
0
0
0
0
0
0
2.645473003
0
0
0
0
0
0
0
8.103694916
0
0
0
0
4.148089886
0
4.148089886
0
0
0
0
0
5.706131935
11.77122402
0
0
0
0
0
5.357795715
2.678897858
0
0
0
0
0
7.838254452
3.919127226
2.388078928
2.388078928
2.388078928
5.687760353
2.843880177
0
0
2.843880177
6.487778187
3.243889093
3.243889093
0
6.487778187
0
4.448049068
0
0
13.34414768
0
9.567959785
0
0
4.783979893
2.885171652
5.770343304
5.770343304
0
8.655514717
6.836487293
0
0
10.25472927
3.418243647
3.418243647
9.851131439
8.596507072
0
31.90001106
1.812236667
5.324104786
6.084692001
5.324104786
0
15.97231483
0
0
0
12.83913708
0
0
0
0
0
12.91842651
0
0
0
0
0
0
0
14.94636059
0
11.38770485
0
0
7.686772346
13.45185089
13.45185089
5.036301136
0
0
11.51154613
17.26731873
10.255229
20.51045799
20.51045799
10.255229
0
9.504822731
9.504822731
21.72531128
0
0
0
13.5320406
13.5320406
27.06408119
13.5320406
10.82664967
0
21.65329933
0
0
0
0
0
9.88175869
8.646537781
0
0
9.302202225
0
9.302202225
0
0
0
0
0
0
0
12.20709133
12.20709133
0
12.20709133
19.70382309
59.11147308
0
0
0
0
14.62787914
0
7.313939571
0
13.22318554
39.66955948
0
13.22318554
26.44637108
0
0
17.67638206
17.67638206
0
0
13.2785778
15.17551804
6.639288902
0
0
0
0
0
0
15.42629814
0
0
0
0
0
0
0
0
0
0
0
0
0
0
28.41432571
0
0
0
0
0
0
0
0
32.58486557
0
0
0
0
0
29.12585068
21.88275528
0
0
0
0
0
0
0
0
0
0
0
11.07685184
0
33.23055649
0
25.15084076
0
0
0
0
0
28.32545853
0
0
0
0
0
0
0
0
0
0
0
12.48371887
12.48371887
33.91533661
0
0
0
16.9576683
0
22.33396721
7.444655895
0
0
0
42.23093414
31.67320061
10.55773354
0
0
0
0
0
15.55352688
0
16.78965187
0
0
0
0
0
0
7.007403851
7.007403851
0
0
9.297039032
0
9.297039032
0
0
5.935210228
0
0
0
0
0
0
0
0
0
0
0
0
0
0
0
8.896687508
0
0
0
0
0
0
0
0
4.945771217
0
0
0
4.418292522
4.418292522
0
4.418292522
0
0
0
0
0
0
0
0
0
0
0
0
0
0
0
0
0
0
0
0
0
0
0
0
0
0
0
0
6.8
0
0
0
0
0
0
0
0
0
0
0
0
0
0
0
0
0
0
0
0
0
0
0
0
0
0
0
0
0
0
0
0
0
0
0
0
4.638575077
0
0
0
2.319287539
0
0
0
0
0
0
0
0
0
0
0
0
3.073907614
3.073907614
0
0
0
0
0
9.178956985
0
0
0
0
0
4.659086704
0.532467067
0.532467067
0
0
0
8.711711884
0
0
0
0
0
4.861852169
0
4.445032597
0
0
0
3.889403105
3.348041296
3.348041296
0
0
0
0
0
3.870907784
3.870907784
6.77408886
6.77408886
4.519150257
10.32948589
5.164742947
9.038300514
4.519150257
0
0
4.682739735
0
0
14.59688854
16.68215942
0
0
0
3.653725147
0
3.653725147
0
0
2.81731534
3.219789267
0
5.63463068
2.81731534
0
0
0
4.113818645
4.113818645
0
13.61617374
15.56134319
0
20.42425919
0
0
21.00291443
0
0
0
5.054363728
10.10872746
5.054363728
15.16309261
21.78144836
5.445362091
10.89072418
0
0
22.26514053
9.740998268
0
9.740998268
0
0
9.095964432
9.095964432
0
0
0
10.80183125
0
0
10.80183125
10.80183125
0
0
0
7.706968784
15.41393757
11.91672802
0
11.91672802
0
0
14.11736107
0
0
0
0
15.64693165
0
0
0
0
0
0
0
0
0
0
0
0
0
0
0
12.35898018
0
11.35195255
7.369615078
12.34795666
0
0
0
0
0
0
0
0
0
0
0
0
0
0
0
0
0
0
0
0
0
0
0
0
0
0
0
0
0
0
0
0
0
0
0
0
0
0
0
0
45.73382187
0
0
0
0
0
0
0
0
0
0
29.91458702
0
0
14.95729351
0
0
0
0
0
0
0
26.29628754
0
39.4444313
13.14814377
17.52893829
35.05787659
0
17.52893829
0
0
0
0
33.60926819
30.21985817
0
0
9.834718704
0
0
0
10.90324211
0
5.451621056
0
11.97645283
5.988226414
0
0
0
0
21.85020638
0
10.92510319
10.92510319
8.068181038
8.068181038
8.068181038
0
0
0
11.20129585
0
0
0
0
0
4.810386658
0
0
0
8.616425514
0
8.616425514
0
4.308212757
4.939986706
0
0
0
0
0
0
0
0
0
0
0
0
0
0
0
0
0
0
0
0
0
0
0
0
0
0
0
0
0
8.063651085
7.05569458
0
0
0
0
0
0
0
0
0
0
0
0
0
0
0
0
0
0
0
0
6.8
0
0
0
0
0
0
0
0
0
0
0
0
0
0
0
0
0
0
0
0
0
0
0
0
0
0
0
0
0
0
0
0
0
2.171914816
4.343829632
0
0
0
0
0
0
0
0
1.705446959
3.410893917
3.410893917
0
0
0
0
0
0
0
0
0
0
0
0
1.479423642
5.348538399
0
0
0
0
3.157225132
0.417868048
7.707343578
2.553637743
4.92155695
0
0
0
9.22222805
0
0
0
0
9.317734718
0
0
0
0
0
3.655671358
3.420726538
6.841453075
6.841453075
3.909401894
6.841453075
3.909401894
0
2.941345215
2.941345215
5.88269043
8.824035645
3.581130266
5.371695042
0
3.581130266
0
4.211784363
4.913748741
5.381724358
0
4.913748741
3.742861509
0.693122447
1.755910516
14.74040699
0
0
0.485503405
12.04931164
0
0.220683351
0.847334385
14.63577557
1.001394987
0
0
0
0
12.48195839
8.321305275
0
3.268307209
3.268307209
3.268307209
3.268307209
3.268307209
0
2.994057894
0
0
2.994057894
1.885858417
0
3.771716833
1.885858417
0
2.891105175
0
2.891105175
5.78221035
5.78221035
0
0
18.97155762
0
0
7.899631977
18.63173103
0
0
0
27.94759941
8.533997536
0
8.533997536
17.06799507
25.60199356
0
0
0
0
17.20235443
8.202217102
8.202217102
0
0
0
22.77332306
0
11.38666153
0
0
0
0
22.18631744
0
0
11.01431465
22.0286293
0
22.0286293
11.01431465
0
10.62748051
10.62748051
0
0
0
0
0
0
0
0
0
0
0
0
0
0
0.575843811
0.41322127
1.026388407
3.800629139
3.673233986
2.675303221
0
9.788211823
3.439675093
0
10.57828999
0
0
10.57828999
0
0
0
0
0
0
0
0
0
0
29.70291519
0
0
0
14.8514576
0
6.473905087
6.473905087
12.94781017
12.94781017
0
0
0
22.63182449
0
0
7.520260811
0
0
7.520260811
0
0
11.14794159
0
0
0
0
6.110052109
0
12.22010422
0
10.14609718
0
20.29219437
10.14609718
30.43829346
0
0
19.1277771
0
0
10.62224674
0
21.24449348
31.86673927
0
0
0
0
31.54812813
0
0
6.315821171
12.63164234
25.26328468
12.63164234
0
0
14.76958656
0
0
0
8.159082413
12.5232439
0
3.60517621
0
20.52720833
30.79081154
0
0
14.64239883
7.321199417
7.321199417
0
0
7.321199417
0
0
0
0
0
0
2.675096273
0
0
0
0
0
3.524875879
5.287313461
5.287313461
0
0
11.0772171
5.538608551
0
0
6.307124138
0
0
3.153562069
8.365065575
19.12014961
0
0
0
7.100927353
7.100927353
7.100927353
0
3.550463676
2.944054365
0
0
0
0
0
0
0
0
0
0
0
0
0
0
0
0
0
0
0
0
0
0
0
0
3.139605284
0
6.8
0
0
0
0
0
0
0
0
0
0
5.450817585
2.725408792
0
0
0
0
0
0
0
0
0
0
0
0
0
0
0
0
0
0
0
0
0
0
0
0
0
0
0
0
0
9.608166695
0
4.804083347
0
0
0
0
0
0
0
0
0
0
0
0
0
0
3.489411831
0
0
0
11.81371689
17.72057343
0
0
0
0
0
13.89735126
0
0
0
0
0
1.923358202
1.923358202
2.198123932
3.846716404
3.934983253
0
0
3.934983253
0
2.505404234
0
0
2.505404234
5.010808468
2.505404234
4.146426678
34.77648163
4.815205097
18.59204102
0
0
0
13.70137119
0
0
0
0
0
0
4.238629818
12.30601025
0
0
0
0
0
2.422017813
14.93577671
9.688070297
0
2.076060057
5.120948315
0
0
1.660847783
0
16.07410049
5.358033657
5.358033657
10.71606731
3.631857395
3.631857395
0
7.26371479
0
12.25279427
7.001596928
18.37919235
6.126397133
0
0
0
3.306161642
0
6.612323284
8.796084404
20.10533714
0
0
10.05266857
0
14.95884609
7.479423046
7.479423046
0
0
6.371210098
0
6.371210098
0
12.7424202
0
0
0
22.41413879
11.2070694
0
0
0
0
0
0
17.33110046
0
0
0
0
0
0
0
15.59733868
0
23.24732399
0
0
0
0
0
0
9.096761703
0
0
0
0
7.04232645
0
10.50521564
0
10.50521564
0
0
0
0
0
11.2176857
0
0
0
10.8588419
0
0
0
0
0
0
0
0
0
0
0
0
0
0
0
0
0
0
0
0
0
0
0
0
0
0
0
16.70471954
0
11.88182354
11.88182354
11.88182354
0
0
27.16369629
0
0
0
0
0
37.06161118
18.53080559
0
18.53080559
0
0
0
0
0
0
0
0
0
0
0
0
0
0
9.070429802
0
38.92918396
9.73229599
0
0
0
0
9.07513237
9.07513237
0
0
10.4716301
0
5.235815048
0
5.895882607
5.895882607
5.895882607
5.895882607
0
10.02577209
20.05154419
10.02577209
0
10.02577209
9.244093895
9.244093895
0
27.73228264
18.48818779
0
0
0
6.733897209
0
21.88409615
7.294699192
7.294699192
7.294699192
7.294699192
0
0
0
8.050918579
8.050918579
4.02545929
4.397891045
2.198945522
0
2.198945522
0
0
0
0
0
0
0
3.116117954
3.116117954
0
0
0
0
0
0
0
0
0
0
0
0
0
0
0
0
0
0
0
0
0
0
0
0
0
0
0
0
0
0
0
0
0
0
0
0
0
0
0
0
0
0
0
0
6.8
0
0
0
0
0
0
0
0
0
0
0
0
0
0
0
0
0
0
0
0
0
0
0
0
0
0
0
0
0
0
0
0
0
0
0
0
0
0
0
0
0
0
0
0
0
0
0
0
0
0
0
0
0
0
0
0
0
6.223485947
10.66883278
2.466003895
4.93200779
7.398011684
2.466003895
0
3.744464874
7.488929749
7.488929749
0
3.744464874
5.90148592
0
0
2.95074296
17.70445824
0
2.911521435
8.734563828
0
0
0
0
3.873720407
3.873720407
0
0
0
6.063840866
3.031920433
0
0
4.42453146
2.21226573
4.42453146
2.21226573
4.42453146
0
3.645611286
5.468416691
1.822805643
3.645611286
0
3.736507893
3.736507893
3.736507893
3.736507893
7.964469433
14.79922771
13.21763039
2.485366344
0
0
0
0
45.59375
0
5.465046406
0
10.93009281
16.39513969
5.465046406
21.02597809
21.02597809
0
0
0
4.65776825
0
4.65776825
4.65776825
0
19.87230301
0
0
11.35560226
9.936151505
0
0
8.247675896
0
0
6.811467648
13.6229353
13.6229353
27.24587059
0
4.709052563
9.418105125
0
9.418105125
9.418105125
0
0
0
18.53044319
0
16.21413803
30.01012421
15.0050621
22.50759315
7.502531052
0
0
9.679011345
9.679011345
0
9.679011345
9.825817108
9.825817108
0
9.825817108
0
0
0
10.39949989
20.79899979
0
0
0
0
0
13.5386219
0
12.98167038
25.96334076
25.96334076
0
0
0
0
0
0
33.45823288
0
0
0
0
0
0
0
23.03269958
34.54904938
0
19.34892464
0
0
0
7.332542896
7.332542896
0
0
14.66508579
21.99762917
0
0
0
9.31590271
0
0
14.11152458
0
0
0
7.360363007
0
6.36422348
0
8.218149185
6.266420841
31.33210373
0
0
6.266420841
0
0
12.51097775
25.02195549
25.02195549
12.07236099
12.07236099
24.14472198
24.14472198
12.07236099
0
22.31707764
11.15853882
0
0
11.15853882
0
0
0
0
16.2144165
12.53529358
37.60588455
0
0
0
9.948185921
0
0
9.948185921
9.948185921
0
0
14.50853825
14.50853825
0
12.73161125
0
12.73161125
0
12.73161125
0
8.865492821
0
0
0
10.52038193
10.52038193
0
0
0
5.113906384
5.113906384
0
5.113906384
5.113906384
6.274161339
0
0
12.54832268
6.274161339
18.09106636
9.04553318
0
18.09106636
9.04553318
8.020774841
0
0
16.04154968
0
0
8.13047123
4.065235615
0
8.13047123
4.065235615
0
4.900334835
0
0
0
0
0
0
0
0
0
0
0
0
0
0
0
0
0
0
0
0
0
0
0
0
0
1.805870652
0
1.805870652
3.024088144
0
3.024088144
0
3.024088144
1.673173308
1.673173308
0
0
0
0
0
0
0
0
2.2054286
2.2054286
6.616285324
0
0
0
0
0
0
0
0
0
6.8
0
0
0
0
0
0
0
0
0
0
0
2.386168242
0
0
0
0
0
0
0
0
0
0
0
0
0
6.027420521
0
0
0
0
0
4.017137051
0
2.008568525
4.017137051
0
0
0
9.839150429
0
6.55943346
2.631275654
2.631275654
2.631275654
0
5.262551308
4.315919399
3.776429653
0
0
0
0
0
0
0
0
1.66264987
0
4.987949848
0
4.285583973
0
4.285583973
4.285583973
0
3.625081778
0
3.625081778
0
7.250163555
5.0559659
0
5.778246403
5.0559659
20.2238636
2.294403315
0
0
2.294403315
4.588806629
5.478989601
2.739494801
0
0
0
0
0
2.852214336
5.704428673
2.852214336
0
0
0
0
8.169711113
0
4.264144897
0
0
4.264144897
12.79243469
15.45394421
5.151314259
0
0
10.30262852
3.973351955
11.92005634
0
0
3.973351955
0
6.886712551
3.443356276
0
0
0
12.27790833
0
0
8.185272217
0
0
4.573077202
25.94521904
10.91938877
0
0
0
5.087627411
15.26288223
0
0
0
0
22.22187805
0
0
0
0
6.591524601
0
13.05799675
0
0
6.528998375
4.596919537
22.98459816
4.596919537
10.50724602
13.79076004
0
0
0
31.36453629
10.45484543
10.45484543
17.19678307
25.79517746
0
17.19678307
0
11.7513485
23.50269699
0
0
11.7513485
0
0
0
0
0
0
0
24.54213333
0
0
11.73860645
23.47721291
0
11.73860645
0
0
9.513514519
9.513514519
9.513514519
0
11.31282711
0
0
11.31282711
0
0
32.31766891
32.31766891
0
0
0
21.04567337
0
0
0
0
0
0
0
13.41792393
0
0
0
0
0
0
0
0
0
0
0
0
0
0
0
0
0
5.7773242
5.7773242
0
0
17.66067696
0
0
0
0
0
0
0
10.70595646
10.70595646
0
15.81772709
0
0
15.81772709
0
0
0
0
0
17.60063362
0
0
18.53145599
0
0
0
0
0
0
0
0
0
0
0
0
19.19592667
0
0
0
19.19592667
0
0
0
0
0
0
22.15159607
7.383865833
7.383865833
0
6.161688328
6.161688328
0
0
0
0
9.820776939
9.820776939
0
9.820776939
14.61239815
7.306199074
0
7.306199074
14.61239815
0
0
0
0
0
14.67852592
22.01778603
0
0
0
0
0
0
0
0
0
0
0
0
0
0
0
0
0
0
0
0
0
0
0
0
0
0
5.320765972
0
0
0
7.210443497
0
7.210443497
0
5.75428915
0
0
2.877144575
2.877144575
0
0
0
3.3312428
0
0
0
0
0
0
0
0
0
0
0
0
0
0
0
3.58239007
0
0
0
4.542980194
0
0
0
6.8
0
0
0
0
0
0
0
0
0
2.43859458
0
0
3.35006547
1.675032735
0
1.635433197
0
0
0
1.635433197
0
0
0
0
0
0
0
0
0
0
0
0
0
0
0
0
0
0
0
0
0
0
0
0
0
0
0
0
0
0
0
0
0
0
0
0
2.988937855
5.97787571
2.988937855
2.019618988
12.11771393
0
0
0
0
0
0
0
0
0
4.928618431
0
2.464309216
0
0
0
0
1.617228866
1.617228866
4.657000542
10.64457417
9.314001083
0
4.657000542
15.03778744
0
0
0
10.31162548
3.007557392
2.954375029
2.954375029
11.81750011
8.863125801
0
0
0
0
0
0
6.87071991
12.02375984
0
12.02375984
12.02375984
4.200161457
4.200161457
4.200161457
8.400322914
4.200161457
0
0
9.165615082
15.82090664
1.459493279
0
10.78393173
0
4.717969894
0
10.26834774
10.26834774
0
0
0
7.727891445
7.727891445
0
7.727891445
0
0
3.47764039
0
0
0
0
0
11.90877438
0
11.90877438
0
16.32024002
0
0
0
0
11.48438644
0
11.48438644
5.742193222
0
7.138157845
7.138157845
24.47368431
7.138157845
14.27631569
0
0
9.304362297
0
9.304362297
27.8973999
0
0
9.299133301
0
0
0
0
26.37202454
0
0
0
11.32771587
0
0
0
0
9.737121582
0
0
0
0
0
0
0
0
0
0
0
0
0
78.20497894
0
0
0
0
0
0
0
0
0
0
33.51260757
33.51260757
0
0
0
0
0
0
0
0
0
0
0
0
0
0
0
16.8198967
0
0
0
0
0
15.40698338
0
0
0
0
0
0
0
0
33.37766266
0
0
0
0
0
0
0
0
0
0
0
23.22859383
0
21.6787014
14.45246792
7.226233959
7.226233959
7.225403786
0
21.67621231
7.225403786
0
12.95545483
38.86636353
12.95545483
0
0
0
0
11.29193974
0
0
5.499898434
10.99979687
5.499898434
5.499898434
0
0
0
9.762644768
11.15730953
9.762644768
9.301577568
4.650788784
4.650788784
4.650788784
4.650788784
0
5.81627512
5.81627512
11.63255024
0
0
0
15.66421509
15.66421509
0
0
8.89286232
4.44643116
4.44643116
0
7.202679634
14.40535927
0
0
7.202679634
14.40535927
3.309098244
0
0
0
0
0
5.036780834
5.036780834
0
5.036780834
0
0
0
4.889989376
0
0
0
0
0
0
0
0
0
0
0
4.458918571
4.458918571
0
8.917837143
0
3.466302633
0
0
0
0
0
1.558276653
1.558276653
3.116553307
4.67482996
0
5.166152
0
0
0
0
0
0
0
0
0
0
2.892273903
0
0
0
0
0
0
0
0
0
6.8
0
0
0
0
4.800046921
0
0
0
0
0
0
0
0
0
0
0
0
0
0
0
0
0
0
0
0
0
0
0
4.023771286
7.041598797
0
5.492429256
0
0
0
0
0
0
0
0
3.726617575
4.335579872
4.335579872
0
0
0
0
0
0
0
0
0
0
0
0
0
0
0
0
0
2.982705116
2.982705116
0
0
0
0
0
0
0
0
0
4.931058407
0
0
0
0
0
2.04131484
2.04131484
0
0
0
0
0
0
0
0
0
5.450884819
2.72544241
0
6.803445816
10.20516872
3.401722908
6.803445816
4.1297822
4.1297822
8.2595644
8.2595644
8.2595644
5.379092693
8.068638802
5.379092693
6.147534847
0
0
0
4.638505459
16.23476791
0
0
5.911269188
3.241663694
2.288233519
6.101955414
0
12.23508358
5.352849007
10.70569801
10.70569801
10.68083191
10.68083191
5.340415955
5.340415955
0
23.9923172
0
17.11553955
6.418327332
6.265509605
0
0
0
0
0
9.462953568
0
0
43.25922012
10.81480503
0
0
9.112148285
0
0
0
0
9.987543106
0
9.987543106
4.993771553
8.039289474
4.135915279
16.19485092
3.571172237
12.35791874
0
0
0
0
0
0
17.82846832
0
5.942822456
0
0
0
25.01218224
0
0
26.47985649
0
6.619964123
0
0
11.92613697
0
0
11.92613697
0
0
15.40367699
0
0
0
13.74412632
13.74412632
13.74412632
13.74412632
0
13.45637131
0
0
0
6.728185654
0
0
0
0
11.49661827
0
0
0
0
0
0
0
0
0
0
0
0
0
0
0
0
0
0
0
0
15.98540878
14.42509842
0
28.85019684
0
0
0
0
0
0
0
0
0
0
0
0
0
0
0
0
0
0
0
0
0
0
0
0
0
0
26.33736038
0
0
0
0
28.98855019
0
0
0
0
0
0
0
0
0
0
0
14.7296772
0
0
14.7296772
0
0
0
0
0
10.57736206
0
0
28.82239532
0
0
7.153290272
21.45987129
0
0
0
0
8.147580147
18.62304115
8.147580147
8.147580147
0
4.923778534
9.847557068
0
4.923778534
0
0
0
8.161245346
0
0
5.374829769
0
0
0
0
3.480311394
3.480311394
0
0
0
0
0
0
0
0
0
0
0
3.172521353
0
0
2.870061874
0
0
0
0
3.565880299
0
1.782940149
0
0
0
0
0
0
0
2.116740942
2.116740942
0
0
0
3.600769758
0
0
0
0
0
0
0
0
0
0
0
0
0
0
0
2.294116735
2.294116735
0
0
0
6.8
0
0
0
0
5.152239323
0
0
0
0
0
0
0
0
0
0
2.553647041
0
0
0
0
0
0
3.58288908
0
0
0
0
0
0
5.177821159
0
0
0
3.740454197
3.740454197
0
0
0
0
0
0
0
0
0
0
6.303085804
10.65821266
7.105474472
3.552737236
0
0
0
0
0
0
0
0
3.979717731
3.979717731
0
5.050892353
5.050892353
5.77244854
11.54489708
4.407771587
5.037453651
0
10.0749073
5.037453651
3.504357576
7.008715153
10.51307201
0
0
9.568929672
0
5.467959881
9.568929672
5.467959881
0
4.434510231
5.068012238
0
0
3.396826982
6.793653965
0
3.396826982
0
3.396826982
8.074251175
14.12993908
0
0
7.06496954
4.063222408
16.25288963
4.063222408
0
0
0
0
6.01763773
5.265432358
5.265432358
9.109375
13.66406345
0
0
5.205357552
5.115677834
0
0
2.557838917
0
7.466719627
9.955626488
4.977813244
0
2.488906622
0
3.154261112
6.308522224
3.154261112
0
5.024453163
0
5.024453163
10.04890633
5.024453163
0
0
17.24635506
6.570040703
11.49757004
0
0
5.085461617
5.085461617
10.17092323
0
0
0
3.620393515
3.620393515
5.540127277
5.540127277
11.08025455
0
0
0
0
0
21.7291851
9.506518364
0
0
0
0
14.68506718
0
8.386217117
7.337940693
7.337940693
7.337940693
22.01382065
0
10.55781841
9.238090515
9.238090515
0
0
7.125030041
7.125030041
21.37508965
0
0
6.494983673
0
19.48495102
19.48495102
20.28120232
30.42180252
0
0
20.28120232
0
0
0
0
28.47138786
26.44187737
26.44187737
0
13.22093868
26.44187737
29.34295654
14.67147827
0
29.34295654
0
0
0
12.92674637
25.85349274
0
0
10.02426243
20.04852486
0
0
0
0
0
0
0
0
0
0
0
0
11.96895218
9.709076881
0
0
0
0
0
34.89942551
0
0
23.26628304
0
0
0
0
24.73663712
28.12680626
0
0
0
42.19021225
0
0
14.47844982
7.239224911
0
0
14.45064068
0
0
0
14.45064068
8.7099123
0
17.4198246
0
0
0
24.77443314
12.38721657
0
24.77443314
12.30057812
24.60115623
0
0
24.60115623
0
12.85408306
0
12.85408306
25.70816612
5.663876534
5.663876534
0
11.32775307
11.32775307
0
0
8.46314621
8.46314621
0
12.9884901
0
6.494245052
0
0
0
7.015637398
7.015637398
7.015637398
0
0
7.874094009
15.74818802
0
0
11.34269238
0
34.02807617
0
0
11.34269238
2.621385813
2.621385813
5.242771626
2.621385813
0
0
0
0
2.52402091
5.048041821
3.694516659
0
0
0
0
4.952736378
0
0
0
0
4.387609482
4.387609482
0
0
0
0
3.598777533
0
3.598777533
3.598777533
0
0
0
0
0
0
0
0
0
0
0
0
0
0
0
0
0
0
0
0
0
0
3.312086105
0
0
2.781279564
0
0
0
0
0
0
6.8
0
2.118155956
0
0
0
0
0
0
0
1.443980575
1.087324619
0
1.087324619
1.087324619
0
0
0
0
1.110189438
1.110189438
0
0
0
0
0
0
0
0
0
0
0
0
0
0
0
0
0
0
0
0
0
0
0
0
0
0
0
0
0
0
0
9.451420784
0
0
0
0
0
0
0
0
0
0
0
0
0
0
0
0
0
0
0
0
0
0
0
6.475337982
0
12.95067596
6.475337982
19.42601395
2.77747798
0
2.77747798
0
0
0
17.9656086
0
0
8.982804298
0
5.526202679
8.28930378
0
5.526202679
5.526202679
0
5.473684311
0
0
0
15.09528828
0
0
4.025410175
3.019057751
0
10.68343449
0
7.122290134
7.122290134
4.754370213
14.26311111
0
0
0
0
0
9.50242424
9.50242424
0
17.16643906
0
0
10.0137558
5.006877899
7.372812271
11.05921745
3.686406136
7.372812271
3.686406136
5.182740211
0
10.36548042
0
5.182740211
15.48914814
0
0
0
0
4.251489639
0
8.502979279
12.75446987
0
11.57516956
0
0
0
0
5.787584782
20.62985229
5.157463074
0
0
10.31492615
0
0
0
0
0
0
19.76980209
0
0
0
17.32322693
17.32322693
8.661613464
17.32322693
0
4.439808846
4.439808846
0
0
0
0
0
0
0
19.28478622
0
0
12.2243557
0
0
35.60315704
11.8677187
11.8677187
23.73543739
0
0
0
0
0
0
0
0
0
0
0
0
0
0
0
0
0
0
24.82609558
12.41304779
0
0
39.64442062
0
19.82221031
0
0
0
0
7.545340061
7.545340061
0
0
0
0
7.83686018
0
0
0
0
0
0
0
9.002860069
9.002860069
0
0
0
0
0
0
0
0
0
0
0
0
0
0
17.05102158
0
0
42.62755203
22.93013763
0
15.28675842
0
0
0
21.44585419
0
0
0
0
7.958468437
0
7.958468437
7.958468437
0
13.80337238
0
0
0
13.93517494
6.967587471
6.967587471
0
0
0
23.80482292
0
0
0
0
0
0
3.427027464
3.427027464
5.718276978
11.43655396
11.43655396
0
0
0
0
3.249635935
3.249635935
3.249635935
0
8.419201851
8.419201851
16.8384037
0
8.419201851
6.499842644
0
0
0
3.249921322
0
0
0
2.091377735
0
2.567667484
0
0
0
5.135334969
0
0
0
5.575704575
0
0
0
0
0
0
0
0
0
0
0
0
0
0
0
0
0
0
0
0
0
3.194518805
0
0
0
0
0
0
0
0
0
2.134087801
0
2.134087801
0
0
0
0
0
0
0
4.042702675
0
6.8
0
0
0
0
4.920814991
0
0
0
0
0
0
0
0
0
0
0
0
0
0
0
2.867932081
0
0
0
0
0
0
0
0
0
0
0
0
4.411654472
0
0
0
0
0
0
0
0
0
0
0
0
0
0
0
0
0
0
0
0
0
1.758948445
1.162912369
1.162912369
2.325824738
3.178314447
0
0
6.356628895
6.356628895
0
0
2.108089447
0
0
0
2.156720638
5.661391735
7.548521519
0
4.377808094
2.188904047
0
4.377808094
0
3.88555479
1.942777395
1.942777395
0
1.942777395
10.83149052
0
5.415745258
0
0
5.415745258
15.90675449
15.90675449
26.51125908
0
5.302251339
5.187700272
0
0
0
0
4.178337097
4.178337097
4.178337097
2.089168549
0
7.156540871
3.578270435
10.73481083
3.578270435
0
4.889695168
4.889695168
0
4.889695168
14.6690855
6.051418304
0
0
12.10283661
0
0
0
18.26111603
18.26111603
0
0
0
4.980587959
14.94176388
0
0
4.729490757
4.729490757
9.458981514
18.91796303
5.1671381
0
0
5.1671381
10.3342762
0
0
0
14.56821918
14.56821918
0
14.99909496
7.499547482
14.99909496
14.99909496
0
6.202796936
12.40559387
0
0
12.40559387
0
0
5.278660774
0
0
7.985496044
0
7.985496044
0
0
0
8.633341789
8.633341789
0
0
0
8.321721077
16.64344215
16.64344215
0
0
0
17.35818481
8.679092407
0
0
19.7065258
0
0
0
0
0
0
0
0
0
13.41090298
0
0
0
0
0
0
0
0
21.83397484
0
0
0
0
0
0
0
7.892336369
0
0
0
0
0
0
0
0
0
0
0
0
0
20.83991814
0
0
0
0
0
0
0
0
0
0
0
16.14910126
0
0
0
0
0
0
0
0
0
0
0
0
0
0
23.71725464
11.85862732
0
0
26.88820457
0
13.44410229
0
0
11.06224632
11.06224632
0
0
10.34486771
10.34486771
10.34486771
0
10.34486771
0
7.383537292
0
0
8.438328743
0
0
0
13.30127621
0
0
0
0
0
0
3.263249159
3.263249159
0
0
3.263249159
0
24.08953094
10.53917027
0
0
0
9.335803986
0
9.335803986
0
3.264720917
0
3.264720917
0
0
0
0
0
0
0
6.843357086
0
0
7.077239037
7.077239037
0
4.801865578
0
0
0
0
0
0
0
0
0
4.183833122
4.183833122
0
0
0
0
0
0
0
0
4.7747612
4.7747612
0
0
0
0
0
0
0
0
0
0
0
0
0
0
0
0
0
0
0
0
0
0
0
0
0
0
0
0
0
0
6.8
3.155207872
0
0
0
0
3.211807489
3.211807489
0
0
0
0
0
0
0
0
0
0
0
0
0
0
0
0
2.643030882
1.321515441
0
0
0
0
0
0
0
0
0
0
0
0
0
0
0
0
0
0
0
0
0
0
4.068223953
0
0
0
0
0
1.697762966
1.697762966
1.697762966
1.277620316
0
1.277620316
0
2.727305174
0
0
0
2.535932064
0
7.607796192
2.535932064
7.607796192
0
4.543937683
0
0
2.271968842
7.081649303
3.540824652
3.540824652
0
0
0
2.984452248
0
0
1.492226124
0
6.950846195
6.950846195
10.42626953
0
3.475423098
0
0
3.751011848
3.751011848
3.751011848
4.516577244
13.54973125
15.48540592
13.54973125
4.516577244
6.095995903
0
9.143994331
0
9.143994331
5.492444515
10.98488903
5.492444515
16.47733307
0
0
0
0
0
0
5.314154148
6.073318958
0
2.657077074
2.657077074
11.66905689
23.33811378
0
11.66905689
0
9.708512306
0
4.854256153
14.56276894
0
8.206046104
4.103023052
0
12.30907059
0
0
24.29170227
8.097233772
16.19446754
0
0
7.395281315
7.395281315
0
3.697640657
0
21.50717735
7.169059277
0
0
0
0
13.30426216
13.30426216
6.652131081
0
41.24369049
6.873948574
0
13.74789715
20.62184525
0
0
0
9.699627876
0
0
0
11.28222561
22.56445122
0
9.085582733
0
0
4.542791367
0
0
46.1363678
0
0
0
0
18.51036644
32.39313889
0
16.19656944
0
0
6.47968626
6.47968626
6.47968626
6.271459103
12.54291821
0
0
6.271459103
20.80569267
0
0
0
0
5.03196764
0
10.06393528
0
0
0
0
0
0
0
8.296669006
0
0
0
0
43.04714966
14.73950005
0
0
14.73950005
0
0
0
0
0
0
0
0
0
0
0
19.79468346
0
0
0
0
0
0
0
0
0
0
0
0
0
0
0
19.6615963
0
9.830798149
9.830798149
0
0
0
0
0
0
0
0
12.39261627
14.16298962
0
9.706831932
0
0
22.18704414
0
0
0
0
9.410758972
0
0
14.45979691
0
0
0
0
0
0
21.3619442
0
0
12.40752411
0
12.40752411
6.203762054
0
19.54347801
0
19.54347801
0
9.909060478
0
9.909060478
9.909060478
9.909060478
0
5.938121319
11.87624264
0
0
5.938121319
0
0
0
4.004824638
8.009649277
0
0
0
0
12.27120399
0
0
0
0
0
5.118440628
0
0
0
0
0
0
3.501186132
0
0
0
0
0
0
4.64201355
0
0
0
1.768562078
7.074248314
2.028063059
0
0
4.056126118
0
0
0
0
0
0
0
0
0
0
0
0
0
0
0
0
0
0
0
0
0
0
0
6.8
0
0
0
0
0
0
0
0
0
0
0
0
3.188812733
0
0
0
0
0
0
0
0
1.152407527
2.304815054
2.304815054
0
0
0
0
0
0
0
0
0
0
0
0
0
0
0
0
6.449491501
2.463652849
0
0
4.927305698
0
3.874046803
1.937023401
0
0
0
7.448888779
0
2.979555607
1.489777803
1.489777803
3.697154045
0
0
2.591571569
2.591571569
2.591571569
0
0
0
0
0
8.259737015
0
2.12197876
0
2.12197876
0
0
0
0
3.118497133
7.276493549
3.118497133
0
0
0
0
4.8574543
0
4.154998302
0
4.154998302
8.309996605
0
8.040492058
7.035429955
10.55314541
0
0
4.621916294
1.540638685
4.621916294
1.540638685
0
8.849342346
8.849342346
0
5.056767941
26.54802895
9.784456253
4.892228127
0
9.784456253
9.784456253
0
0
0
0
0
0
14.72598553
0
2.945197344
3.365939617
0
0
0
0
11.73171806
3.083003759
0
0
0
0
11.63073635
11.63073635
0
0
0
7.783881664
0
0
7.783881664
0
0
0
0
9.506225586
0
0
3.31730485
13.2692194
6.634609699
0
3.31730485
5.983872414
11.96774483
2.991936207
5.983872414
2.991936207
8.108219147
24.32465744
0
8.108219147
8.108219147
0
4.456128597
0
0
4.456128597
0
0
58.15059662
0
19.38353348
0
12.64616489
0
0
0
0
0
0
0
0
0
0
0
0
0
0
0
0
0
0
0
3.587063789
3.587063789
3.587063789
3.587063789
23.50195885
0
0
0
23.50195885
5.910577774
0
0
0
0
0
0
0
6.383308887
0
0
0
0
0
0
0
0
0
0
0
13.10553646
16.58462715
5.528209209
11.05641842
0
5.528209209
0
0
0
22.28912354
0
0
9.014840126
0
0
0
0
0
0
0
0
0
0
0
0
16.4727478
14.41365433
0
0
7.565809727
7.565809727
0
0
0
22.72093391
0
0
15.30723572
0
7.653617859
15.30723572
0
0
7.68768549
8.785926819
7.68768549
7.68768549
17.81165886
0
0
0
35.62331772
0
4.989905834
0
4.989905834
4.989905834
0
0
6.957680702
13.9153614
0
0
0
17.52778625
52.58335876
0
29.12076569
11.64830589
0
5.824152946
0
8.404407501
4.802518845
0
4.202203751
4.202203751
0
8.711645126
17.42329025
8.711645126
0
8.711645126
0
0
3.659642458
3.659642458
0
5.633495331
0
0
5.633495331
2.816747665
0
0
2.266770124
0
0
0
0
5.618157387
5.618157387
0
0
0
0
4.04367733
0
0
0
1.632892847
1.632892847
0
0
3.459839344
3.459839344
1.729919672
0
0
0
0
0
0
0
4.786849976
4.786849976
0
0
0
0
0
0
0
0
0
0
0
0
0
0
0
0
0
0
0
6.8
0
0
0
0
0
0
0
0
0
0
0
0
1.760958314
0
0
0
0
0
0
0
3.062947512
3.062947512
3.062947512
0
0
0
0
0
0
0
0
0
2.914030075
0
0
0
0
0
0
0
0
0
0
0
3.827385426
5.741078377
2.525969505
0
0
0
5.051939011
5.841218948
1.947072983
0
0
1.947072983
3.703069687
3.703069687
3.703069687
3.703069687
4.774219513
0
4.774219513
0
0
0
0
0
0
0
0
1.197782278
0
1.197782278
2.395564556
8.674870491
0
0
4.337435246
0
2.159774542
4.319549084
2.159774542
0
4.319549084
1.598482609
0
1.598482609
3.196965218
6.393930435
3.196965218
6.522094727
3.261047363
0
6.522094727
3.261047363
5.003851891
5.003851891
10.00770378
0
0
0
2.598842859
2.598842859
0
5.197685719
0
0
5.42404604
0
0
0
8.51949501
0
0
0
0
14.78047085
11.82437611
5.912188053
2.956094027
2.221767664
0
0
0
0
10.94684792
2.736711979
5.473423958
0
0
14.52117443
7.260587215
0
14.52117443
14.52117443
0
0
0
7.797004223
3.898502111
0
5.555173874
11.11034775
0
5.555173874
26.42464638
0
0
0
5.284928799
5.284928799
0
0
7.20635128
14.41270256
0
0
18.29554749
0
18.29554749
0
0
0
9.964741707
9.964741707
0
0
0
0
0
0
0
0
0
0
0
0
0
9.658736229
0
9.658736229
0
0
0
5.476676464
0
34.33366013
0
0
51.5004921
0
0
0
0
0
0
0
0
0
0
0
0
0
8.242895126
0
0
0
0
14.32391834
0
0
0
0
0
0
0
0
0
0
0
0
0
0
0
0
34.96089172
0
0
0
0
0
0
0
0
0
0
0
0
0
0
0
26.67624283
0
14.02497959
8.014274597
0
0
0
17.09160423
0
0
0
0
0
0
23.1030159
23.1030159
0
0
0
0
31.60033226
31.60033226
0
0
0
7.992215157
7.992215157
11.93059158
0
0
11.93059158
11.93059158
7.131981373
0
14.26396275
0
0
0
0
9.893147469
9.893147469
9.893147469
19.18792725
0
0
6.39597559
0
7.451515675
0
0
0
14.90303135
0
0
6.26126194
0
7.15572834
0
8.10115242
0
16.20230484
0
8.10115242
0
0
3.198055506
0
0
0
4.633511066
0
0
0
0
0
0
5.137263775
0
0
0
7.169004917
0
7.169004917
0
0
0
2.662970304
5.325940609
4.546390057
0
0
0
0
0
0
0
0
0
0
0
0
0
0
2.465328932
4.930657864
0
0
0
0
0
0
0
0
0
0
0
0
4.416040897
4.118542671
0
0
0
5.973321438
0
0
6.8
0
0
0
0
0
0
0
0
0
0
0
0
0
0
0
0
0
0
0
0
0
0
0
0
0
0
0
5.881442547
0
0
0
0
0
1.671839714
1.671839714
0
5.72678709
0
0
5.72678709
0
0
6.174813271
3.087406635
0
0
0
0
0
0
0
0
0
0
0
12.79938126
2.304434061
0
1.152217031
4.047477245
2.023738623
4.047477245
4.047477245
0
3.195137262
0
7.303171635
0
6.390274525
6.248616695
7.14127636
12.49723339
6.248616695
6.248616695
0
9.7348423
4.86742115
9.7348423
4.86742115
3.995506287
0
0
3.995506287
0
7.806263924
0
0
0
0
3.903131962
1.707685828
0
0
3.415371656
0
0
8.391106606
0
0
0
0
6.833894253
0
13.66778851
13.66778851
0
0
0
3.026547194
13.24114323
0
10.57922745
10.57922745
0
7.052817822
0
0
0
25.31711006
12.65855503
6.396665096
0
0
12.79333019
6.396665096
0
0
3.729652166
7.459304333
3.729652166
0
0
0
0
0
12.62884235
6.314421177
6.314421177
0
0
0
15.61365223
0
0
0
12.13651943
18.20478058
0
0
12.13651943
12.13651943
0
0
0
10.80417442
10.80417442
0
0
0
8.675299644
17.35059929
33.38172913
11.127244
0
11.127244
0
0
0
0
0
0
0
0
23.50264359
0
0
0
0
0
0
0
0
0
0
0
0
0
0
0
0
0
0
0
11.08511257
0
0
0
0
0
0
19.17309189
0
0
10.11578655
0
20.2315731
0
0
0
0
0
0
0
0
0
0
0
0
0
0
0
0
0
19.80658531
0
0
0
0
0
0
0
0
0
0
0
0
0
0
0
16.59549141
33.19098282
0
16.59549141
18.19796562
0
0
0
0
0
0
0
0
0
0
0
0
0
0
0
0
0
11.12349701
11.12349701
0
0
24.29502678
24.29502678
0
0
24.82653427
12.41326714
12.41326714
12.41326714
0
0
0
0
19.26860046
8.009413719
0
8.009413719
8.009413719
16.01882744
0
0
0
0
17.04026031
0
16.0476265
0
16.0476265
16.0476265
0
0
0
0
0
0
0
0
12.96743584
0
6.483717918
9.884745598
0
8.649151802
12.97372818
8.649151802
0
0
0
0
0
1.13591063
0
0
0
0
0
0
0
0
0
0
0
0
0
4.74272728
3.561110258
0
0
0
3.561110258
7.780830383
0
0
0
0
1.941182494
0
1.941182494
0
3.882364988
5.331524372
0
0
0
0
0
0
0
0
0
0
0
0
0
0
0
0
0
0
0
0
0
6.8
0
0
0
0
0
0
3.416637659
0
0
0
0
1.092400789
0
1.092400789
0
0
0
0
0
0
0
0
0
0
0
0
0
2.379210949
4.758421898
4.758421898
0
0
0
0
0
0
1.809870481
0
0.904935241
0.904935241
1.809870481
1.616065979
0
0
3.232131958
3.232131958
5.150987148
1.716995716
3.433991432
0
0
1.841525197
1.841525197
0
0
0
2.340999126
0
0
5.994046688
2.997023344
2.997023344
2.997023344
5.994046688
4.998070717
9.996141434
4.998070717
4.998070717
0
0
2.960916042
0
2.960916042
0
3.128564119
0
0
3.128564119
6.257128239
3.296942711
9.890828133
0
0
0
2.640813112
2.640813112
2.640813112
0
2.640813112
5.281626225
0
6.747799397
3.373899698
6.747799397
6.747799397
4.03506422
0
0
0
0
5.364835262
2.682417631
2.682417631
5.364835262
0
5.251451492
10.50290298
0
2.625725746
0
0
0
0
9.022337914
9.022337914
0
4.345332146
13.03599739
4.345332146
8.690664291
5.597105503
5.597105503
0
0
0
10.61991405
10.61991405
5.309957027
0
21.23982811
6.666375637
0
19.99912643
6.666375637
13.33275127
17.58372307
0
5.861240864
17.58372307
11.72248173
0
0
14.87421608
0
7.43710804
6.079946041
0
6.079946041
0
12.15989208
0
0
8.211856842
24.63557053
0
0
0
12.66632271
12.66632271
25.33264542
0
13.30845165
0
0
0
19.962677
0
0
8.777162552
0
8.777162552
0
12.05505753
0
24.11011505
0
0
0
0
9.770882607
0
0
0
0
0
0
0
19.64073753
0
0
0
0
0
15.10613632
30.21227264
0
0
0
0
0
0
0
0
0
0
0
0
0
12.83316135
0
0
38.49948502
34.30525589
34.30525589
0
0
0
0
0
0
0
0
0
0
0
0
7.099899292
0
0
0
0
0
0
0
0
0
0
20.48801804
0
0
0
0
10.24400902
30.56175041
0
20.37450218
0
0
9.245447159
18.49089432
18.49089432
0
0
0
16.92563248
0
0
16.92563248
0
0
0
0
0
0
18.04837036
9.024185181
9.024185181
9.024185181
0
5.826115131
5.826115131
5.826115131
5.826115131
0
0
0
18.17030716
0
0
0
0
15.89114571
0
26.45521164
0
6.61380291
6.61380291
6.61380291
6.191191196
6.191191196
0
30.95595741
0
0
8.634137154
0
0
8.634137154
0
6.242990017
0
6.242990017
0
0
6.607579231
3.303789616
0
3.303789616
0
0
0
1.566610694
0
0
0
0
0
0
0
0
0
0
0
0
0
0
0
0
0
0
0
0
0
0
3.103001595
3.103001595
3.103001595
0
0
0
0
0
0
0
0
0
0
0
0
0
0
0
0
0
0
0
0
0
0
0
0
0
0
0
0
0
6.8
0
0
2.428679466
0
0
0
0
0
0
0
0
0
0
0
0
0
0
0
0
0
0
0
0
0
0
0
0
0
1.827898622
1.827898622
0
0
0
0
0
0
2.354887486
4.709774971
7.064662457
4.709774971
2.354887486
0
0
0
0
0
0
0
0
0
3.406056881
2.457458735
2.457458735
2.457458735
0
0
0
0
0
0
0
0
0
0
0
0
3.241789341
3.241789341
3.241789341
0
0
0
0
0
9.59877491
0
3.199591637
3.199591637
0
0
0
4.999989986
0
4.999989986
11.96775246
0
0
0
17.95162773
0
4.96847868
14.90543556
0
4.96847868
29.81087112
0
26.32542229
0
0
0
0
0
6.707972527
0
6.707972527
6.381953239
6.381953239
9.572930336
0
0
7.007660389
7.007660389
3.503830194
0
0
8.656404495
8.656404495
2.885468483
5.770936966
2.885468483
7.213343143
28.85337257
0
14.42668629
7.213343143
0
0
4.514897823
0
4.514897823
23.6623745
0
0
7.887457848
7.887457848
0
0
0
0
4.89318943
17.89361954
0
0
0
11.92908001
0
9.654028893
0
0
0
0
0
24.11250496
8.037501335
16.07500267
8.037501335
17.57243347
0
0
0
8.786216736
0
0
9.482559204
0
0
0
0
0
0
18.72366905
0
0
14.54149914
14.54149914
0
0
0
25.53402328
0
0
0
0
0
0
0
0
0
0
0
0
0
0
0
0
0
55.50122833
0
0
0
18.50041008
17.47670746
0
0
0
52.43012238
0
40.94228745
0
0
0
0
0
0
0
0
0
0
0
0
14.13668823
0
0
0
0
0
0
0
0
0
0
22.64032173
0
0
0
0
0
9.31548214
18.63096428
18.63096428
0
27.94644737
27.94644737
19.65584373
0
19.65584373
19.65584373
9.827921867
0
0
14.78373623
44.35120773
0
21.82624626
10.91312313
0
0
10.91312313
17.43675232
0
0
52.31026077
17.43675232
20.26636887
0
10.13318443
20.26636887
20.26636887
0
0
23.53686333
0
0
0
0
0
0
3.948228598
0
0
18.64189529
0
0
3.088029623
0
9.264087677
0
3.088029623
4.283510208
4.283510208
4.283510208
12.85053062
4.283510208
0
0
8.05103302
4.02551651
8.05103302
9.014192581
9.014192581
0
9.014192581
9.014192581
9.014192581
2.55399847
5.107996941
0
2.55399847
2.55399847
0
0
0
3.219452143
3.219452143
2.299052
0
2.299052
0
2.299052
0
0
0
0
8.878056526
2.652291059
0
0
0
0
0
0
0
0
0
0
4.693321705
4.693321705
9.38664341
0
0
0
0
0
0
0
0
0
0
0
0
0
0
2.847069025
0
0
0
0
0
0
0
0
0
0
0
0
0
6.8
0
0
0
2.838674784
2.838674784
0
0
0
0
0
0
0
0
0
0
0
0
0
0
0
0
0
0
0
0
0
0
0
0
0
0
0
0
0
0
0
0
0
3.320014715
0
0
0
0
0
0
0
0
0
0
0
0
0
0
0
0
3.645297766
0
0
1.247837305
2.49567461
0
2.158534765
0
4.31706953
4.31706953
1.630223155
4.890669346
0
1.630223155
3.26044631
0
6.421252728
4.280834675
0
0
2.07146883
4.14293766
4.14293766
2.07146883
0
5.513982296
2.756991148
2.756991148
0
0
3.570119858
3.570119858
7.140239716
7.140239716
0
10.71035957
2.268059731
6.804179192
4.536119461
0
4.536119461
3.387578011
6.775156021
0
0
3.387578011
0
0
6.377705574
9.566558838
0
5.596371651
5.596371651
0
0
0
0
10.07933044
20.15866089
0
0
0
7.706967354
7.706967354
3.853483677
0
0
3.52382493
10.57147503
0
7.04764986
0
0
3.99671793
3.99671793
0
8.288114548
0
20.72028732
4.144057274
0
7.536431789
0
7.536431789
11.3046484
0
10.3082943
0
0
10.3082943
20.61658859
0
0
23.58139038
17.68604279
5.895347595
5.895347595
0
0
18.08252525
0
0
10.28460407
0
0
0
0
0
0
11.07673359
22.15346718
0
0
10.88310909
0
0
0
10.37153149
10.37153149
10.37153149
20.74306297
0
7.134604454
7.134604454
21.40381432
7.134604454
35.67302322
10.72026157
0
21.44052315
0
0
0
0
0
0
0
0
0
0
15.20979691
0
0
0
10.62657833
31.87973404
0
0
37.70070648
0
0
18.85035324
42.89235306
17.15694237
0
0
17.15694237
8.578471184
0
0
20.29481125
0
0
17.39268684
17.39268684
0
0
0
0
0
17.48408318
0
0
0
0
0
0
0
0
8.298233986
0
0
16.59646797
0
0
15.3016119
15.3016119
0
15.3016119
5.1881814
5.1881814
0
10.3763628
0
0
0
0
0
17.05279732
24.56704521
0
0
0
0
0
0
24.55379295
0
12.27689648
0
19.17644691
12.78429794
0
6.392148972
8.955766678
26.86730003
17.91153336
0
0
3.285115242
0
9.855345726
0
6.570230484
11.84522724
0
0
5.922613621
5.922613621
5.421604156
0
10.84320831
10.84320831
0
11.34078026
22.68156052
11.34078026
0
0
0
0
9.533180237
0
0
0
0
5.07709074
10.15418148
0
0
8.304862976
0
16.60972595
0
0
0
0
0
0
3.923697472
0
0
0
0
0
0
0
0
0
0
0
0
0
0
0
0
0
0
0
0
0
4.543794155
9.08758831
4.543794155
4.543794155
0
0
0
0
0
0
5.392540932
0
0
0
3.813743353
0
0
0
0
0
0
0
0
0
0
0
0
0
0
0
0
6.8
0
0
1.909869432
0
0
0
0
0
0
0
0
0
0
0
0
0
0
0
0
0
0
0
0
0
0
0
0
0
0
4.201788902
2.100894451
0
0
0
0
0
0
4.639089584
9.278179169
0
0
3.683352232
0
0
3.683352232
3.683352232
2.176959038
0
4.353918076
0
0
0
4.02396965
0
4.02396965
4.02396965
6.890744209
0
0
0
0
0
0
0
10.33082676
5.16541338
15.49623966
0
0
7.557538986
7.557538986
11.33630753
0
3.778769493
0
0
3.225166559
3.225166559
3.225166559
5.261401176
0
2.630700588
0
5.261401176
4.77704668
9.554093361
0
9.554093361
0
9.554093361
10.63179302
10.63179302
0
5.315896511
0
5.097007275
10.19401455
5.097007275
5.097007275
0
0
0
23.88747215
0
0
11.63442326
0
5.817211628
11.63442326
0
2.399446011
0
0
7.198338509
0
0
4.09209156
0
0
0
9.093759537
13.64063931
9.093759537
0
4.546879768
14.79864407
7.399322033
0
22.19796562
0
2.978467703
0
0
2.978467703
0
0
3.645073652
0
10.93522072
0
0
0
0
0
16.81617928
0
0
0
15.33555603
0
0
0
0
0
12.84174633
6.420873165
0
0
7.841745853
7.841745853
23.52523804
51.29597855
0
0
0
10.25919437
14.57272243
0
0
21.85908127
0
0
0
0
10.78501797
5.392508984
12.01680088
6.00840044
18.0252018
0
12.01680088
0
0
21.9860611
43.97212219
0
24.34428406
0
24.34428406
24.34428406
0
0
0
0
0
0
0
0
0
0
0
0
0
0
27.62235451
0
0
0
0
0
0
0
0
0
18.76140976
0
0
9.105090141
0
0
0
0
0
9.491976738
0
0
0
5.158958435
0
5.158958435
0
15.47687531
0
0
0
0
4.774080276
0
0
24.69089127
0
0
0
0
0
0
0
3.377299547
15.04324627
0
15.04324627
0
0
0
10.4376049
20.87520981
0
10.4376049
0
0
0
0
17.45187187
0
0
0
0
16.48999977
0
0
0
0
0
0
0
0
0
11.70433712
0
10.53110027
5.265550137
5.265550137
0
0
4.691884041
4.691884041
9.383768082
0
5.362374306
0
0
5.362374306
0
5.878647804
5.878647804
0
0
11.75729561
0
8.281704903
8.281704903
4.140852451
0
0
5.091102123
2.545551062
5.091102123
2.545551062
2.545551062
2.280518293
3.040691137
0
0
2.280518293
0
8.293592453
4.146796227
0
4.146796227
0
0
0
0
0
0
0
0
0
0
0
0
0
0
0
0
0
0
0
0
0
0
0
1.82134819
0
3.190375805
6.38075161
0
0
0
0
0
0
0
0
2.151283264
2.151283264
0
0
0
4.114599705
0
0
0
0
0
0
6.8
2.288094044
0
0
0
0
0
1.140247583
0
0.997716606
1.995433211
0
0
0
0
2.404875278
0
0
0
0
0
0
0
0
0
0
0
5.256085396
1.752028346
0
0
0
0
0
0
0
0
0
0
0
0
0
3.62740469
10.88221455
0
21.76442909
0
0
5.774968624
0
0
2.887484312
3.563233376
3.563233376
0
0
3.563233376
1.332040787
1.332040787
1.332040787
3.300354958
0
3.300354958
0
3.300354958
0
0
5.340999603
21.36399841
16.02299881
0
7.957947254
3.978973627
7.957947254
7.957947254
4.357575417
0
0
4.357575417
6.536363125
0
0
0
0
0
0
0
0
0
8.920847893
4.460423946
3.661721468
3.661721468
7.323442936
0
0
6.384757042
0
0
0
6.384757042
0
2.981669903
0
5.963339806
5.963339806
2.689947128
5.379894257
0
2.689947128
8.069841385
2.96919632
8.907588959
5.938392639
5.938392639
0
3.05252552
0
6.105051041
0
0
7.582466602
11.37370014
0
3.791233301
11.37370014
0
0
0
0
0
0
0
4.884339809
4.884339809
4.884339809
11.05002403
11.05002403
0
0
11.05002403
0
0
10.48875618
0
0
28.37828827
9.459429741
0
9.459429741
0
0
0
0
6.573880672
13.14776134
0
14.20560837
42.6168251
14.20560837
0
0
12.57464981
12.57464981
0
0
12.57464981
8.881108284
0
4.440554142
0
0
0
12.99636364
6.49818182
0
6.49818182
0
0
14.26039028
0
0
49.08625031
0
0
0
24.54312515
0
19.93419266
0
19.93419266
19.93419266
0
0
0
0
0
0
0
0
0
0
0
0
0
0
0
0
0
0
0
0
0
0
0
0
0
0
0
7.180828094
0
0
0
0
0
0
0
0
12.76881599
12.76881599
0
0
25.53763199
0
0
0
42.51800919
0
0
0
0
0
0
0
0
0
8.494767189
8.494767189
8.494767189
0
24.87976456
0
12.43988228
12.43988228
12.03828144
12.03828144
0
12.03828144
12.03828144
0
18.48230553
18.48230553
0
18.48230553
0
10.54881287
21.09762573
10.54881287
0
0
12.48517036
12.48517036
0
0
6.474324226
0
12.94864845
0
12.94864845
0
30.57019806
0
0
20.38013077
0
9.197241783
4.598620892
9.197241783
0
0
14.93891335
0
0
29.87782669
0
0
0
11.25993061
0
15.93884373
5.31294775
0
0
10.6258955
10.6258955
10.44190979
0
0
5.220954895
5.220954895
0
0
4.542239666
4.542239666
0
3.535249233
7.070498466
3.535249233
0
3.535249233
0
5.734167576
11.46833515
5.734167576
0
3.304308176
6.608616352
3.304308176
0
0
0
4.943664551
0
0
0
0
0
0
0
4.967658043
4.588023186
0
0
0
0
0
0
0
0
0
0
0
0
0
0
0
0
0
0
0
0
0
5.852863789
0
0
0
0
6.8
0
0
0
0
0
0
0
0
0
0
0
0
0
0
0
0
0
0
0
0
0
0
0
0
7.768884182
0
0
0
0
0
0
3.04500103
3.04500103
6.09000206
0
0
0
0
0
0
9.641012192
7.857512951
7.857512951
7.857512951
0
3.928756475
0
0
8.630172729
0
0
0
11.74036503
11.74036503
0
11.74036503
0
8.029301643
0
0
0
4.261647701
0
0
0
1.559355378
3.118710756
4.678066254
1.559355378
0
5.861030102
0
0
5.861030102
4.868220806
0
2.129846573
4.259693146
0
6.514536858
2.171512365
0
4.343024731
6.514536858
6.181539059
0
0
6.181539059
0
0
3.232831001
3.232831001
6.465662003
0
0
0
0
0
7.631412983
0
0
4.39569664
0
2.19784832
0
0
10.29449463
5.147247314
0
0
6.529839516
3.264919758
6.529839516
6.529839516
3.264919758
0
5.588045597
11.17609119
11.17609119
5.588045597
0
15.27565193
0
7.637825966
0
0
0
18.16476059
0
0
0
15.533988
0
0
0
0
6.151982784
12.30396557
0
0
0
0
10.45150185
0
0
11.73841095
11.73841095
5.869205475
0
5.869205475
0
3.887186289
0
7.774372578
7.774372578
7.774372578
0
10.25345325
10.25345325
10.25345325
0
16.34309769
16.34309769
0
0
0
9.735956192
0
9.735956192
4.867978096
0
8.217261314
0
8.217261314
8.217261314
0
20.46623611
20.46623611
0
0
0
0
0
23.18350792
0
11.59175396
10.02932167
0
0
10.02932167
40.11728668
9.911003113
0
0
0
29.73300934
0
0
38.50122452
0
38.50122452
23.09361649
0
0
0
0
0
0
0
0
0
0
0
0
0
7.996067047
7.996067047
4.835425854
4.835425854
0
0
0
0
12.94550419
0
0
0
0
0
0
0
0
0
15.33433533
0
0
0
15.2641449
30.52828979
0
0
15.2641449
15.2641449
0
11.00047112
0
0
0
0
0
24.00546646
0
0
0
0
0
9.76262188
0
5.301319599
15.90395832
0
5.301319599
0
9.121226311
0
9.121226311
9.121226311
0
0
17.21130943
0
8.605654716
0
25.29694748
0
8.43231678
8.43231678
0
0
8.242809296
8.242809296
8.242809296
16.48561859
9.663157463
19.32631493
19.32631493
9.663157463
9.663157463
7.035507679
14.07101536
14.07101536
0
14.07101536
0
30.75200081
0
20.50133324
20.50133324
39.77355194
0
0
0
0
0
3.983645201
0
0
0
0
0
0
0
0
0
0
0
2.907109737
0
0
0
0
0
0
0
0
5.336845875
0
0
0
0
0
1.144843936
0
0
0
0
0
0
0
0
0
0
0
0
0
0
0
0
0
0
0
0
0
0
0
0
0
0
0
0
0
0
0
0
0
0
6.8
0
0
0
0
0
0
0
0
0
0
0
0
0
0
0
0
0
0
0
0
3.826626778
0
3.826626778
0
0
0
0
0
0
0
0
0
0
0
0
0
0
0
0
0
0
0
0
0
0
0
0
0
8.848219872
8.848219872
0
6.721699238
3.360849619
6.721699238
0
0
1.017641068
1.017641068
2.035282135
1.017641068
0
6.262650967
0
6.262650967
3.131325483
0
0
0
5.642196178
5.642196178
0
0
0
0
0
0
0
4.565794468
0
0
0
0
0
1.847074389
3.694148779
0
0
0
0
12.32392216
0
0
11.90075779
11.90075779
0
0
7.088273048
3.544136524
10.63241005
10.63241005
3.544136524
0
4.109509945
16.43803978
4.109509945
0
3.254085064
8.135211945
0
3.254085064
3.254085064
0
0
0
5.337677956
10.67535591
0
0
0
0
4.682763577
5.446362972
0
0
5.446362972
0
0
0
3.79622364
3.79622364
0
0
0
18.4445343
27.66680336
0
9.470086098
9.470086098
0
0
0
4.042244911
0
0
2.021122456
4.042244911
4.647919655
0
4.647919655
9.29583931
9.29583931
9.29583931
6.362379074
19.08713531
0
0
6.362379074
0
0
0
0
0
0
0
0
11.44343185
0
19.48608017
19.48608017
0
0
19.48608017
5.456885338
0
0
16.37065697
5.456885338
9.438715935
9.438715935
9.438715935
0
0
10.8513298
10.8513298
21.70265961
0
0
0
27.68124199
0
0
0
0
0
0
10.68448162
21.36896324
0
0
0
0
0
8.014434814
0
0
0
0
0
0
0
0
0
13.92830849
0
0
0
0
0
0
0
0
0
0
0
0
0
0
0
0
0
0
0
0
0
66.59637451
0
0
0
0
0
0
0
0
0
0
0
0
0
0
0
0
0
0
0
0
0
0
0
0
0
0
0
15.59222126
7.79611063
0
32.88772964
0
0
0
13.38889313
80.33335876
0
13.38889313
0
0
0
0
5.904087543
5.904087543
11.44384575
0
0
0
11.44384575
0
0
0
0
12.04904366
6.114618301
12.2292366
0
12.2292366
0
25.73501396
12.86750698
25.73501396
12.86750698
12.86750698
14.7060194
7.353009701
0
7.353009701
7.353009701
0
0
2.827115536
2.827115536
0
0
3.025757313
0
3.025757313
6.051514626
3.025757313
0
0
0
6.215890408
0
0
0
0
3.729536295
0
0
5.16500473
2.582502365
0
0
2.184816122
0
0
0
0
0
1.385901809
0
0
1.385901809
2.094621658
0
2.094621658
0
0
4.874931812
2.437465906
2.437465906
0
0
0
0
0
0
0
0
0
0
0
0
0
0
0
0
0
0
0
6.8
0
0
0
0
0
0
0
0
0
0
0
0
0
0
0
0
0
0
0
0
0
10.93206787
0
0
0
0
0
0
0
0
0
0
0
0
0
0
0
3.024138451
1.512069225
0
0
0
0
4.224219322
0
0
0
0
0
0
0
6.903175831
0
0
0
6.903175831
1.278602719
1.278602719
1.278602719
0
4.082714558
4.082714558
8.165429115
4.082714558
0
0
2.311621666
9.246486664
0
0
0
4.162220001
0
2.081110001
0
0
0
0
3.713688374
5.975389481
1.991796494
1.991796494
0
0
7.580120564
0
7.580120564
0
0
3.790060282
0
0
0
0
3.93277216
3.452369213
0
3.452369213
0
0
0
0
6.133024216
0
0
0
0
10.78889179
0
3.596297264
0
5.14705658
2.57352829
0
0
9.682105064
0
3.227368355
0
0
10.26998425
0
5.134992123
15.4049778
5.134992123
8.797071457
0
0
0
0
6.835930824
0
3.417965412
0
0
0
7.102931499
3.55146575
3.55146575
0
0
5.277699471
5.277699471
0
0
0.998736858
6.337076187
2.378223181
2.996210337
1.997473717
0
6.957971096
6.957971096
3.478985548
0
3.478985548
13.35586262
0
8.903907776
13.35586262
0
0
0
0
0
8.55618
0
0
0
0
0
0
0
0
0
0
0
0
0
7.970118999
0
0
10.8287468
10.8287468
10.8287468
5.414373398
0
0
0
0
0
8.567703247
0
0
8.567703247
4.283851624
0
0
0
0
0
17.94023323
0
0
17.94023323
0
0
12.74267101
0
0
0
0
0
0
0
0
0
0
0
0
0
0
0
0
0
0
0
0
0
0
0
0
0
0
0
0
0
0
0
0
27.31611061
9.105370522
0
0
0
0
0
0
0
19.80599403
19.80599403
0
0
0
0
0
12.35791206
0
0
0
0
12.04485607
12.04485607
15.00842381
7.504211903
15.00842381
7.504211903
0
0
20.09924316
0
0
0
0
8.351185799
16.7023716
0
0
10.09806633
0
5.049033165
0
0
8.53592205
0
0
4.267961025
0
0
11.28228951
5.641144753
0
0
0
0
0
0
5.385899544
3.965462446
7.930924892
0
3.965462446
7.930924892
0
7.029532909
0
0
0
0
0
0
0
0
0
0
0
0
0
0
0
0
3.600235701
0
7.200471401
0
0
10.39244747
0
5.196223736
0
0
0
0
0
0
1.707556009
3.415112019
0
0
0
0
0
0
0
0
0
0
3.335937738
0
0
0
0
0
0
0
0
0
0
0
0
0
0
0
1.870915294
1.870915294
0
6.8
0
0
0
0
0
0
0
0
0
0
0
0
0
0
0
0
1.521344304
3.042688608
0
0
0
0
0
0
0
0
0
0
0
6.469072342
3.234536171
3.206647396
0
0
0
0
0
0
0
3.09332943
3.09332943
0
0
2.47491312
4.949826241
0
2.983936071
0
0
0
1.491968036
0
0
0
0
8.500072479
0
0
3.513812065
0
0
0
0
6.385933399
4.133689404
0
8.267378807
0
8.267378807
0
0
4.362265587
0
0
6.790036678
7.760041714
2.263345242
4.526690483
2.263345242
0
4.354062557
4.354062557
2.902708292
0
0
11.97994614
17.9699192
0
0
5.989973068
0
0
9.283284187
0
0
2.351209879
2.351209879
0
0
0
0
0
13.06013584
0
0
6.059236526
3.029618263
9.08885479
3.029618263
6.059236526
1.928323984
3.856647968
3.856647968
3.856647968
0
7.638176918
0
0
3.819088459
7.638176918
0
0
0
0
13.06585884
14.7154932
4.905164242
4.905164242
0
0
2.804084063
2.804084063
5.608168125
11.21633625
2.804084063
0
0
0
9.512543678
4.756271839
4.072091103
0
4.072091103
0
0
8.326969147
8.326969147
0
8.326969147
0
0
19.78798676
0
0
9.893993378
19.78798676
27.35296249
0
0
0
0
0
14.0614748
0
0
0
3.767437458
11.30231285
7.534874916
0
0
0
10.50378418
0
21.00756836
0
0
0
12.62071133
4.206903934
0
8.932311058
0
8.932311058
35.72924423
8.932311058
0
0
0
0
0
0
0
0
0
0
54.86330032
0
0
0
0
0
0
0
0
0
0
0
0
0
0
0
0
0
0
0
0
0
0
0
0
0
0
4.278927326
0
0
0
0
0
0
23.98496628
0
0
0
0
0
0
76.56034088
0
0
0
0
0
0
0
0
0
20.00888443
0
0
0
0
0
0
40.16868973
0
0
0
26.0967598
0
39.1451416
0
13.0483799
0
0
25.42088509
25.42088509
0
23.81507492
0
0
0
11.90753746
0
0
15.48981953
0
0
0
0
7.756519794
0
0
0
0
8.032634735
8.032634735
0
0
0
0
9.485898972
0
0
0
0
0
21.45022583
11.50465202
0
0
0
0
5.752326012
0
0
0
6.411916256
6.411916256
0
0
0
6.277105331
6.277105331
4.094847202
0
0
0
0
0
2.721208572
0
0
5.442417145
0
0
0
0
0
0
2.978345633
0
0
0
0
0
0
0
0
0
0
0
0
0
0
4.273571014
0
0
0
0
0
0
0
4.29069376
0
0
0
0
0
0
0
0
0
0
0
0
6.8
0
0
0
0
0
0
0
0
0
0
0
0
0
0
0
0
0
0
0
0
1.666780591
0
0
0
1.666780591
3.996989965
0
0
0
0
1.998494983
0
0
0
0
0
1.417063475
1.417063475
0
0
0
3.436905146
3.436905146
0
0
1.718452573
10.47398853
0
6.982658386
0
0
2.406369209
0
0
0
0
0
0
0
0
0
0
3.128861189
3.128861189
0
0
0
3.628735542
0
0
9.160730362
4.580365181
4.580365181
0
13.08414745
13.08414745
6.542073727
0
6.542073727
6.503499985
13.00699997
0
6.503499985
19.51049995
0
0
10.43202686
0
0
15.64804077
0
0
0
3.389454365
0
0
5.965695381
5.965695381
11.93139076
0
12.03111458
8.020742416
0
5.34716177
0
0
0
4.302703381
4.302703381
0
0
7.359640598
7.359640598
3.679820299
0
6.156560421
0
9.234840393
3.07828021
3.07828021
2.709205627
2.709205627
5.418411255
8.127616882
8.127616882
0
0
0
0
9.336083412
0
4.876684189
2.438342094
9.753368378
0
0
6.038408279
18.11522484
0
12.07681656
0
0
17.8268013
0
0
6.015154839
0
0
6.015154839
0
0
0
9.611045837
19.22209167
0
19.22209167
0
23.44135284
0
7.813784599
0
0
0
0
0
0
0
0
19.87831688
0
19.87831688
0
0
0
0
0
0
0
14.28678036
0
0
0
31.73189163
0
0
0
0
0
0
0
40.15802002
6.309322834
6.309322834
0
6.309322834
0
0
0
4.671611309
0
0
0
0
0
0
0
0
0
0
0
0
0
0
0
0
0
0
0
0
0
0
0
0
0
14.60771084
0
0
0
0
0
0
7.134665012
10.6450367
0
5.322518349
0
0
0
9.1196661
0
0
0
9.1196661
0
0
0
0
0
3.652235031
0
3.652235031
0
0
15.65090656
0
0
7.825453281
0
7.561394215
0
0
0
0
8.421692848
0
0
16.8433857
16.8433857
0
0
12.44503403
0
12.44503403
0
0
6.972831726
6.972831726
0
0
33.69180679
22.46120262
0
0
9.755793571
9.755793571
0
9.755793571
0
6.505064964
0
0
13.01012993
0
15.73184967
7.865924835
0
7.865924835
7.865924835
0
15.91213226
0
7.956066132
15.91213226
0
2.517837763
2.517837763
0
0
2.517837763
0
0
0
6.7800951
6.7800951
0
0
0
0
0
11.89860725
0
0
0
0
0
0
0
0
5.375902176
0
0
0
0
0
0
0
0
0
0
0
0
0
0
0
0
0
0
0
0
0
0
0
0
0
0
0
0
0
0
0
0
0
0
0
0
0
6.8
0
3.135375977
0
0
0
0
0
0
0
0
0
0
0
0
0
0
0
0
0
0
0
0
0
0
0
2.90291357
0
0
0
0
0
0
0
0
0
0
0
0
0
0
0
0
0
0
0
0
3.731104136
0
0
0
0
0
0
0
0
0
0
1.921249032
3.842498064
3.842498064
6.732474327
0
0
0
13.46494865
4.471841335
0
0
0
0
0
10.27532291
10.27532291
30.82596779
0
0
17.36753273
17.36753273
6.616204262
11.57835579
0
0
5.020722389
15.06216812
0
5.678016663
22.71206665
5.678016663
5.678016663
0
0
6.066339016
9.099507332
0
0
6.066339016
4.393754959
4.393754959
0
4.393754959
4.393754959
0
0
0
6.583209038
9.87481308
0
0
0
1.761076331
1.761076331
0
0
0
5.341533184
0
2.708608627
2.708608627
8.125825882
0
0
0
10.57375336
0
0
0
16.7152729
11.14351559
0
5.571757793
0
0
10.95135307
0
0
21.90270615
27.71558762
6.928896904
6.928896904
0
0
8.747784615
26.2433567
8.747784615
0
0
0
0
12.14268208
0
0
0
0
4.03580904
0
0
12.10742664
5.606677055
5.606677055
0
11.21335411
11.21335411
0
16.30215836
0
0
16.30215836
0
0
0
10.18502235
0
0
0
0
0
0
0
13.90832615
6.954163074
0
0
7.857113838
7.857113838
0
0
0
0
0
0
11.71891403
5.859457016
0
0
0
0
0
0
0
0
21.79958534
0
0
8.072331429
8.072331429
16.14466286
4.036165714
0
0
0
0
11.86150932
0
0
0
0
0
0
0
0
0
0
0
0
7.493596554
0
0
0
0
0
0
0
0
0
0
7.525779247
0
0
0
14.36025238
0
0
14.36025238
14.36025238
7.390561581
0
7.390561581
0
7.390561581
5.442420959
10.88484192
5.442420959
0
10.88484192
0
8.742488861
8.742488861
0
8.742488861
9.454216957
0
0
0
28.36265182
0
0
43.36212158
0
21.68106079
27.2570591
0
0
27.2570591
27.2570591
14.05220413
14.05220413
0
0
0
0
0
21.029356
0
0
23.53194427
0
0
0
0
0
0
12.72531891
0
0
0
16.88439369
0
0
0
0
0
0
0
0
16.77827835
0
6.992619038
3.496309519
0
0
0
0
2.607293844
0
0
0
0
0.94706583
0
0
0
0
0
0
0
0
0
6.176728249
6.176728249
0
0
2.593238831
0
0
5.186477661
0
0
0
0
0
0
0
3.269487381
0
0
4.109344006
4.109344006
0
0
8.218688011
0
2.008211374
2.008211374
0
0
0
0
0
0
0
0
0
0
0
0
0
0
6.8
0
0
0
0
0
0
0
0
0
0
0
0
0
0
0
0
0
0
1.384560108
0
5.19201088
2.59600544
0
0
0
0
0
0
0
0
6.697303772
2.388170242
0
1.194085121
0
0
0
0
0
0
0
0
0
0
0
0
0
0
0
0
0
0
0
0
4.62446785
4.62446785
3.204801083
0
1.068266988
2.836421728
0
4.254632473
2.836421728
0
5.193341732
0
0
5.193341732
0
4.53508997
0
0
0
0
0
0
0
2.298648596
4.597297192
1.805063009
1.805063009
1.805063009
5.415188313
1.805063009
3.011254072
3.011254072
0
3.011254072
6.022508144
0
6.878712654
0
13.75742531
3.439356327
0
0
0
13.44191647
6.720958233
0
0
3.561491013
3.561491013
7.122982025
7.122982025
11.59071636
0
11.59071636
11.59071636
11.59071636
8.515882492
0
0
0
12.77382374
0
0
0
0
0
0
6.8
0
0
0
0
0
0
0
0
0
0
0
0
0
0
0
0
0
0
0
0
0
0
0
0
9.578864098
0
0
0
0
0
0
0
0
0
0
0
1.399701118
1.399701118
0
0
0
0
0
0
0
0
0
0
0
0
2.940124273
0
0
3.184725761
3.184725761
6.369451523
5.607978344
0
1.869325995
4.34147501
0
0
2.170737505
4.34147501
0
1.674680948
0
3.349361897
3.349361897
9.102192879
4.551096439
0
0
4.551096439
0
2.795785904
2.795785904
1.397892952
0
0
2.808383942
8.425151825
2.808383942
2.808383942
0
0
0
0
4.247569084
0
0
0
0
5.86123848
5.86123848
4.533101082
0
0
0
6.799651623
0
0
0
3.209617853
6.419235706
4.662441254
2.331220627
2.331220627
2.331220627
4.662441254
0
0
0
0
3.300898314
0
0
1.84159112
3.68318224
3.68318224
4.934343338
4.934343338
7.40151453
0
4.934343338
11.37158203
0
5.685791016
0
11.37158203
23.17752457
0
30.90336609
0
0
6.662305832
13.32461166
0
0
0
0
0
0
0
4.894529343
0
6.064276218
0
3.032138109
0
0
0
0
0
0
0
20.02440643
0
10.01220322
20.02440643
20.02440643
0
0
0
0
20.69816589
7.632719994
0
11.44907951
7.632719994
3.816359997
0
0
0
0
0
4.458683014
0
8.917366028
0
13.37605
15.22062397
0
0
0
22.83093643
0
0
13.67839336
0
6.839196682
0
16.98174667
8.490873337
25.47262001
0
9.334023476
9.334023476
0
0
18.66804695
0
0
16.62042618
0
16.62042618
5.385999203
5.385999203
5.385999203
0
0
0
0
0
0
0
0
0
0
0
0
0
0
6.699569225
13.39913845
0
0
0.47363916
2.245831966
3.069506645
5.976332664
12.63853264
22.36699295
0
0
22.36699295
0
0
0
0
13.12752342
6.563761711
6.563761711
0
0
18.3918457
36.78369141
0
0
0
0
0
22.25072861
0
13.41602039
13.41602039
0
0
0
0
15.63519859
0
7.817599297
0
11.15034676
22.30069351
0
33.45103836
0
0
0
0
18.69956779
12.11816406
0
6.059082031
12.11816406
0
6.526880741
0
19.5806427
6.526880741
0
5.589106083
11.17821217
0
0
11.17821217
13.5710907
0
0
0
0
0
6.725757122
6.725757122
6.725757122
0
0
0
6.333941936
12.66788387
0
0
4.307312012
0
0
0
4.307312012
3.136210442
3.136210442
0
0
0
0
0
0
0
2.961878061
0
0
0
5.853688717
0
0
0
0
0
0
0
1.59296453
0
0
0
0
0
0
3.869729519
0
0
0
0
0
0
0
0
0
0
0
0
0
0
0
0
0
0
0
0
0
0
0
0
3.370960951
0
0
