19790101
-99
-99
-99
-99
-99
-99
-99
-99
-99
-99
-99
-99
-99
-99
-99
-99
-99
-99
-99
-99
-99
-99
-99
-99
-99
-99
-99
-99
-99
-99
-99
-99
-99
-99
-99
-99
-99
-99
-99
-99
-99
-99
-99
-99
-99
-99
-99
-99
-99
-99
-99
-99
-99
-99
-99
-99
-99
-99
-99
-99
-99
-99
-99
-99
-99
-99
-99
-99
-99
-99
-99
-99
-99
-99
-99
-99
-99
-99
-99
-99
-99
-99
-99
-99
-99
-99
-99
-99
-99
-99
-99
-99
-99
-99
-99
-99
-99
-99
-99
-99
-99
-99
-99
-99
-99
-99
-99
-99
-99
-99
-99
-99
-99
-99
-99
-99
-99
-99
-99
-99
-99
-99
-99
-99
-99
-99
-99
-99
-99
-99
-99
-99
-99
-99
-99
-99
-99
-99
-99
-99
-99
-99
-99
-99
-99
-99
-99
-99
-99
-99
-99
-99
-99
-99
-99
-99
-99
-99
-99
-99
-99
-99
-99
-99
-99
-99
-99
-99
-99
-99
-99
-99
-99
-99
-99
-99
-99
-99
-99
-99
-99
-99
-99
-99
-99
-99
-99
-99
-99
-99
-99
-99
-99
-99
-99
-99
-99
-99
-99
-99
-99
-99
-99
-99
-99
-99
-99
-99
-99
-99
-99
-99
-99
-99
-99
-99
-99
-99
-99
-99
-99
-99
-99
-99
-99
-99
-99
-99
-99
-99
-99
-99
-99
-99
-99
-99
-99
-99
-99
-99
-99
-99
-99
-99
-99
-99
-99
-99
-99
-99
-99
-99
-99
-99
-99
-99
-99
-99
-99
-99
-99
-99
-99
-99
-99
-99
-99
-99
-99
-99
-99
-99
-99
-99
-99
-99
-99
-99
-99
-99
-99
-99
-99
-99
-99
-99
-99
-99
-99
-99
-99
-99
-99
-99
-99
-99
-99
-99
-99
-99
-99
-99
-99
-99
-99
-99
-99
-99
-99
-99
-99
-99
-99
-99
-99
-99
-99
-99
-99
-99
-99
-99
-99
-99
-99
-99
-99
-99
-99
-99
-99
-99
-99
-99
-99
-99
-99
-99
-99
-99
-99
-99
-99
-99
-99
-99
-99
-99
-99
-99
-99
-99
-99
-99
-99
-99
-99
-99
-99
-99
-99
-99
-99
-99
-99
-99
-99
-99
-99
-99
-99
-99
-99
-99
-99
-99
-99
-99
-99
-99
-99
-99
-99
-99
-99
-99
-99
-99
-99
-99
-99
-99
-99
-99
-99
-99
-99
-99
-99
-99
-99
-99
-99
-99
-99
-99
-99
-99
-99
-99
-99
-99
-99
-99
-99
-99
-99
-99
-99
-99
-99
-99
-99
-99
-99
-99
-99
-99
-99
-99
-99
-99
-99
-99
-99
-99
-99
-99
-99
-99
-99
-99
-99
-99
-99
-99
-99
-99
-99
-99
-99
-99
-99
-99
-99
-99
-99
-99
-99
-99
-99
-99
-99
-99
-99
-99
-99
-99
-99
-99
-99
-99
-99
-99
-99
-99
-99
-99
-99
-99
-99
-99
-99
-99
-99
-99
-99
-99
-99
-99
-99
-99
-99
-99
-99
-99
-99
-99
-99
-99
-99
-99
-99
-99
-99
-99
-99
-99
-99
-99
-99
-99
-99
-99
-99
-99
-99
-99
-99
-99
-99
-99
-99
-99
-99
-99
-99
-99
-99
-99
-99
-99
-99
-99
-99
-99
-99
-99
-99
-99
-99
-99
-99
-99
-99
-99
-99
-99
-99
-99
-99
-99
-99
-99
-99
-99
-99
-99
-99
-99
-99
-99
-99
-99
-99
-99
-99
-99
-99
-99
-99
-99
-99
-99
-99
-99
-99
-99
-99
-99
-99
-99
-99
-99
-99
-99
-99
-99
-99
-99
-99
-99
-99
-99
-99
-99
-99
-99
-99
-99
-99
-99
-99
-99
-99
-99
-99
-99
-99
-99
-99
-99
-99
-99
-99
-99
-99
-99
-99
-99
-99
-99
-99
-99
-99
-99
-99
-99
-99
-99
-99
-99
-99
-99
-99
-99
-99
-99
-99
-99
-99
-99
-99
-99
-99
-99
-99
-99
-99
-99
-99
-99
-99
-99
-99
-99
-99
-99
-99
-99
-99
-99
-99
-99
-99
-99
-99
-99
-99
-99
-99
-99
-99
-99
-99
-99
-99
-99
-99
-99
-99
-99
-99
-99
-99
-99
-99
-99
-99
-99
-99
-99
-99
-99
-99
-99
-99
-99
-99
-99
-99
-99
-99
-99
-99
-99
-99
-99
-99
-99
-99
-99
-99
-99
-99
-99
-99
-99
-99
-99
-99
-99
-99
-99
-99
-99
-99
-99
-99
-99
-99
0
0
0
0
0
0
0
0
0
0
0
0
0
0
0
0
0
0
0
0
0
0
0
0
0
5.188458443
0
0
0
0
0
0
0
0
1.012250304
0
0
0
1.840035081
0
0.92001754
0
0
0
0
3.025006533
0
0
1.322818756
0
14.31049442
0
3.127217054
2.540864229
0
1.759059787
0
1.900956035
0
0
0
0.765688956
21.14395332
0.995395541
0.952398539
2.139233828
1.26009655
7.091705799
3.780289173
4.006221771
13.10479736
6.231900215
0.747828126
37.35579681
25.00811768
0
1.69840312
1.516431451
3.37081027
0.403184831
0
2.284714222
4.52463007
2.284713984
4.173985481
1.289025187
7.550004482
8.90041256
0
0
22.71094513
4.223732948
0
0
0
15.02339649
1.059644103
0
1.919132948
2.837491274
6.892819405
0
0
0
0
0
0
1.477446914
2.501810312
1.378950357
0
5.035053253
1.521383166
0.606742144
0.56146282
2.250510931
3.348321199
0
11.78773689
10.77226448
13.49454498
44.861866
29.2681675
11.33541679
18.23262978
3.097548008
5.687033653
4.867575645
3.753113508
9.40736866
3.252244234
4.718942165
0
1.849315286
2.933396816
2.320965052
5.614226341
7.715640068
9.942513466
6.210150719
10.22880745
16.10346031
12.50955486
2.868213177
13.47714424
10.76487255
8.552910805
1.953897715
6.893941879
4.31332159
5.234972477
0
0
12.35695934
0
7.023561001
5.587771893
9.424708366
5.587771893
0
5.4015131
13.27693081
0
6.739971161
8.404661179
0
0
6.955327988
6.523989677
16.66044044
13.1827755
21.52183723
10.13024235
9.736069679
15.21507072
11.23392677
0
14.31386852
17.04941177
11.89641571
0
0
0
0
20.18407059
0
11.51468563
0
28.21347046
12.88548088
4.909941673
0
0
0
27.04286194
0
17.38220406
0
0
0
0
0
0
8.289187431
5.736931324
0
6.183071136
10.23548985
0
0
10.15193462
0
3.880776644
0
6.229667664
5.500198841
6.536044598
7.41040802
0
8.960436821
0
8.811804771
0
7.376812458
8.290753365
0
0
7.112166882
0
14.0227747
10.59626675
0
0
0
0
0
0
0
0
0
0
0
17.52430344
13.36018848
10.41199017
14.89026451
0
9.852205276
26.43143654
12.45659065
32.9185257
20.25489807
15.94167519
0
0
15.53448486
0
50.75037003
13.38549232
2.378854036
5.263658524
3.736931086
2.929185867
0.291760206
1.398436904
0
0.50605303
0.344075799
0
0
0
0
0
2.718490124
0
3.196157455
1.468125105
1.559443593
0
0
8.630766869
0
0
0
5.7644701
2.275886059
6.877495289
0
0
0
0
0
0
0
5.830974579
5.806371689
5.437323093
5.191290379
7.42982769
4.438598156
7.912285328
4.63158083
0
8.587722778
0
0
3.729487181
4.262270927
0
0
0
0
5.091794968
0
0
0
0
0
0
0
0
0
0
0
0
0
0
0
0
0
2.154514313
0
0
0
0
0
0
0
0
0
0
0
0
0
0
0
8.766047478
0
0
0
0
0
0
0
0
0
0
0
3.377343655
0
0
0
0
0
0
0
0
0
1.982371211
0
0
0
0
0
0
0
0
0
0
0
0.628920257
0
0.455967218
0
0
1.157776594
0
0
0
0
0
0
0
0
0
0
0
0
0
1.789697647
0.767013252
0
0
0
0
0
0
0
0
8.925292969
0
0.896497369
0
5.098828793
18.96652412
0
4.058430195
28.74721146
0
0
0
0
0
8.098243713
0.965759814
0
3.541119576
0
0
0
0
0
0
0
1.123166919
0
7.909962654
0
1.338241339
3.487984419
1.883511543
10.56859207
41.61165237
1.709112048
0.7649858
9.103330612
7.802855968
0
0
0
0.331785828
0.364964426
0
1.791643262
0.829464495
0
0
0
2.90466404
8.449931145
2.648475647
0
8.253388405
11.14823341
17.98499489
17.64869308
0.959168017
0
0.895223439
0
0
0
3.615084648
1.734710932
7.256653309
0
11.10109138
0
3.700364113
0
7.888965607
0
0
13.52394104
4.507980824
13.57302189
0
6.786510944
0
6.786510944
5.955989838
15.63447475
5.211491108
10.42298222
0
0
12.15191555
0
6.075957775
0
0
0
0
8.349725723
0
0
0
7.346135139
0
0
3.092177868
5.153629303
0.954375803
5.229979038
4.810053825
3.741153955
0
19.07054138
0
0
19.07054138
2.391797543
0
1.476277232
3.59341836
5.332908154
0
0
0
16.50501823
0
5.339495182
7.456881523
10.49487019
6.444218636
0
0
0
0
0
0
14.11437893
14.11437893
0
28.22875786
0
0
0
18.96000099
16.09287643
19.42244148
0
0
17.06163788
0
0
26.9589138
8.986303329
8.986303329
10.27006245
0
0
0
0
0
13.14532375
12.88598537
0
0
0
0
0
0
0
0
0
0
0
0
0
0
0
0
0
0
0
0
0
0
12.69838142
0
0
0
14.37529278
0
0
0
0
0
10.09932613
0
0
0
14.17852783
0
0
0
0
0
0
0
0
11.66952038
17.74292755
0
0
0
0
6.23363781
3.998126745
4.22740984
5.746410847
2.708407879
0
0
0
0
0
0
0
0
0
0
0
0
0
0
24.36473465
0
0
26.56638145
0
0
7.544712067
23.55715561
11.01608181
4.07334137
11.27693653
13.90916443
0
0
3.059749365
3.821346521
15.32150459
0
0
0
0
0
17.44916916
5.816389561
0
11.63277912
0
0
0
0
0
0
0
0
0
12.40989971
0
0
0
9.128292084
0
0
0
0
0
11.18758202
0
0
0
10.85974407
0
0
0
0
0
0
0
0
0
0
0
6.112704277
0
0
0
0
0
0
0
0
0
0
0
0
0
0
0
0
0
0
0
0
0
4.823693275
0
0
4.823693275
0
0
0
0
0
0
-0.6
7
0
0
0
0
0
0
0
0
0
0
0
0
0
0
0
0
0
0
0
0
0
0
0
0
0
0
0
0
0
0
0
0
0
0
0
0
0
0
0
0
3.49506712
3.583531857
0
0
0
0
2.004766941
0
2.291162252
4.009533882
2.004766941
3.4985466
0
0
0
0
0
0
0
0
3.046414614
0
0
0
3.00766921
0
0
0
0
0
0
0
0
0
0
2.207620621
0
0
0.73587358
11.66027832
0
0
0
0
0
10.3595438
16.7410202
0.91163981
5.386962414
3.812312126
5.101722717
0
5.101722717
0
0
1.12100482
9.920893669
0.952854156
0.840753734
0
7.217440605
0
0
0
0
9.378048897
8.205792427
12.30868912
12.30868912
4.102896214
0
0
6.951646805
0
0
8.864717484
10.13110638
8.864717484
4.432358742
0
3.204422235
0
0
6.408844471
3.204422235
2.991823673
0
0
0
0
0
0
0
7.210138321
7.210138321
17.60308075
8.012436867
8.31593895
10.44044781
0
3.336164236
0
0
6.672328472
6.672328472
5.111017704
0
23.36465454
0
11.68232727
5.841163635
15.58714485
23.38071823
31.1742897
0
7.793572426
0
6.230457783
0
15.29034424
28.43718147
11.88948059
12.35512638
0
12.72764206
11.45487785
0
5.71465683
4.210799694
5.899747849
17.81492424
0
0
0
0
0
0
10.56231976
0
0
0
0
0
0
0
0
0
0
0
0
18.79210281
0
0
16.06336212
0
0
0
0
0
0
0
0
20.07406044
0
0
0
0
0
0
0
0
0
0
0
0
0
0
0
0
0
0
0
0
0
0
0
0
0
0
0
0
0
0
0
0
0
7.429448605
14.48976803
0
0
14.48976803
0
0
0
7.624563217
0
7.624563217
8.713786125
0
0
0
0
0
12.74808311
0
21.85385513
0
0
20.0400219
0
0
21.72338295
0
0
19.8689003
0
9.93445015
19.8689003
0
0
10.45918846
0
20.91837692
0
0
0
6.839506149
5.244802475
0
0
0
5.834044933
0
0
0
12.36202908
0
0
0
0
0
0
6.383062363
0
0
0
0
0
0
0
0
0
0
0
0
0
0
0
0
0
0
0
0
0
0
0
0
0
11.36350632
0
0
0
0
5.910868645
7.004732132
7.004732132
0
0
0
0
5.065007687
0
0
10.13001537
0
0
10.4592762
0
0
0
0
0
0
0
10.17519569
6.783463478
0
0
0
0
0
0
5.614980221
0
3.17085886
6.34171772
0
0
0
0
0
0
0
0
0
-0.6
7
0
0
0
0
0
0
0
0
0
0
0.821669042
0
0
0
0
0
0
0
0
0
0
0
0
0
0
0
0
0
0
0
3.298299551
0
0
0
0
0
0
0
0
0
0
0
0
0
0
0
0
0
0
0
0
0
0
0
0
5.554906368
2.133087397
2.133087397
0
0
0
3.355352163
0
0
6.710704327
0
0
0.317014873
9.889621735
0.149183467
2.902638435
2.221572161
0
1.086462259
34.66950226
4.399486065
8.956096649
0
6.363541603
9.663156509
7.203830242
7.203830242
24.69884682
0
0
0
7.306416512
0
0
0
0
12.00786877
0
0
12.00786877
0
0
0
0
12.13189888
5.307705402
7.099775314
0
7.099775314
0
0
0
4.345631123
0
6.147479057
0.953919172
14.90174866
4.967249393
9.934498787
0
9.934498787
0
0
0
2.715614557
2.158565283
0
3.328911066
0
3.966362238
0
0
0
0
0
8.393538475
0
2.839968443
22.71974373
0
0
43.82091904
33.37522888
0
0
0
0
2.747888565
3.372408628
0
4.621449471
0
0
0
0
0
42.37234116
0
0
0
0
6.259919167
0
14.38285732
11.51568604
8.836525917
0
4.015727043
6.161536217
13.22226715
0
3.63765645
30.64252281
10.21417427
10.21417427
10.21417427
20.42834854
22.70142746
0
0
0
0
0
0
0
0
0
14.43916225
7.219581127
0
7.219581127
14.43916225
4.248001575
0
3.952823162
3.875819921
11.15260887
8.828839302
0
7.725234509
23.17570496
7.725234509
7.146321297
7.146321297
14.29264259
14.29264259
0
13.16377831
13.16377831
0
13.16377831
13.16377831
0
2.462766647
2.512269735
0
7.957582951
3.242436409
30.14719009
18.49297333
9.833245277
11.0067606
0
0
0
8.670848846
0
12.60256767
0
0
6.422850609
0
9.677968979
9.601420403
9.601420403
0
0
28.80425835
23.10260773
0
0
0
0
9.362885475
12.11544704
5.755359173
7.110788345
10.259552
0
0
0
8.790534973
0
8.250217438
0
2.670013428
5.966662407
0
7.011054993
7.54761219
7.54761219
15.09522438
7.54761219
0
0
51.46810913
4.168684483
8.884654045
0
16.24329758
0
0
0
0
12.07624531
18.11436844
0
6.038122654
0
6.793892384
11.47061825
6.967689991
3.618142366
9.859044075
9.43897438
9.43897438
0
9.43897438
0
0
8.736555099
0
7.644485474
7.644485474
12.97891903
0
11.35655499
0
0
7.02425909
7.02425909
0
7.02425909
0
0
0
7.177931786
7.177931786
0
14.35586357
1.648008466
0
0
0
0
0
0
0
0
8.76578331
3.635440588
3.635440588
3.635440588
0
8.309578896
0
9.527378082
9.527378082
4.763689041
5.444216251
0
0
0
4.350646019
0
4.38407135
0
0
0
0
0
0
0
0
0
0
0
0
0
0
0
0
0
0
0
0
0
0
0
0
0
0
0
0
2.155818462
0
2.861941576
0
0
0
0
-0.6
7
0
0
0
0
0
0
0
0
0
0
0
0
0
0
0
3.148601294
0
0
0
0
0
0
0
0
0
2.466701746
0
2.466701746
0
2.466701746
0
0
0
0
0
0
0
0
0
0
0
0
0
0
0
0
0
0
0
0
0
0
0
0
0
1.671515942
11.57587528
0
0
0
0
0
8.389281273
4.194640636
5.655830383
0
0
9.897702217
11.31166077
3.798494101
1.991642594
2.792406559
7.946038246
1.211411595
14.9435215
0
0
0
7.47176075
0
3.059460402
2.677027941
3.059460402
8.031084061
5.125090599
0
10.2501812
0
5.125090599
15.37527084
16.71193695
2.485532999
1.76603651
8.699364662
23.64526558
0
0
0
0
0
0
9.692941666
11.16996193
8.446705818
0
7.919004917
6.033527374
9.050291061
2.639668226
2.639668226
0
0
0
0
7.175155163
8.312855721
3.636874437
12.4692831
0
7.273748875
9.191282272
9.191282272
4.595641136
0
0
15.09826183
3.933680296
5.710466385
0
1.104966521
0
0
0
0
0
2.769932032
1.69454658
33.64109421
3.204431295
1.35781002
0
0
0
8.008974075
0
0
0
7.103860378
8.11869812
0
3.551930189
28.34619522
0
0
0
0
28.38504028
0
9.461679459
0
0
18.69254494
0
0
0
16.3559761
0
17.58700752
0
0
35.17401505
9.326523781
0
0
9.326523781
27.9795723
0
8.472992897
0
0
8.472992897
27.06763077
0
0
9.022542953
0
11.69334412
17.54001617
29.23336029
0
17.54001617
0
0
10.18993664
40.75974655
0
0
0
8.577619553
8.577619553
0
0
0
0
7.878797531
0
8.870965004
4.947268486
12.1501894
15.44836998
0
10.04617882
0
6.469759464
4.804466248
5.493553638
12.07816219
4.105983257
6.635677814
4.233103752
9.597578049
13.39847469
18.84183311
0
21.53352356
9.420916557
9.420916557
12.92502689
12.92502689
0
12.92502689
12.92502689
0
6.834964275
6.834964275
6.834964275
0
0
0
10.12409019
0
0
0
39.4552803
18.3015461
14.26094532
0
16.45950699
0
0
0
21.87724304
10.93862152
0
11.56547356
24.01786995
13.87147427
0
4.055414677
4.720877647
1.691060662
13.00394344
6.122266769
10.33408451
6.4588027
0
28.25726318
40.88422012
7.83646059
6.862986565
15.81894112
5.792165756
0
10.10497952
5.052489758
0
5.774273872
11.54854774
0.736735284
0
0
0.558231175
0.632878363
7.69093132
15.38186264
0
0
6.729564667
15.59429264
7.79714632
7.79714632
0
0
0
0
0
0
0
0
8.082312584
16.16462517
8.082312584
16.16462517
0
0
0
4.210249901
0
0
11.48139477
11.48139477
0
0
0
0
4.522045612
0
0
0
0
0
2.867768764
6.554900169
0
0
0
0
17.86111832
0
0
4.676762104
0
0
0
0
0
4.079516411
0
0
0
0
0
0
0
0
0
4.540918827
0
0
0
0
0
0
0
0
0
0
0
0
0
0
0
0
0
0
-0.6
7
0
0
0
0
0
0
0
0
0
0
0
0
0
0
0
0
0
0
0
0
0
0
0
0
0
0
0
0
2.80454278
0
0
0
3.6078372
0
0
0.892464936
0
6.720646381
0
6.720646381
0
0
0
0
0
5.986113548
0
4.153077126
7.119561195
0
4.153077126
0
0.950375557
0
0
2.795221806
3.242418528
9.727255821
0
4.199988842
4.199988842
0
0
0
12.53652668
12.53652668
12.53652668
12.53652668
0
3.615006924
1.51873064
0
0
0
23.34413338
4.905889511
1.251166463
0
0
2.550824881
5.101649761
5.101649761
8.745685577
2.550824881
0
3.743633986
0
0
0
7.487267971
13.49103928
0
13.49103928
5.902329445
0
2.315627098
4.57187891
0
2.553127289
5.225004673
1.933947444
0
3.397475243
3.554281712
1.515796542
0
0
3.927445173
3.242844105
3.278875828
0
9.660433769
11.04049683
11.04049683
9.660433769
0
11.97427273
5.987136364
0
0
6.432834148
19.29850197
7.351810932
12.8656683
6.432834148
0
4.338823795
8.677647591
4.338823795
0
7.556364059
0
0
3.636338234
3.120545864
11.20514393
11.20514393
5.602571964
5.602571964
0
12.65153217
6.325766087
12.65153217
0
12.65153217
0
6.484658241
5.67407608
12.96931648
5.67407608
5.67407608
24.58347321
12.2917366
11.88201237
0
0
0
23.60963821
0
0
23.60963821
10.525033
0
9.741773605
6.80455637
0
0
8.763279915
5.083461285
0
9.863431931
9.691105843
9.691105843
0
0
0
0
0
0
0
0
18.32012558
0
0
18.32012558
36.64025116
12.83135128
0
12.83135128
25.66270256
0
0
0
0
0
0
0
0
0
0
32.47325516
0
0
0
0
0
0
0
0
0
0
0
15.53302765
0
0
12.86759663
0
0
20.06619453
0
0
0
0
0
0
0
0
0
0
0
9.350749969
0
0
22.20677948
0
0
0
0
0
0
0
16.06347275
0
0
0
0
8.964211464
17.92842293
0
0
26.80307007
0
8.934356689
0
11.49484062
0
0
11.49484062
8.898733139
0
0
0
0
14.43370247
0
0
0
0
0
0
0
0
21.29039764
10.54936123
0
21.09872246
10.54936123
0
0
0
0
10.66131115
21.3226223
0
0
8.269290924
0
0
0
7.575964928
0
46.53807068
0
9.12544632
0
0
0
0
0
17.52378654
26.28568077
17.52378654
8.761893272
0
0
0
0
4.944800377
0
6.370197296
5.495855808
17.44517899
0
0
0
0
0
0
0
0
0
0
0
0
0
5.948176384
0
0
0
0
0
0
0
0
0
0
0
0
0
0
0
0
0
0
0
0
0
0
0
0
0
0
0
0
0
0
0
0
3.434772491
0
3.025709152
0
0
0
0
-0.6
7
0
0
0
0
0
0
0
1.431857944
0
0
0
0
0
0
0
0
0
2.532556057
0
0
0
0
1.469555855
1.469555855
0
0
0
0
4.760416508
0
0
0
0
0
7.311010838
0
0
0
0
0
0
0
0
0
4.469973087
5.108540535
5.265939236
0
0
0
8.214863777
0
0
2.985086203
8.955259323
3.411527157
3.485367775
6.97073555
0
0
0
0
0
0
0
0
0
2.943321943
0
0
0
6.116296768
6.116296768
18.3488903
12.09023571
0
2.015039206
4.605803967
2.015039206
11.98917103
0
3.425477743
0
2.997292757
6.544880867
2.181626797
6.544880867
4.363253593
4.363253593
2.181626797
3.195898771
6.391797543
12.78359509
6.391797543
0
0
3.949471235
3.949471235
0
0
0
5.824573994
5.500987053
6.417817593
0
5.990236282
10.26897621
2.995118141
8.985354424
2.995118141
0
0
0
5.681352139
0
0
4.454909801
8.909819603
0
0
0
3.487300873
17.43650246
10.46190166
6.974601746
7.873521805
2.62450695
2.62450695
0
2.62450695
0
0
0
0
0
0
3.947205544
7.894411087
0
0
0
0
0
0
0
0
11.95105076
0
23.90210152
5.975525379
0
11.07091999
5.535459995
0
0
5.535459995
1.496805668
0
1.531083465
7.575436592
0
3.517858982
0
1.852739096
0
7.563397408
0
9.148301125
12.32220364
21.20912361
10.90328312
10.41441059
0
10.41441059
0
0
6.142649174
11.71790409
5.72327137
4.933854103
5.649263382
0
0
0
0
8.094771385
0
0
0
24.40006638
0
0
9.005149841
9.005149841
0
10.29160023
9.760322571
0
19.52064514
0
0
16.94082451
0
0
33.88164902
0
0
9.35381031
9.35381031
18.70762062
9.35381031
0
0
7.299418926
14.59883785
7.299418926
3.649709463
0
12.90156174
11.28886509
0
22.57773018
0
10.13710117
20.27420235
10.13710117
10.13710117
0
21.64486504
0
10.82243252
10.82243252
0
16.96864891
8.484324455
33.93729782
0
5.68721962
0
0
17.06165886
0
0
0
8.334909439
16.66981888
0
16.66981888
0
0
11.22846985
22.4569397
11.22846985
8.433319092
0
0
8.433319092
16.86663818
7.616722107
5.143395424
12.22610283
11.86072731
6.548694134
8.107832909
18.53219032
0
24.32349586
32.43133163
9.497620583
0
9.497620583
18.99524117
9.497620583
16.25160027
0
0
0
8.125800133
7.932961941
0
0
0
15.86592388
26.99760628
10.28480244
0
8.999201775
8.999201775
12.97727394
19.46590996
6.488636971
6.488636971
6.488636971
0
0
0
0
0
0
0
0
0
0
0
0.309436619
0.632080913
0.481136233
0
0.503777981
0
2.689798355
9.768215179
0
0
0
0
0
0
0
0
0
0
0
0
0
0
0
0
0
0
0
0
0
0
0
4.933280945
0
0
0
0
3.857321739
0
0
0
0
0
0
0
0
0
0
0
0
0
0
0
0
0
0
0
0
0
0
2.680994987
0
-0.6
7
0
0
0
0
0
0
0
0
0
1.406310081
0
0
0
0
0
0
0
0
0
0
0
0
0
0
0
0
0
0
3.015443325
2.638512373
5.277024746
0
0
2.722043753
0
0
2.898414373
2.898414373
5.796828747
5.796828747
0
0
0
0
0
0
0
0
0
0
0
0
0
2.482189417
0
0
0
1.4298172
4.289451122
4.902230263
5.885275364
6.726029873
13.45205975
5.885275364
0
7.512922287
15.02584457
15.02584457
0
0
6.982539177
6.982539177
2.660014868
11.63756371
0
0
0
0
13.13967609
6.569838047
0
8.830137253
4.415068626
4.415068626
0
2.000287294
6.071461678
2.808246613
0
0
0.580475628
4.079053879
4.079053879
0
0
4.661776066
5.086268902
4.450484753
4.450484753
0
4.450484753
11.20688534
7.471256733
7.471256733
3.735628366
0
0.447434068
0
0.999269426
28.93406868
3.92250514
6.575342178
3.287671089
6.575342178
0
3.287671089
8.136005402
8.136005402
12.20400906
0
4.068002701
14.52413273
5.171002865
2.472193003
0
0
8.344390869
0
0
0
0
0
9.250402451
0
18.5008049
8.094101906
8.900905609
7.788291931
15.57658386
7.788291931
0
0
13.54226017
13.54226017
6.771130085
6.771130085
0
2.471805811
2.070972443
10.902668
2.418361187
3.153222561
21.50522804
7.168409348
0
14.3368187
7.168409348
8.244802475
8.244802475
0
0
0
0
0
12.33460522
12.52340126
0
15.78198051
15.78198051
0
0
23.67296982
0
0
0
0
28.10037041
0
0
0
12.74053097
25.48106194
8.285225868
14.49914455
14.49914455
0
0
0
0
10.46932983
41.87731934
31.40798759
0
14.84042931
14.84042931
0
0
0
0
5.90733242
7.239042759
0
0
0
5.171142101
0
5.472374439
0
0
0
0
0
0
0
0
0
0
0
0
0
0
0
0
0
0
0
8.778569221
0
0
0
0
0
0
0
10.22317696
0
0
0
0
0
21.02299118
0
0
0
0
0
11.28881073
0
11.28881073
0
8.390369415
8.390369415
0
0
4.339780331
6.519488811
10.0934267
7.128236294
8.14936161
34.49399948
11.49800014
11.49800014
0
0
9.019011497
36.07604599
18.03802299
18.03802299
27.05703163
8.398146629
8.398146629
8.398146629
0
0
4.557631969
4.557631969
9.115263939
9.115263939
4.557631969
8.457170486
8.457170486
8.457170486
0
8.457170486
0
11.05566883
0
0
0
0
0.472329646
0.442469716
0
0.358319074
0
7.797245026
7.797245026
0
0
0
5.078197956
10.15639591
0
5.078197956
0
3.998236656
0
2.281045437
0
0
0
0
0
0
0
0
0.555757165
0
0
0.666908681
0.541282773
0
0
0.531441271
0
0
0
0
0
0
0
0
0
4.097042084
4.097042084
0
0
0
0
0
7.763834476
3.881917238
7.763834476
0
3.881917238
0
0
0
0
0
0
0
0
0
1.807789683
0
0
0
0
0
0
0
0
0
0
0
-0.6
7
0
0
0
0
0
0
0
0
0
0
0
0
0
0
0
0
0
0
0
0
0
0
0
0
0
0
0
0
0
0
0
0
0
0
0
0
0
0
0
0
0
0
8.895460129
0
0
0
0
0
0
0
0
0
0
0
0
0
0
0
7.883951187
2.409534931
4.819069862
0
0
4.819069862
7.323021889
2.441007376
2.789722681
7.323021889
2.789722681
8.015668869
12.02350235
12.02350235
8.015668869
4.007834435
0.879794121
0
8.257961273
0
25.07180405
3.846290588
0
10.09651279
0
3.365504265
0
6.26860714
7.164123058
0
3.13430357
9.402911186
0
0
3.457881212
3.951864481
13.83152485
0
5.335085869
0
4.599211693
5.427069664
2.964674473
2.594089985
0
2.594089985
0
10.36786842
3.455956221
7.899329185
0
7.899329185
7.319657326
0
0
0
14.63931465
4.691077232
1.223759294
9.790073395
2.855438471
6.32275629
8.794505119
10.05086327
0
0
13.1917572
0
5.002743721
5.717421532
10.00548744
10.00548744
11.09462547
11.09462547
5.547312737
0
0
0
0
0
3.76347208
0
2.666083574
5.332167149
2.666083574
0
3.046952724
1.807759523
0
1.841867924
0
9.516318321
0
0
0
0
18.20350075
9.101750374
17.59640312
15.86818695
0
32.83614349
0
0
8.318134308
0
8.318134308
0
0
4.536907673
2.877779961
0
5.667464733
17.80639267
0
16.79554939
33.35783005
0
11.11594963
17.22867393
9.190022469
9.504033089
3.663448572
39.00561142
0
0
33.43338013
0
0
0
0
8.160695076
0
15.81988621
7.909943104
7.909943104
0
0
0
19.04940987
0
0
9.524704933
0
11.07345009
0
0
0
7.15866375
0
0
14.3173275
0
7.15866375
0
0
32.73888397
9.548841476
19.09768295
0
0
0
0
0
0
0
0
7.132324696
7.132324696
0
0
0
0
0
8.593654633
0
17.18730927
17.18730927
0
23.49640465
11.74820232
23.49640465
0
23.49640465
0
0
8.585562706
8.585562706
25.75668716
17.17112541
25.59943962
0
0
22.39950943
0
14.0744524
0
42.22335815
0
28.1489048
19.27122688
0
33.0363884
9.635613441
11.01212978
11.66284275
0
12.49590111
0
0
0
18.13397408
0
18.13397408
9.066987038
0
5.153287411
10.30657482
0
0
11.72350311
0
5.861751556
17.58525467
0
5.033559799
15.10068035
5.033559799
5.033559799
0
12.77787495
0
0
6.015557766
5.766638279
10.10960007
0
10.10960007
0
0
0
0
0
0
0
0
1.433660269
0
0
0
0
2.714589357
0
0
0
2.435146332
0
0
0
0
0
0
0
0
0
0
0
4.793212414
9.586424828
0
0
0
0
0
5.312668324
0
4.151094437
0
0
0
0
1.301625371
0
0
0
0
0
0
0
1.962906599
0
0
0
0
0
0
0
0
0
3.349104643
0
0
0
0
4.064935684
0
0
-0.6
7
0
0
0
0
3.227940559
0
0
0
0
0
0
0
1.697097778
1.939540386
0
0
1.156341672
0
1.156341672
3.469025135
3.265543699
0
0
0
0
0
0
0
0
0
0
0
0
2.655963659
0
0
0
0
0
0
0
0
0
0
0
0
0
0
3.824280977
9.806818008
2.461170673
3.571996927
0
0
3.571996927
3.571996927
0
0
0
0
0
0
0
0
0
0
0
0
4.142651081
0
0
0
0
0
0
0
10.04702377
0
0
2.508785963
2.508785963
0
0
0
0
0
0
1.518490911
5.805994987
16.25678635
0
14.8890276
0
7.444513798
0
14.54367542
1.3166399
0
0
1.039452672
3.182064295
0
6.36412859
6.36412859
19.09238625
15.49656391
0
3.874140978
11.62242317
7.748281956
1.995141864
5.515981197
24.17642593
11.32536697
0
0
0
5.815351963
7.632648945
5.815351963
0
0
0
17.9538784
0
3.626852274
0
3.626852274
0
3.626852274
0
0
12.16618443
10.90159798
0
0
19.79804993
0
0
0
3.794603825
0
0
0
0
0
5.826900482
5.826900482
0
0
0
5.630952358
0
16.8928566
0
0
0
0
0
0
0
7.814479351
15.6289587
15.6289587
7.814479351
7.814479351
13.23528385
0
0
6.617641926
6.617641926
0
0
0
51.67939758
0
36.46222687
0
0
0
0
13.86315536
0
0
0
4.621051788
0
10.94128895
32.8238678
10.94128895
0
0
6.188718319
14.14564228
0
0
0
0
0
0
0
0
0
0
0
14.54079437
10.77059555
0
10.77059555
0
0
0
0
0
0
0
0
0
0
0
9.453830719
0
0
0
0
0
0
0
0
14.72987938
0
0
0
0
0
0
0
0
0
15.04611683
0
7.523058414
30.09223366
8.011689186
0
0
0
0
0
48.75333023
0
0
0
8.543617249
0
8.543617249
0
8.543617249
0
18.93741035
9.468705177
18.93741035
9.468705177
0
0
0
9.211663246
9.211663246
8.310840607
0
0
8.310840607
8.310840607
9.649222374
0
0
9.649222374
9.649222374
14.33118057
7.165590286
7.165590286
0
7.165590286
7.756649494
7.756649494
7.756649494
15.51329899
0
10.82817078
0
0
0
10.82817078
5.303337574
0
0
10.60667515
5.303337574
0
12.62975788
12.62975788
0
0
14.43400955
0
0
0
0
0
0
0
0
5.902984619
0
0
0
10.16212559
10.16212559
0
4.735111713
9.470223427
0
4.735111713
4.735111713
3.663376808
3.663376808
0
0
0
0
4.647444248
0
4.647444248
0
0
0
6.520666122
0
0
3.17580533
0
6.351610661
0
0
0
3.583995581
3.583995581
0
3.583995581
7.897544861
13.82070255
0
0
0
0
0
0
18.53453827
0
0
0
0
0
0
0
-0.6
7
0
0
0
0
0
0
0
0
0
0
0
0
0
0
0
0
0
0
0
1.566923738
0
0
0
0
0
0
0
5.935536385
2.967768192
0
0
0
0
0
0
10.29626083
0
0
0
0
8.211076736
12.69705486
5.554961205
0
0
0
0
3.669374466
3.669374466
7.338748932
3.669374466
0
0
0
10.11497116
5.05748558
6.30579567
3.152897835
3.152897835
6.702847004
3.351423502
0
0
3.351423502
3.45729804
0
6.914596081
3.45729804
6.914596081
0
4.480428696
0
0
8.960857391
11.34829044
3.782763243
0
0
0
3.091633081
9.274898529
6.183266163
3.091633081
3.091633081
6.605027676
0
0
0
1.65125668
19.17998505
5.442240715
16.32672119
5.442240715
10.88448143
10.88448143
0
6.804616451
11.90807819
0
11.90807819
0
0
0
18.02124786
0
0
0
0
0
16.29575348
0
0
0
0
0
4.738106728
0
18.95242691
0
9.476213455
0
0
11.41814804
0
17.12722206
3.806630611
0
0
4.350435257
19.03315163
0
8.445586205
16.89117241
8.445586205
0
14.75490475
0
14.75490475
14.75490475
7.377452374
5.357036114
10.71407223
6.122327328
10.71407223
10.71407223
9.07400322
0
18.14800644
9.07400322
0
0
13.77842426
0
13.77842426
0
6.889212132
0
0
0
10.36318684
0
0
27.34148407
13.67074203
0
0
0
8.546989441
17.09397888
0
17.09397888
0
27.58735657
0
0
0
0
0
7.404333115
0
7.404333115
10.16250229
30.48750877
0
10.16250229
10.16250229
0
15.31820297
0
15.31820297
0
5.735000134
11.47000027
19.66285706
5.735000134
11.47000027
0
0
0
0
19.41120529
0
0
0
0
0
0
0
0
0
0
0
14.22012901
0
0
14.22012901
0
17.80616951
0
0
0
0
0
0
0
28.10865974
0
0
0
18.58526993
0
18.58526993
0
0
0
0
0
0
0
0
0
16.37299728
0
0
0
9.154031754
0
0
10.97699928
10.97699928
0
10.97699928
10.97699928
0
21.2092247
0
21.2092247
10.60461235
0
0
0
0
0
0
0
0
8.916999817
8.916999817
10.94557476
0
10.94557476
10.94557476
21.89114952
0
15.72382069
0
0
0
0
26.61446381
35.48595428
0
0
7.488646507
7.488646507
0
0
22.46594238
14.05517101
14.05517101
0
28.11034203
14.05517101
9.638809204
0
0
19.27761841
0
7.980548859
0
0
0
15.96109772
7.980548859
0
0
0
4.500499249
4.500499249
0
0
0
0
5.002967834
0
0
0
0
0
0
0
6.461680889
0
0
5.900767326
0
0
0
0
0
3.186476231
3.186476231
3.186476231
0
0
6.072112083
0
6.072112083
0
0
0
0
0
0
0
0
0
0
0
0
0
0
0
0
0
0
0
0
0
0
0
0
0
0
0
-0.6
7
0
0
0
0
0
0
0
0
0
4.377076626
0
0
0
0
0
0
0
0
0
0
0
0
0
0
0
0
0
0
0
0
0
0
0
0
0
0
0
0
0
0
4.378121853
2.779014587
0
0
0
0
0
0
0
0
0
0
0
0
0
0
0
0
0
0
4.996387482
4.996387482
0
0
4.996387482
0
5.050054073
0
3.486941814
1.683351517
0
0
0
0
0
0
0
0
0
0
9.035644531
0
0
0
9.832907677
9.982772827
3.327590942
9.982772827
0
0
0
3.53660202
8.083662033
7.073204041
10.60980511
4.041831017
3.819474459
8.73022747
4.365113735
7.638948917
3.819474459
2.623872519
5.247745037
2.623872519
0
0
6.301481247
16.54138756
0
5.513795376
0
2.788607836
0
5.577215672
2.788607836
0
0
0
0
11.87038708
0
0
0
0
0
3.516707897
0
19.54797935
14.53567791
0
0
0
7.13493824
0
14.26987648
0
0
0
13.89253902
6.077985764
27.78507805
7.995941639
3.997970819
3.997970819
0
7.995941639
17.31433678
8.657168388
0
0
0
8.657168388
18.54838562
27.82257843
0
0
9.27419281
0
37.55696487
0
18.77848244
0
0
0
16.95685387
0
0
14.3025341
0
14.3025341
0
0
0
0
0
0
0
0
0
0
0
0
0
14.86790943
0
0
0
0
9.468429565
0
9.468429565
0
0
5.206960678
0
4.724057674
0
11.04083443
14.02342701
0
0
11.98270607
0
0
0
14.63283825
0
0
0
0
0
11.61576271
0
0
0
0
0
0
0
0
0
0
0
0
0
0
0
0
0
0
0
0
0
0
0
0
0
0
30.25161934
0
0
0
0
0
0
0
0
0
0
8.60341835
0
8.60341835
8.60341835
0
0
22.46927834
22.46927834
0
0
0
12.65149212
0
25.30298424
12.65149212
14.35873508
14.35873508
0
0
0
0
0
5.553962708
26.15560722
26.83959579
5.381721973
5.381721973
5.381721973
0
5.381721973
0
8.102937698
0
8.102937698
4.051468849
22.75318146
0
0
0
0
0
10.90667343
0
10.90667343
10.90667343
15.31796932
7.658984661
0
0
0
0
6.26436615
6.26436615
12.5287323
0
0
0
0
0
0
7.779127121
4.324703693
0
0
8.649407387
8.649407387
8.615218163
4.307609081
0
0
0
0
0
0
5.648495197
0
0
0
0
0
0
0
0
0
0
0
0
0
0
0
0
0
0
0
0
5.748894691
7.973898888
0
0
0
0
0
0
7.386174202
0
0
0
0
0
0
0
0
0
0
0
0
0
-0.6
7
0
0
0
0
0
0
0
0
0
0
0
0
0
0
0
0
0
0
0
0
0
0
0
0
0
0
0
0
0
0
0
0
6.557704449
0
0
6.557704449
0
0
0
0
0
0
0
4.401000977
4.401000977
2.200500488
0
0
0
0
0
0
0
0
0
0
0
0
4.579847813
8.677775383
5.78518343
0
0
3.305819273
8.085327148
0
3.080124855
2.695109129
8.085327148
0
8.414658546
8.414658546
4.207329273
8.414658546
0
0
6.465529442
11.31467533
5.657337666
0
0
0
0
0
3.419465542
10.25839615
6.838931084
3.907960415
3.907960415
7.81592083
2.440815687
4.881631374
2.440815687
4.881631374
4.881631374
4.660476208
6.116875172
0
2.038958311
2.038958311
0
10.93556786
0
4.473641872
8.781593323
2.951619625
0
1.26919663
35.44895172
0
0.569992721
0.973737478
15.84104538
0.569992721
0
4.643337727
6.238223553
2.644683838
0
0
0
21.21256638
6.060733318
10.60628319
0
7.729309559
3.864654779
7.729309559
7.729309559
0
0
3.077652216
3.077652216
3.077652216
0
0
0
2.201916695
3.853354216
0
0
0
0
8.156490326
4.078245163
0.125163123
0
0.576181948
0
0.261116177
0.271906108
0
10.30768013
0
0
20.61536026
18.71500587
9.357502937
9.357502937
9.357502937
18.71500587
0
0
0
0
29.26213264
0
6.359614849
0
0
6.359614849
13.29166508
0
0
0
0
9.924965858
9.924965858
9.924965858
9.924965858
0
0
18.52126694
9.260633469
37.04253387
0
0
0
8.210892677
0
0
0
0
0
0
0
0
0
0
0
0
0
0
0
0.47575447
1.224215627
2.724127531
3.274068832
2.250922203
2.276501179
3.900746107
2.404394388
0
12.19528961
0
0
0
13.0673542
0
0
0
0
0
0
4.340656757
0
0
25.01905251
0
0
0
16.67936897
0
0
4.756297112
14.26889229
9.512594223
0
0
0
0
0
0
0
11.61826897
5.809134483
11.61826897
0
0
26.94822311
0
7.85989809
8.982740402
0
0
6.473433971
6.473433971
6.473433971
34.20320129
0
22.80213356
11.40106678
11.40106678
28.74310875
0
14.37155437
0
0
24.43120193
0
12.21560097
12.21560097
12.21560097
0
0
0
18.06070137
0
0
10.47627735
15.71441746
5.238138676
15.71441746
0
7.701497078
0
7.701497078
0
1.856713772
2.964411974
0.632970631
0
1.582426429
10.33532715
20.6706543
20.6706543
0
0
16.95759392
25.43639183
8.478796959
0
0
0
2.253647566
0
0
0
0
0
3.629953146
0
0
0
0
0
4.342191696
2.171095848
4.342191696
0
0
13.80079079
4.600263596
0
0
3.621921062
3.621921062
3.621921062
0
0
27.23669815
0
13.61834908
0
15.48600578
10.32400417
0
0
0
0
0
0
0
0
0
0
0
0
0
0
0
0
0
0
0
0
0
0
0
0
0
0
0
0
0
-0.6
7
0
0
0
0
0
0
0
0
0
3.080120087
2.681642532
0
0
0
0
0
0
0
0
0
0
0
0
0
0
0
0
0
0
0
0
0
0
0
0
0
0
0
0
0
0
4.773276329
0
0
0
0
0
0
0
6.307460785
0
0
0
0
0
0
0
0
0
4.56425333
0
0
9.12850666
9.12850666
0
0
0
8.095536232
3.541797161
10.09667492
0
5.04833746
0
0
0
0
1.955704808
4.470182419
3.911409616
2.661536455
0
0
2.661536455
2.661536455
1.748742223
1.748742223
3.497484446
3.997125387
3.997125387
5.246226788
9.208893776
15.050354
5.978908062
10.23974037
0
0
0
7.285947323
3.642973661
0
0
3.170196295
0
0
1.77531004
7.717950344
2.537408113
0
0
0
0
7.450993061
14.90198612
13.03923702
0
0
8.370037079
0
0
5.580024719
5.839449406
17.5183506
0
11.67889881
5.839449406
0
3.56831789
0
10.70495319
0
9.833601952
5.61920166
9.833601952
9.833601952
0
0
0
0
0
0
5.612175941
16.83652878
0
0
11.22435188
0
0
0
14.07690716
0
0
11.04339027
0
11.04339027
0
12.62101841
13.64370251
13.64370251
0
13.64370251
0
0
19.51934433
0
0
0
0
30.17116165
0
0
0
0
0
0
0
28.91636086
0
23.58463287
0
0
0
0
8.628746986
0
8.628746986
8.628746986
0
0
0
21.84313965
0
0
0
0
0
0
0
15.79524803
0
0
0
0
0
23.82348442
0
0
0
0
0
41.82794952
0
0
0
0
0
0
0
0
0
0
0
0
0
0
0
0
0
0
0
7.969563007
15.93912601
7.969563007
0
11.21292877
22.42585754
11.21292877
0
10.33810616
20.67621231
0
0
0
0
19.96500015
19.96500015
0
0
0
0
0
0
0
0
0
0
9.615739822
19.23147964
0
0
0
0
0
20.55781174
0
20.0910759
10.04553795
20.0910759
0
9.719159126
9.719159126
0
19.43831825
29.15747643
0
12.2899456
0
8.193296432
4.096648216
10.34416676
5.172083378
5.172083378
15.51625061
5.172083378
9.062822342
18.12564468
18.12564468
9.062822342
18.12564468
7.642294407
0
0
22.92688179
15.28458881
10.343997
0
0
5.171998501
0
16.61570168
0
8.307850838
8.307850838
0
0
0
0
5.660774708
2.830387354
5.660774708
3.299642563
0
0
0
0
0
0
0
3.667447567
0
2.724022388
2.724022388
2.724022388
0
2.724022388
0
0
0
0
0
0
0
0
0
0
0
0
0
0
0
0
0
0
0
0
0
0
0
0
0
0
0
0
0
0
0
0
0
0
0
0
0
0
0
0
0
-0.6
7
0
3.10762167
3.10762167
0
0
0
0
0
0
0
0
0
0
0
0
0
0
0
0
0
0
0
0
0
0
0
0
0
0
0
0
0
0
0
0
0
0
0
0
0
0
0
0
0
0
0
0
0
0
0
0
0
0
0
0
0
0
4.326613903
4.944701672
2.61579299
5.231585979
7.847379208
2.61579299
2.61579299
8.399517059
12.59927559
8.399517059
8.399517059
0
6.935132504
0
0
10.40269852
13.87026501
0
5.342002869
6.105146885
2.671001434
0
0
0
4.412710667
4.412710667
0
0
0
5.700369835
2.850184917
2.850184917
2.850184917
6.675900459
2.920706272
6.675900459
5.841412544
5.841412544
0
4.539747715
6.809621811
2.269873857
2.594141722
0
3.416610003
6.833220005
2.989533663
3.416610003
5.419260502
28.45111656
0
0
14.22555828
0
0
2.071173906
39.45586395
0
4.636592388
4.636592388
4.636592388
13.90977859
4.636592388
14.89633846
14.89633846
4.965446472
0
0
0
0
3.616792202
3.616792202
0
12.8807888
6.440394402
0
12.8807888
6.440394402
0
3.405287266
6.810574532
3.405287266
0
0
9.487202644
9.487202644
18.97440529
0
9.133738518
0
0
9.133738518
4.566869259
0
0
0
13.57257652
0
13.57257652
20.83328819
6.944429398
27.77771759
0
0
0
8.447290421
8.447290421
0
8.447290421
7.354020596
22.06206322
0
7.354020596
7.354020596
0
0
0
15.82800007
15.82800007
0
11.15323448
0
0
0
11.84502602
0
13.53717327
23.69005203
0
0
0
0
6.277376175
0
0
0
0
12.88829994
0
0
0
0
14.55018044
21.82527161
19.31529999
19.31529999
9.657649994
0
9.657649994
6.810329437
6.810329437
0
0
6.810329437
13.62065887
11.98797321
0
0
11.98797321
0
0
0
0
0
12.34906483
2.721885443
0
2.478134871
0
3.485638857
0
20.51493263
5.128733158
0
20.51493263
0
10.80356503
0
0
43.2142601
21.69993782
10.84996891
10.84996891
10.84996891
0
0
10.55263805
10.55263805
0
10.55263805
21.10527611
12.01842308
12.01842308
0
0
0
20.88571548
20.88571548
0
0
10.44285774
22.09861183
14.73240757
0
7.366203785
14.73240757
12.56766033
0
0
0
0
8.885607719
8.885607719
0
17.77121544
0
0
0
0
0
6.007315159
7.158433437
7.158433437
0
0
7.158433437
0
0
4.997347832
9.994695663
4.997347832
7.30533886
0
0
0
0
8.073161125
8.073161125
0
8.073161125
24.21948433
0
14.62058449
0
14.62058449
0
0
12.11998272
0
0
6.05999136
12.11998272
0
6.475664616
6.475664616
0
0
0
0
0
5.049760342
0
0
0
0
0
0
0
0
0
0
0
0
0
0
0
0
0
2.576711893
5.153423786
0
0
7.750348091
3.875174046
3.875174046
0
3.875174046
5.526978493
2.763489246
0
0
0
0
0
0
0
3.882300854
0
0
12.90794563
0
0
0
0
0
0
0
0
-0.6
7
0
0
0
0
0
0
3.133769035
0
0
0
0
0
0
0
0
0
0
0
0
0
2.93506813
0
0
0
0
6.43124485
0
0
0
0
0
0
0
8.096887589
5.3979249
0
0
3.76266408
3.76266408
3.76266408
7.525328159
8.060655594
8.060655594
4.606089115
4.030327797
0
4.906406879
0
4.293105602
0
0
0
0
0
0
0
4.139672279
0
6.209508419
2.06983614
10.25845909
0
0
7.81596899
3.419486284
0
0
3.495495558
0
10.48648739
0
0
10.47194099
18.32589722
13.74442291
5.545042038
0
0
0
3.168595552
0
6.700384617
3.350192308
0
0
0
0
0
0
0
0
7.089631081
0
7.089631081
0
14.17926216
0
0
3.195748806
6.391497612
6.391497612
8.215596199
8.215596199
0
0
20.53899193
5.510848522
9.643983841
0
0
4.82199192
0
7.451529503
4.258017063
0
0
0
11.22608566
0
7.48405695
3.742028475
0
0
0
9.856554985
11.26463509
5.26466608
0
0
0
12.03352356
0
0
0
0
14.48527718
2.765606403
0
0
0
8.296818733
8.889017105
17.77803421
4.444508553
0
0
4.248161316
25.4889698
4.248161316
21.24080658
12.7444849
4.248161316
0
10.37377071
0
10.37377071
10.37377071
7.83812952
39.19064713
0
15.67625904
15.67625904
27.95519829
18.63679886
0
0
0
0
0
0
0
0
0
0
15.13694859
0
0
0
27.62434006
0
18.41622543
0
0
6.900855064
6.900855064
6.900855064
0
0
0
0
8.759338379
0
9.570858955
19.14171791
19.14171791
28.71257591
0
0
0
0
0
12.83288383
0
0
0
0
0
0
0
0
0
0
0
0
0
31.53608894
0
0
0
0
0
0
0
0
0
6.68333149
0
0
0
10.97479343
0
0
10.97479343
7.697059631
0
0
7.697059631
0
0
0
0
0
10.54405117
21.08810234
0
0
8.695073128
0
0
0
0
21.05775642
0
10.52887821
0
0
0
0
0
0
0
0
0
0
9.45468998
0
0
0
18.90937996
10.04130745
0
30.12392426
0
0
0
11.10258675
9.714762688
0
0
5.347708225
10.69541645
0
5.347708225
5.347708225
8.868662834
0
8.868662834
0
0
7.742480755
15.48496151
0
7.742480755
0
8.491438866
0
8.491438866
0
0
18.97824097
9.489120483
0
0
0
0
0
0
0
0
0
0
0
0
0
0
0
0
0
0
0
0
0
0
0
0
0
0
0
0
0
0
0
0
13.18150043
0
9.22148037
4.610740185
0
9.22148037
0
0
0
0
0
0
0
0
0
0
0
0
0
0
0
0
0
0
0
0
7.115626335
0
0
0
0
0
0
-0.6
7
0
0
0
0
0
0
0
0
0
0
0.870716751
0
1.741433501
1.741433501
1.741433501
3.346999645
0
0
0
1.673499823
2.326569796
0
0
0
0
0
0
0
0
0
0
0
0
0
0
0
0
0
0
0
0
0
0
0
0
0
0
0
0
0
0
0
0
0
0
0
0
6.620303154
3.310151577
2.936267376
2.936267376
0
0
0
0
0
0
0
0
0
5.40883255
0
0
0
0
0
0
0
2.152075529
0
0.578820825
11.1905365
12.01742363
11.21810055
12.01991558
0
0
0
9.014936447
3.004978895
3.858630657
3.858630657
15.43452263
11.57589245
0
0
3.790174007
3.790174007
0
0
8.795736313
21.98934364
0
5.026135445
8.795736313
11.34371758
0
3.781239033
7.562478065
3.781239033
5.378967762
4.706596375
0
4.706596375
4.706596375
1.814221382
2.673589468
12.60406494
9.453048706
4.726524353
12.07941818
18.11912727
6.039709091
0
6.039709091
0
6.627491474
0
13.25498295
0
0
6.152323246
0
0
0
0
0
4.917041779
4.917041779
9.834083557
6.014008522
18.04202461
0
0
0
6.388762474
7.3014431
12.77752495
6.388762474
0
6.388762474
24.828228
0
41.38037491
16.55215073
8.276075363
0
0
0
7.652546406
15.30509281
31.79368782
0
0
10.59789562
0
0
11.56367493
0
23.12734985
0
0
5.341522217
16.02456665
0
0
0
0
0
16.98035049
0
0
0
0
0
0
0
0
0
0
0
0
29.97488785
0
0
29.97488785
0
0
0
0
0
0
0
15.67974091
15.67974091
0
0
0
0
0
0
0
0
29.90572357
0
0
0
0
0
0
0
0
0
0
0
0
0
0
0
0
0
0
0
0
0
16.16008186
0
0
0
12.49987602
0
0
12.49987602
0
0
0
0
9.453289986
5.866924286
5.866924286
5.866924286
0
5.866924286
18.64674377
0
12.43116283
6.215581417
0
0
38.44521332
19.22260666
0
0
0
0
10.9011364
10.9011364
5.450568199
5.530673027
5.530673027
5.530673027
5.530673027
0
0
0
8.15562439
32.62249756
8.15562439
6.90310812
0
6.90310812
0
3.45155406
4.484735966
0
0
8.969471931
0
0
0
14.07277107
0
0
6.077551365
0
0
0
0
8.643903732
8.643903732
0
0
9.87874794
8.643903732
8.538812637
0
0
0
0
0
0
8.479380608
0
0
0
0
0
6.053565979
0
0
0
0
0
0
0
0
0
0
0
6.176017761
0
6.176017761
12.35203552
0
2.706991911
0
0
0
0
0
0
0
0
4.423680305
3.56455946
3.56455946
3.56455946
0
0
0
0
0
0
0
0
0
0
0
0
0
0
0
0
0
0
-0.6
7
0
0
0
0
6.256424904
0
0
0
0
0
0
0
0
0
0
0
0
0
0
0
0
0
0
0
0
0
0
0
0
13.52594948
0
6.67818737
0
0
0
0
0
0
0
1.763614416
1.763614416
3.06288743
6.12577486
0
0
0
0
0
0
0
0
0
0
0
0
0
0
0
0
0
0
5.506584644
0
0
0
0
0
0
0
0
0
8.689466476
4.344733238
0
0
0
0
0
3.297590017
0
0
0
0
0
0
0
0
2.844277143
2.844277143
3.250602484
11.88770866
3.467248201
3.467248201
3.467248201
7.92513895
4.221802235
4.221802235
8.443604469
14.47475147
4.221802235
5.891275406
6.732886314
2.945637703
3.366443157
0
0
0
0
15.6467886
0
0
6.165454388
5.871860027
14.3860569
0
0
20.99403763
0
5.704540253
23.14982414
5.156290054
5.156290054
0
15.46887112
0
7.608510971
13.465065
10.36159229
0
4.555095673
7.026032925
0
0
0
0
9.585548401
0
9.585548401
10.95491314
10.95491314
0
0
7.830738544
0
0
0
0
10.58592129
0
10.58592129
5.292960644
19.25124168
0
11.00070953
19.25124168
9.625620842
0
0
0
0
0
0
13.77359962
0
13.77359962
0
0
0
24.86552429
0
0
21.90179443
7.300598145
0
0
0
0
17.09520721
0
0
0
0
14.5368681
0
0
0
0
21.17257118
10.58628559
10.58628559
0
11.70032597
0
0
0
0
0
0
0
0
23.59413147
0
0
0
0
0
0
0
0
0
0
0
0
0
0
0
0
0
0
0
0
0
42.6867981
0
10.67169952
0
0
0
0
11.7215395
0
0
0
0
7.44781971
0
0
0
0
0
9.401378632
0
0
0
0
0
0
0
0
0
0
15.36089039
0
7.682332993
0
0
7.682332993
0
0
0
0
23.99801826
0
14.31788826
0
0
14.31788826
0
14.88671589
0
0
7.443357944
0
0
0
6.820812702
20.46243668
0
0
0
0
0
0
7.592339516
7.592339516
7.592339516
0
0
0
16.49510574
24.74265862
8.247552872
0
0
14.58058548
21.87087822
0
0
0
7.888218403
0
0
0
7.888218403
0
0
0
0
0
0
4.298137665
0
0
0
0
0
0
0
0
0
0
0
3.667148829
0
0
6.401551723
0
0
0
4.891824245
4.280346394
2.140173197
2.140173197
0
0
0
0
0
0
0
0
5.575215816
5.575215816
0
2.177864075
2.177864075
0
0
0
0
0
0
0
0
0
0
0
0
3.745343208
0
0
2.150066137
0
4.300132275
2.150066137
-0.6
7
6.67858839
0
0
0
0
0
0
0
0
0
0
0
0
0
0
0
0
0
0
0
0
0
0
0
0
0
0
0
0
7.376661301
7.376661301
0
3.490864277
10.47259235
0
0
0
0
0
0
0
0
0
0
4.544779778
5.194034576
4.056799412
8.113598824
4.056799412
0
0
0
0
0
0
0
0
2.295623779
6.886870861
0
4.528011799
9.056023598
10.34974194
13.58403492
3.813180685
7.62636137
4.357920647
3.813180685
4.357920647
15.79760265
3.949400663
3.949400663
0
0
3.846259832
3.846259832
7.692519665
3.846259832
3.846259832
0
0
5.875824451
5.141345978
0
3.594379663
3.594379663
3.594379663
3.594379663
7.188759327
7.188759327
23.58056641
6.354940414
0
0
0
0
20.05477715
0
0
0
0
0
3.58282423
7.16564846
9.404912949
5.279557228
23.0980587
0
0
5.279557228
16.01100159
2.801925182
0
6.404400826
0
4.218173981
11.07270622
4.218173981
3.690902233
3.690902233
0
2.983806849
2.983806849
0
0
8.637737274
0
4.318868637
12.95660686
0
0
4.365963936
4.365963936
13.09789181
8.731927872
5.910843849
0
0
13.51050091
5.910843849
0
0
0
4.17502594
0
5.436094761
16.30828476
0
10.87218952
0
0
0
0
11.88263988
10.3973093
0
0
0
7.658874989
15.31774998
0
9.04440403
7.913853168
0
7.913853168
23.74155807
0
10.95379066
19.16913033
0
0
0
13.77234745
6.886173725
20.65852165
0
6.874660969
7.856755733
0
13.74932194
13.74932194
12.54870987
37.64612579
0
0
21.96023941
0
31.77788162
0
0
0
19.72259521
19.72259521
0
9.861297607
9.861297607
10.82771587
10.82771587
0
21.65543175
10.82771587
0
0
0
0
0
9.435025215
0
0
0
9.435025215
0
0
0
0
0
0
0
0
0
0
0
10.3822546
0
0
0
0
0
30.880476
11.7639904
0
10.29349136
0
20.42516708
0
0
10.21258354
36.78630447
0
0
12.26210117
12.26210117
12.26210117
0
0
7.72342062
0
0
11.74076653
11.74076653
0
0
11.74076653
0
0
9.81560421
0
0
0
23.28914261
0
0
0
21.88908768
0
43.77817535
0
21.88908768
10.94304371
0
10.94304371
10.94304371
21.88608742
5.848056316
11.69611263
0
5.848056316
17.54416847
6.522563457
0
6.522563457
6.522563457
6.522563457
5.863788128
5.863788128
0
5.863788128
0
0
6.721970081
6.721970081
6.721970081
6.721970081
0
0
14.50706005
0
14.50706005
0
0
31.51504326
0
0
13.78783131
0
5.995107651
5.995107651
5.995107651
2.997553825
0
0
0
0
10.71407509
0
0
0
0
0
0
0
4.928907871
0
4.928907871
4.643362999
9.286725998
0
0
0
4.298128128
4.298128128
0
0
0
0
0
0
0
0
0
0
0
0
0
0
0
0
0
0
0
0
0
0
0
0
0
0
0
3.498995066
3.953723192
0
0
0
0
0
-0.6
7
0
2.753906012
0
0
0
0
0
0
0
0
0
0
1.477697611
1.477697611
0
0
0
0
0
2.532131433
0
0
0
0
0
2.483726978
0
0
0
0
0
0
0
0
0
0
0
0
0
0
0
0
0
0
0
0
0
0
0
0
0
8.039229393
0
0
0
0
0
0
0
0
0
0
0
0
0
0
0
0
0
0
0
0
0
0
0
14.71405506
4.904684544
9.809369087
14.71405506
14.71405506
0
0
3.758399725
0
7.51679945
9.346268654
0
18.69253731
0
18.69253731
0
3.332222939
3.332222939
0
6.664445877
9.996668816
0
0
0
0
0
10.01352692
0
0
2.503381729
2.503381729
0
7.150974751
3.575487375
0
7.150974751
8.652015686
12.97802353
0
0
0
8.832863808
0
8.832863808
4.416431904
8.832863808
11.02724457
0
0
5.513622284
5.513622284
5.619551659
8.429327965
0
5.619551659
5.619551659
0
0
4.900741577
4.900741577
9.801483154
0
13.26966381
0
0
0
7.963867188
7.963867188
7.963867188
7.963867188
0
12.63667202
6.31833601
0
0
0
6.31833601
13.98857021
13.98857021
0
0
13.98857021
8.732566833
0
0
17.46513367
0
0
17.76329803
0
8.881649017
0
24.91978645
12.45989323
12.45989323
12.45989323
12.45989323
0
12.6238718
0
0
6.311935902
12.31822681
0
0
6.159113407
12.31822681
0
0
9.691347122
0
0
18.69259834
9.346299171
0
18.69259834
0
0
0
7.548560143
15.09712029
0
0
0
0
0
0
0
0
0
0
0
0
0
0
0
0
0
45.53959656
0
11.38489914
0
0
0
3.841585398
3.841585398
3.841585398
0
0
0
11.8355875
5.917793751
0
0
0
0
0
0
0
0
14.87768936
0
0
0
0
14.49206924
0
0
0
0
0
0
0
9.595635414
0
7.652410507
7.652410507
0
30.60964203
0
9.850883484
9.850883484
0
9.850883484
0
25.56979942
0
0
12.78489971
0
7.859450817
0
7.859450817
7.859450817
0
14.65539551
0
0
0
14.22524452
7.112622261
7.112622261
0
0
9.954415321
19.90883064
0
0
0
0
0
0
17.26605797
0
8.400593758
8.400593758
16.80118752
0
0
0
5.436790466
5.436790466
5.436790466
0
0
8.971517563
8.971517563
8.971517563
0
17.94303513
5.313404083
0
0
5.313404083
0
0
0
0
0
0
0
0
0
1.941950917
5.825852394
0
0
0
0
0
7.614993095
0
0
0
0
0
0
0
0
1.825078011
0
0
0
0
0
0
0
0
0
0
7.984889507
0
0
0
0
0
0
0
0
0
0
0
0
0
0
0
0
0
0
0
0
-0.6
7
0
0
0
0
0
0
0
0
0
0
0
0
0
0
0
0
0
0
0
0
0
0
0
0
0
0
0
0
0
0
0
0
0
0
0
0
0
0
0
0
0
0
0
0
0
0
0
0
0
0
0
0
0
0
0
0
4.213517189
2.106758595
4.213517189
10.06306076
5.03153038
0
10.06306076
0
0
0
2.104892254
2.104892254
2.104892254
0
2.639531374
7.918593884
10.5581255
0
4.33673811
2.168369055
0
6.505107403
2.168369055
4.670406342
2.335203171
2.335203171
0
4.670406342
8.067037582
5.378025055
5.378025055
2.689012527
0
8.067037582
14.74892044
11.06169128
18.4361515
0
11.06169128
4.033293247
2.304739237
0
0
2.016646624
3.817684174
5.726526737
1.908842087
1.908842087
0
6.014793396
3.007396698
9.022191048
3.007396698
0
4.747087479
4.747087479
0
4.747087479
9.494174957
10.76051331
0
0
10.76051331
0
0
5.026520252
10.0530405
10.0530405
0
0
0
0
11.63768291
0
0
4.791509628
4.791509628
4.791509628
19.16603851
0
0
0
8.023584366
16.04716873
0
0
0
12.19972801
6.099864006
0
13.18862343
0
6.594311714
6.594311714
19.78293228
13.01161861
0
0
0
13.01161861
0
0
9.015053749
9.015053749
0
0
0
14.78528118
0
0
0
0
17.63585281
0
0
0
0
34.54976273
8.637440681
0
0
21.61813164
10.80906582
10.80906582
0
0
11.96417046
11.96417046
0
0
0
8.920916557
0
0
0
14.02912903
0
0
0
0
0
0
0
0
0
4.206421852
8.412843704
0
0
0
0
0
0
0
0
0
0
0
0
0
0
0
0
0
0
0
0
0
0
0
0
0
0
0
0
0
0
0
0
0
0
0
0
27.04742813
0
0
0
0
0
0
0
0
0
0
10.10706139
20.21412277
0
0
33.69029999
0
0
0
0
14.18681812
14.18681812
0
0
8.907569885
26.72270966
8.907569885
0
17.81513977
0
12.17161655
0
0
13.91041946
0
0
0
0
0
0
0
0
0
0
0
0
0
0
9.622204781
0
21.74023056
0
0
0
0
9.715748787
0
9.715748787
0
0
0
0
0
0
0
0
0
0
0
2.933372974
9.686127663
0
0
0
0
6.222752571
0
0
6.222752571
0
0
0
0
0
0
4.998948574
0
0
0
4.998948574
7.9495368
0
0
0
0
4.14977169
4.14977169
2.074885845
0
0
0
0
0
0
0
1.340581536
0
0
0
0
0
0
0
0
0
0
0
0
0
0
0
0
0
2.244978666
0
0
-0.6
7
4.972259045
0
0
0
0
0
6.424901485
0
0
0
2.418627024
0
0
0
0
0
0
0
0
0
0
0
0
2.484816074
0
0
0
0
0
0
0
0
0
0
0
0
0
0
0
0
0
0
0
0
0
0
0
0
0
0
0
0
0
7.232911587
3.616455793
0
1.723315001
0
1.723315001
0
5.512430668
1.83747685
0
0
5.554352283
0
7.405802727
0
5.554352283
0
0
2.662584305
0
5.32516861
4.463808537
4.463808537
4.463808537
4.463808537
0
0
3.711785555
1.855892777
0
1.855892777
0
0
8.101722717
12.15258408
0
0
0
2.778278589
0
5.556557178
0
5.025682926
20.1027317
20.1027317
15.0770483
5.025682926
6.20857811
0
9.312867165
0
9.312867165
7.048968315
0
0
21.14690399
0
0
0
4.119495869
0
0
6.745433807
10.11815071
0
6.745433807
6.745433807
13.8148222
9.209881783
4.604940891
4.604940891
0
25.76799011
5.153597832
0
10.30719566
0
10.24530411
5.122652054
0
15.36795712
0
7.441679478
14.88335896
7.441679478
7.441679478
0
0
7.81663847
7.81663847
0
0
0
17.55257607
17.55257607
0
0
0
0
9.764257431
29.29277229
0
0
34.15192032
0
0
13.66076756
13.66076756
0
0
13.09275913
14.96315479
0
12.83466434
0
0
25.66932869
0
13.23068619
0
0
13.23068619
0
0
39.94596863
0
0
0
0
17.4460125
15.26525974
0
30.53051949
0
0
8.337085724
8.337085724
0
0
20.317173
0
0
5.079293251
19.97649193
0
0
0
0
0
0
25.53277588
0
0
0
0
12.13087654
0
0
12.13087654
8.359049797
0
0
0
16.71809959
0
0
0
17.3915844
0
0
0
14.56513309
0
0
0
0
0
0
7.99221468
0
0
0
0
9.89000988
0
0
0
19.50853348
0
0
0
9.566916466
19.13383293
9.566916466
0
23.89432716
0
11.94716358
0
0
0
0
0
0
0
4.630124092
0
0
0
0
9.01970768
0
9.01970768
10.30823803
0
0
0
0
0
0
0
0
0
0
0
0
0
10.81075859
21.62151718
0
4.951016426
4.951016426
0
14.85305119
9.902032852
0
19.45483208
19.45483208
19.45483208
0
10.45265007
20.90530014
20.90530014
0
10.45265007
0
0
0
0
0
0
0
0
6.233541965
0
18.70062637
0
0
0
6.929297447
6.929297447
0
0
0
5.304571629
0
11.14432716
0
0
0
0
0
0
3.512808084
0
3.512808084
0
0
0
0
0
1.88640666
0
0
3.77281332
7.54562664
1.993186355
0
0
3.986372709
0
0
0
0
0
0
0
0
0
0
0
0
0
0
0
0
0
0
0
0
0
0
-0.6
7
0
0
0
0
0
0
0
0
0
0
0
4.774639606
0
0
0
0
0
0
0
0
0
0
6.357771873
2.119257212
0
0
0
0
0
0
0
0
0
0
0
0
0
0
0
0
6.708736897
2.175463676
0
0
6.526391983
2.175463676
7.562586784
5.041724205
0
0
0
0
0
5.150788307
2.575394154
2.575394154
4.924026012
0
0
3.698916197
0
0
0
0
0
0
0
6.251108646
0
2.9170959
0
0
0
0
0
0
0
7.245049953
3.622524977
0
0
0
0
4.996063709
0
7.200118065
0
7.200118065
10.80017567
0
0
0
9.702644348
0
4.851322174
9.523504257
6.349002838
9.523504257
0
0
14.32693291
9.551288605
0
5.457879066
14.32693291
5.613717556
0
2.806858778
5.613717556
5.613717556
0
0
0
0
0
3.491152048
17.45575905
0
3.491152048
0
0
0
0
7.441723347
3.720861673
0
0
0
0
0
19.25598145
6.418660641
0
0
0
3.887001991
7.774003983
3.887001991
3.887001991
0
0
0
3.143428087
9.430285454
3.143428087
0
3.535588503
14.14235401
7.071177006
0
7.071177006
9.318240166
18.63648033
4.659120083
4.659120083
9.318240166
9.774853706
39.09941483
0
9.774853706
29.32456017
0
5.94072628
5.94072628
0
0
0
21.63985825
64.91957855
0
0
0
16.8046875
0
8.40234375
0
0
0
0
0
0
0
0
0
0
0
0
0
0
0
0
0
0
0
8.601286888
0
24.35235786
16.23490524
8.117452621
8.117452621
0
4.510149956
0
0
0
0
0
20.44861412
0
0
0
0
0
0
0
0
0
0
0
0
0
9.744902611
8.112829208
0
8.112829208
0
8.112829208
0
0
0
28.95310974
0
0
0
11.54981327
0
0
0
0
0
0
0
0
0
0
0
21.26881981
0
0
0
0
25.41964722
12.70982361
0
0
12.75533581
0
6.377667904
10.11581802
0
10.11581802
40.46327209
0
0
7.997969151
0
7.997969151
15.9959383
13.17347431
0
0
0
39.52042389
0
0
0
0
5.392272949
0
0
0
20.65402794
6.88467598
0
11.30657196
22.61314392
33.91971588
0
41.58565903
0
0
8.317131996
0
0
0
0
0
0
5.561297417
0
11.12259483
11.12259483
5.561297417
5.561297417
0
0
3.741372108
0
3.741372108
4.272161961
4.272161961
4.272161961
4.272161961
4.272161961
6.421244144
0
0
19.26373291
0
0
0
0
10.76442242
0
0
0
0
7.154663563
0
0
0
0
1.972683787
1.972683787
0
3.217663527
1.608831763
6.435327053
0
0
0
0
0
0
0
0
11.91255379
0
0
0
0
0
0
0
0
0
0
0
0
0
0
0
0
0
1.857768059
-0.6
7
0
0
0
0
0
0
0
0
0
0
0
0
0
0
0
0
0
0
0
0
3.20873785
3.20873785
3.20873785
0
0
0
0
0
0
0
0
4.651912212
4.651912212
0
0
0
0
0
0
0
0
0
0
0
3.957489014
7.914978027
1.989829421
0
0
1.989829421
5.969488621
0
0
0
0
0
3.27797699
6.555953979
6.555953979
6.555953979
5.91080761
5.91080761
5.91080761
0
0
0
0
0
0
0
0
0
0
0
7.183703423
15.68455601
0
0
0
0
5.927565575
5.927565575
5.927565575
0
5.927565575
0
0
2.391018391
4.782036781
7.173055172
4.782036781
10.36154079
6.907693863
6.907693863
0
0
0
5.531868935
11.06373787
0
0
0
2.55907011
2.55907011
0
5.118140221
0
0
4.50422287
4.50422287
0
0
7.214620113
3.607310057
0
0
0
12.85140038
5.140559673
12.85140038
2.570279837
2.388652802
0
0
0
2.388652802
12.69627953
0
3.174069881
0
0
14.75538826
0
0
7.37769413
7.37769413
0
0
0
7.793055058
3.896527529
0
7.608125687
7.608125687
0
3.804062843
27.62750244
0
0
0
5.525500298
16.57650185
0
0
29.08037567
0
0
0
12.96011066
0
12.96011066
0
0
0
7.441624165
14.88324833
0
0
0
0
0
0
0
0
0
0
0
0
0
0
0
22.95711517
0
0
0
0
0
38.1655426
0
0
38.1655426
12.72184658
0
8.963956833
0
8.963956833
8.963956833
0
11.03505898
0
0
0
0
0
0
0
0
0
0
0
0
0
0
0
7.095409393
0
0
0
0
0
0
0
0
0
0
0
34.05207825
0
0
0
0
0
0
0
0
0
0
0
12.08754158
0
12.08754158
12.08754158
12.08754158
12.08754158
9.018312454
0
18.03662491
0
0
5.922645092
0
0
0
0
11.3857069
0
11.3857069
34.15712357
0
11.06460667
0
0
22.12921333
11.06460667
6.370270252
0
3.185135126
6.370270252
0
19.16862106
0
0
19.16862106
9.584310532
9.916664124
0
19.83332825
9.916664124
9.916664124
0
0
0
6.586609364
19.75982857
15.49721527
0
0
0
0
0
0
0
0
16.12361908
0
0
4.901721954
9.803443909
4.901721954
0
6.535948753
0
13.07189751
0
13.07189751
0
2.715790987
5.431581974
0
0
0
4.496368408
0
0
0
0
0
1.275071859
0
1.275071859
3.321338415
9.964015007
0
3.321338415
6.64267683
6.542033672
0
0
0
3.271016836
2.058818817
2.058818817
2.058818817
0
0
0
0
0
0
0
0
0
3.558361769
0
0
4.457509995
8.915019989
4.457509995
0
0
0
0
0
0
0
0
7.35555315
0
0
7.35555315
0
3.550152302
3.550152302
0
0
0
-0.6
7
0
0
0
0
0
0
0
0
0
0
0
0
0
0
0
0
0
0
0
0
0
0
0
0
0.758572996
0
0
3.867539883
3.867539883
0
0
0
0
3.891659498
0
0
4.402091026
0
0
4.402091026
2.201045513
0
5.843335629
2.921667814
0
0
0
0
0
0
0
7.470946789
3.735473394
0
0
3.735473394
3.673589468
3.673589468
3.673589468
8.534011841
0
4.26700592
0
0
3.337308168
3.337308168
6.674616337
3.337308168
10.01192474
5.385857582
10.77171516
16.1575737
0
5.385857582
0
5.014099598
5.014099598
5.014099598
15.04230022
4.543658733
0
0
6.815488338
0
0
0
0
5.098142147
10.19628429
5.098142147
0
1.611860514
1.611860514
3.223721027
3.223721027
0
2.539419413
0
2.539419413
5.078838825
0
0
0
20.91395187
10.45697594
0
0
5.3718853
4.028913975
8.05782795
9.601549149
9.601549149
14.40232372
0
9.601549149
0
0
0
9.132555962
9.132555962
0
0
10.70825386
21.41650772
10.70825386
0
9.461974144
0
18.92394829
9.461974144
0
0
0
0
0
5.339288712
5.339288712
10.67857742
5.339288712
0
0
11.67900848
0
0
0
20.01107597
6.670358658
0
0
13.34071732
20.01107597
0
0
0
9.528199196
19.05639839
9.910060883
0
9.910060883
0
19.82012177
24.5837059
0
12.29185295
0
24.5837059
0
0
0
0
0
0
8.68619442
17.37238884
0
0
0
0
0
0
15.88680649
0
0
0
0
10.81934834
0
0
0
0
0
0
0
0
4.72621727
4.72621727
10.1087389
10.1087389
0
0
10.1087389
7.877614975
0
0
0
15.75522995
0
0
0
0
0
0
0
0
0
0
0
0
0
0
0
0
0
0
0
0
0
0
0
0
0
0
0
0
0
0
0
0
0
0
45.87372589
0
0
6.004771709
0
0
0
12.00954342
0
0
0
0
5.99553442
4.436351299
0
0
0
0
0
0
0
8.641158104
8.641158104
0
0
37.73841095
18.86920547
0
0
31.16619301
0
0
7.791548252
4.709291458
4.709291458
0
4.709291458
4.709291458
8.687048912
8.687048912
8.687048912
0
43.4352417
0
0
0
10.49342442
0
0
7.154711246
7.154711246
14.30942249
7.154711246
0
0
0
0
0
0
0
0
4.791524887
14.37457466
0
20.31939507
0
6.773131847
13.54626369
20.31939507
0
0
0
0
0
0
0
0
0
0
0
0
0
0
4.707032681
0
0
0
0
7.108258724
2.364266634
4.728533268
2.364266634
0
2.364266634
9.234207153
0
0
0
0
0
4.353325844
0
0
4.353325844
0
0
0
0
0
0
0
0
0
0
0
0
0
0
0
0
0
0
0
0
0
-0.6
7
0
5.165284157
0
0
0
0
4.009448051
0
0
0
0
1.940210581
0
0.97010529
0.97010529
0
0
0.988085926
0
0
0
0
0
0
0
0
0
5.164225578
5.164225578
5.164225578
0
0
0
0
0
0
1.816189766
0
0
1.816189766
1.816189766
2.607332468
0
0
5.214664936
2.607332468
5.909670353
0
5.909670353
0
0
2.403258801
2.403258801
2.403258801
0
0
0
0
2.466528893
10.24290085
0
5.121450424
5.121450424
5.121450424
7.37983036
7.37983036
7.37983036
11.06974506
0
0
0
0
3.534692526
3.534692526
0
0
0
0
11.50699902
5.809197903
5.809197903
0
0
0
0
4.511043072
4.511043072
0
4.511043072
4.511043072
0
11.94382954
3.981276751
7.962553501
0
0
0
0
5.311375141
0
0
0
4.225051403
8.450102806
0
2.517143965
5.03428793
5.03428793
5.03428793
2.517143965
0
0
0
3.373599291
6.747198582
3.172513485
6.34502697
9.517539978
6.34502697
9.517539978
3.34126544
3.34126544
3.34126544
3.34126544
3.34126544
12.53369141
8.355794907
8.355794907
0
16.71158981
8.221610069
0
16.44322014
8.221610069
8.221610069
25.34131432
0
12.67065716
12.67065716
12.67065716
7.131864548
0
14.2637291
0
0
4.014759064
0
8.029518127
0
8.029518127
0
0
5.682188034
17.04656219
0
0
0
9.634427071
9.634427071
9.634427071
9.634427071
9.879397392
0
0
9.879397392
9.879397392
0
0
8.717616081
0
17.43523216
9.273492813
9.273492813
9.273492813
9.273492813
9.273492813
0
0
0
0
10.56020546
0
0
0
0
16.82902718
0
7.690549374
0
0
0
0
0
7.466673374
14.93334675
0
0
7.263092518
0
0
0
0
0
0
0
0
0
0
54.82606125
0
0
0
20.74721146
31.12081909
20.74721146
0
0
0
0
0
0
0
5.005834103
0
0
0
5.005834103
0
0
0
0
0
0
0
0
0
0
11.90310955
11.90310955
0
0
0
0
13.6127491
0
27.2254982
0
0
0
0
32.7571373
0
16.37856865
0
14.7549696
0
0
14.7549696
0
0
14.04314709
0
0
0
27.58109474
0
18.38739777
9.193698883
0
11.21526337
0
5.607631683
11.21526337
0
5.853017807
5.853017807
0
0
0
0
0
29.9105835
9.970193863
31.09450531
0
7.773626328
0
0
0
0
8.982981682
35.93192673
0
7.292532921
7.292532921
0
0
7.292532921
0
0
0
21.85738564
0
0
4.104493618
8.208987236
0
4.104493618
4.104493618
3.169056177
0
3.169056177
0
0
0
0
0
0
0
0
0
0
0
0
0
0
0
0
0
0
0
0
0
0
5.289162636
10.57832527
0
0
0
0
0
0
0
0
0
0
0
0
0
0
0
0
0
0
0
0
0
0
0
0
0
0
0
0
0
-0.6
7
0
0
0
0
0
0
0
0
0
0
0
0
0
0
0
0
0
0
0
0
0
0
0
0
0
0
0
0
3.69008255
3.69008255
0
0
0
0
0
3.804142237
2.631670237
2.631670237
5.263340473
7.895010471
5.263340473
1.813990712
0
0
0
0
0
0
0
1.267376781
1.267376781
0
0
0
0
0
0
0
0
0
0
0
0
0
0
0
0
3.897852182
3.897852182
0
0
0
0
0
10.74775982
0
10.74775982
0
0
1.758718371
3.517436743
8.793590546
3.517436743
1.758718371
11.44820881
0
0
0
17.17231369
0
7.349849701
22.0495491
0
14.6996994
22.0495491
0
28.68148804
0
0
0
0
0
12.10097885
0
6.050489426
3.649421692
0
14.59768677
0
3.649421692
9.107681274
9.107681274
0
0
9.107681274
11.13567638
5.567838192
2.783919096
8.35175705
2.783919096
0
30.47540283
0
24.38032341
6.095080853
3.945972919
0
0
0
3.945972919
22.51809311
0
0
16.88856888
11.25904655
0
0
0
0
3.302632332
18.38362694
0
0
0
9.191813469
0
0
0
0
0
0
7.498279095
29.99311638
7.498279095
14.99655819
0
12.65429497
0
0
0
12.65429497
6.51940918
0
6.51940918
0
0
0
0
0
0
30.41627121
0
0
11.08776474
22.17552948
0
14.06960487
0
0
0
0
0
0
0
0
0
0
0
0
0
0
0
0
0
0
0
23.1430397
11.57151985
0
0
23.1430397
29.6483345
0
29.6483345
0
29.6483345
0
45.58587265
0
0
0
0
0
0
0
0
0
0
0
0
0
0
0
0
0
0
0
0
0
0
0
16.85153198
0
0
0
0
0
0
12.34311962
12.34311962
12.34311962
49.37247849
37.02935791
20.49172783
10.24586391
20.49172783
10.24586391
30.7375946
0
0
18.75903893
37.51807785
0
21.35625648
21.35625648
0
0
0
32.50530243
0
0
48.75795364
16.25265121
18.89508438
18.89508438
18.89508438
9.447542191
28.34262848
0
0
22.72052383
0
11.36026192
5.036865234
5.036865234
0
0
10.07373047
12.62186718
6.31093359
0
0
0
5.983320713
0
11.96664143
5.983320713
0
0
5.343135834
16.0294075
10.68627167
0
0
0
11.01533413
5.507667065
11.01533413
0
23.39527893
0
0
0
0
0
4.042163372
0
8.084326744
0
0
0
0
0
0
0
0
4.527201176
0
4.527201176
3.112584352
0
0
3.112584352
0
4.928808689
0
0
0
4.928808689
0
0
0
0
0
0
4.861963272
9.723926544
4.861963272
4.861963272
0
0
0
0
0
0
0
0
0
0
0
0
0
0
0
0
0
0
0
0
0
0
0
0
0
0
-0.6
7
0
0
0
0
0
0
0
0
0
0
0
0
0
0
0
0
0
0
0
0
0
0
0
0
0
0
0
0
0
0
0
0
0
0
0
0
0
0
5.072097778
5.072097778
0
0
0
0
0
0
0
0
0
0
0
0
0
0
0
0
1.94224906
1.94224906
1.94224906
0
0
3.025493622
3.025493622
9.076480865
6.050987244
4.420539856
2.210269928
0
2.210269928
4.420539856
3.796456337
7.592912674
3.796456337
0
0
3.235064983
4.852597713
4.852597713
1.617532492
0
6.485108376
6.485108376
6.485108376
6.485108376
0
0
0
0
5.29950428
5.29950428
15.89851379
5.151796341
5.151796341
5.151796341
0
7.727694035
4.291385174
8.582770348
4.291385174
0
0
0
2.868512154
5.737024307
2.868512154
0
0
11.44820404
0
0
0
0
17.48446465
8.742232323
0
8.742232323
0
5.546173573
2.773086786
8.319260597
0
0
0
12.1084919
0
8.072327614
0
0
3.160557747
0
3.160557747
9.457951546
4.728975773
18.91590309
0
0
6.888058662
0
10.33208752
10.33208752
0
9.030751228
9.030751228
0
13.54612732
13.54612732
5.308175564
0
21.23270226
10.61635113
0
10.61635113
0
0
22.0677433
0
0
0
0
0
17.82944107
8.914720535
0
0
35.99389267
26.99542236
0
0
0
0
0
0
0
10.85918713
0
32.57756042
0
0
28.79635239
17.27781105
11.51854038
28.79635239
0
6.736348629
13.47269726
6.736348629
0
0
0
0
0
0
0
0
0
29.62003136
0
0
0
7.51263237
30.05052948
0
0
30.27219772
0
0
0
23.86502838
31.82003593
0
0
7.955008984
15.91001797
0
8.647255898
0
0
0
13.15993404
13.15993404
0
0
0
0
11.0155983
0
0
0
0
0
0
0
0
0
14.73291302
0
0
14.73291302
0
7.440742016
22.32222557
14.88148403
0
0
10.20415592
15.30623341
0
15.30623341
5.102077961
0
0
3.66748023
3.66748023
7.334960461
10.3581953
0
0
10.3581953
0
0
0
24.96220398
0
12.48110199
0
13.4845705
13.4845705
0
13.4845705
0
37.96208191
12.65402794
0
0
17.76716423
0
17.76716423
0
0
22.98151398
0
0
0
7.660504341
6.264307499
0
0
18.79292297
0
7.741251945
30.96500778
0
0
0
5.460139275
0
0
0
0
0
0
0
19.07396317
0
0
6.15528059
0
0
0
0
0
0
10.30242348
0
5.151211739
10.47135448
0
0
0
0
0
0
0
0
0
0
0
0
0
0
0
0
0
0
0
5.703300953
11.40660191
17.10990334
11.40660191
0
0
0
0
0
0
0
16.87609863
0
0
0
4.666770935
2.333385468
0
0
0
0
0
0
0
0
0
0
0
0
0
0
-0.6
7
0
0
0
0
0
0
0
0
0
0
0
0
0
0
0
0
0
0
0
0
0
0
0
0
0
0
0
0
0
2.523795605
2.523795605
0
0
0
0
0
0
3.210357428
6.420714855
6.420714855
0
2.870497465
0
0
5.74099493
2.870497465
0
2.273088455
4.54617691
2.273088455
0
0
2.468361378
0
0
2.468361378
2.759669542
2.759669542
5.519339085
1.769969225
3.53993845
0
0
0
10.14467621
10.14467621
15.21701622
5.072338104
5.072338104
11.79330063
7.862200737
11.79330063
0
3.931100368
0
0
2.744752169
5.489504337
5.489504337
6.145408154
0
0
6.145408154
6.145408154
6.099033833
12.19806767
0
12.19806767
0
12.19806767
6.323611736
12.64722347
0
12.64722347
0
7.955936432
7.955936432
0
3.977968216
0
0
11.34524059
17.01786232
0
0
15.16897964
0
0
7.584489822
0
2.682146072
0
0
8.046438217
0
0
0
0
0
0
9.466612816
9.466612816
4.733306408
4.733306408
9.466612816
8.15004921
0
0
16.30009842
8.15004921
0
0
0
2.980055809
2.980055809
0
4.547021866
0
9.094043732
4.547021866
0
0
0
5.474219322
10.94843864
0
0
0
11.08089161
0
0
0
0
0
14.99730873
14.99730873
0
0
11.96046257
5.980231285
23.92092514
38.5132637
0
0
9.628315926
9.628315926
13.11292362
0
0
19.669384
0
8.144357681
0
0
8.144357681
8.144357681
18.69113922
0
28.03670883
9.345569611
9.345569611
0
0
0
58.48278046
0
39.32067871
0
0
39.32067871
0
0
0
0
0
0
0
0
0
0
0
12.46837807
0
0
12.46837807
0
0
0
0
0
0
0
0
0
9.779565811
0
0
4.105359077
0
0
0
4.105359077
0
2.596338511
2.596338511
0
0
0
8.11713028
0
0
8.11713028
2.747423172
0
0
0
5.494846344
0
0
7.035570621
7.035570621
7.035570621
0
0
0
0
0
6.911275387
0
9.762377739
9.762377739
19.52475548
0
13.88513756
13.88513756
27.77027512
0
13.88513756
11.71795368
0
0
0
11.71795368
0
0
0
0
0
0
0
0
0
0
0
0
4.170829773
4.170829773
8.341659546
0
5.922142982
11.84428596
5.922142982
0
0
3.55892539
7.11785078
7.11785078
7.11785078
0
0
0
6.215109348
6.215109348
12.7167263
0
6.358363152
0
6.358363152
0
11.00156879
5.500784397
11.00156879
0
0
5.74848938
5.74848938
8.62273407
5.74848938
0
0
6.918660164
3.459330082
0
0
5.565019608
11.13003922
5.565019608
0
5.565019608
0
0
0
0
0
0
0
0
0
0
0
0
0
0
0
0
0
0
0
0
0
0
0
0
0
0
11.90880394
0
5.95440197
0
0
0
0
0
0
4.785625458
4.785625458
0
0
0
0
0
0
0
0
0
-0.6
7
1.016625643
0
0
0
0
0
0
0
0
6.220091343
0
0
0
0
2.616398096
1.81883204
0
0
0
0
0
0
0
0
0
0
5.303825378
0
0
0
0
0
0
0
0
0
0
0
0
0
1.662628651
0
20.56077766
0
10.28038883
0
3.195627689
6.391255379
9.586882591
3.195627689
0
3.389251709
6.778503418
3.389251709
0
3.389251709
2.460175991
2.460175991
4.920351982
0
4.804563999
7.20684576
0
0
0
0
5.22422266
15.6726675
15.6726675
0
19.20921898
0
4.802304745
9.604609489
0
0
5.09381628
15.28144836
5.09381628
2.977850437
0
0
0
0
0
0
0
6.305857182
6.305857182
0
5.046438217
2.523219109
7.569656849
0
2.523219109
0
0
0
0
10.13825035
0
2.384301662
0
9.53720665
4.768603325
2.425084829
7.275254726
0
4.850169659
7.275254726
2.675847054
5.351694107
2.675847054
8.027541161
2.675847054
0
0
7.127091885
0
3.563545942
13.91481018
13.91481018
0
4.638270378
13.91481018
0
2.597772598
0
5.195545197
0
0
2.886294365
2.886294365
5.77258873
2.886294365
9.18687439
4.593437195
0
0
4.593437195
12.84327793
0
4.281092644
0
0
16.24802399
0
0
0
16.24802399
0
6.283397675
6.283397675
6.283397675
18.85019302
0
14.69003487
14.69003487
0
29.38006973
14.69003487
0
39.78007507
13.26002502
0
0
13.95248318
0
6.976241589
0
0
0
8.118407249
8.118407249
8.118407249
0
0
0
10.96319485
0
0
22.53279877
22.53279877
0
11.26639938
11.26639938
0
0
14.45857334
14.45857334
14.45857334
0
0
5.199378967
5.199378967
0
0
0
0
0
0
0
0
0
0
0
0
8.073095322
0
0
0
0
0
0
0
0
0
0
0
0
15.39132881
0
0
0
0
0
0
0
22.28619385
7.428731441
0
14.85746288
13.47257328
0
0
26.94514656
0
10.86959362
0
0
0
0
0
0
0
8.369215965
8.369215965
8.369215965
0
0
0
12.17828941
24.35657883
13.95894527
6.979472637
0
6.979472637
20.93841743
0
11.59384823
23.18769646
11.59384823
11.59384823
0
7.945252419
15.89050484
7.945252419
0
0
4.008159637
4.008159637
8.016319275
4.008159637
7.450832367
3.725416183
11.17624855
7.450832367
7.450832367
13.99399757
13.99399757
0
6.996998787
20.99099541
4.205602646
8.411205292
4.205602646
4.205602646
0
0
7.646477222
15.29295444
0
22.93943024
0
0
0
18.16064835
0
13.05585194
6.527925968
0
0
13.05585194
13.05585194
16.08159637
0
5.360531807
0
0
0
0
26.11248398
0
0
4.917160511
4.917160511
14.75148106
4.917160511
0
0
0
5.860572815
0
5.860572815
4.213937759
8.427875519
0
0
0
0
0
0
0
0
0
0
0
0
0
7.358316898
0
0
0
0
0
0
0
0
0
0
0
0
0
0
0
0
0
0
0
0
0
5.827088356
5.827088356
0
0
-0.6
7
0
0
0
0
0
0
0
0
0
0
0
0
0
0
0
0
0
0
0
0
0
0
0
0
0
0
0
0
0
0
10.77532005
8.138533592
4.069266796
8.138533592
0
0
0
0
0
0
7.320311546
0
8.916705132
13.37505722
8.916705132
4.458352566
0
0
0
0
0
0
16.5882988
8.294149399
0
16.5882988
2.415507555
4.83101511
0
0
0
3.555690765
3.555690765
0
0
7.817142963
7.817142963
7.817142963
3.908571482
0
5.435726643
5.435726643
2.717863321
2.717863321
4.691692829
0
0
9.383385658
0
7.64914608
7.64914608
0
3.82457304
11.47371864
3.141176462
0
6.282352924
3.141176462
3.141176462
0
2.191368341
2.191368341
4.382736683
6.574104786
0
0
0
0
8.741505623
0
2.3887012
4.777402401
2.3887012
0
0
0
7.67820549
7.67820549
0
0
8.824716568
0
4.412358284
4.412358284
4.412358284
0
5.671652794
11.34330559
11.34330559
5.671652794
0
4.656969547
9.313939095
9.313939095
0
0
0
8.397059441
12.59559059
4.19852972
9.792047501
19.584095
0
0
0
0
0
8.972736359
0
0
8.116241455
4.058120728
0
0
0
11.06435108
11.06435108
11.06435108
0
0
0
0
0
17.87889862
5.959632874
11.91926575
0
8.073921204
8.073921204
12.11088181
0
19.01203346
19.01203346
0
0
0
21.10734177
0
10.55367088
5.276835442
0
8.31371212
0
8.31371212
16.62742424
0
17.0996933
17.0996933
0
0
17.0996933
0
8.258560181
24.77568245
0
8.258560181
13.72283649
6.861418247
0
6.861418247
27.44567299
13.81436634
0
0
6.90718317
13.81436634
9.775149345
0
29.32544899
0
19.55029869
13.93362713
0
0
0
0
0
0
0
0
0
0
0
0
0
31.43446541
0
0
0
0
0
0
0
10.57701302
0
0
0
0
0
0
0
0
0
7.519094467
0
0
0
17.2445507
17.2445507
0
0
17.2445507
34.48910141
0
9.12881279
0
0
0
16.79561234
0
16.79561234
0
0
0
8.406742096
16.81348419
8.406742096
0
5.308882236
26.54441071
0
0
10.61776447
6.757426262
0
13.51485252
13.51485252
0
6.854669094
20.56400871
6.854669094
6.854669094
13.70933819
9.760505676
0
9.760505676
0
9.760505676
0
12.93343067
6.466715336
12.93343067
12.93343067
0
14.74475288
22.11713028
14.74475288
7.372376442
0
0
6.643066406
6.643066406
6.643066406
0
14.60968018
7.304840088
14.60968018
14.60968018
19.66271973
0
0
0
0
0
0
0
0
0
0
0
0
0
0
0
0
0
6.148397923
0
0
4.139976978
0
0
0
0
0
0
0
0
0
0
0
0
0
0
0
0
0
0
0
0
0
0
0
0
0
0
0
0
0
0
0
0
1.738091111
0
0
0
0
0
0
3.472031116
0
0
0
0
0
-0.6
7
0
0
0
0
0
0
0
0
0
0
0
0
0
0
0
0
0
0
0
0
6.364950657
3.182475328
0
0
0
0
0
0
0
0
0
0
0
0
0.854469836
0
0
0
0
0
0
0
0
0
0
0
0
0
16.14258194
8.07129097
0
11.27545166
0
11.27545166
0
0
0
2.16450119
3.246752024
0
3.125586748
6.251173496
6.251173496
6.251173496
3.125586748
6.785585403
3.392792702
0
6.785585403
3.392792702
0
0
0
0
0
0
2.038103104
2.038103104
4.076206207
0
0
0
0
1.60248518
4.807456017
0
0
5.306621552
0
7.95993185
0
0
5.333720207
16.00116158
0
0
6.861197948
3.430598974
10.29179573
13.7223959
3.430598974
0
8.782291412
8.782291412
2.927430391
0
1.838076591
9.190382957
0
3.676153183
5.514229298
0
0
0
7.46776247
14.93552494
0
0
0
0
6.389471531
5.107320786
5.107320786
0
5.107320786
0
0
2.809129238
5.618258476
2.809129238
0
8.341721535
0
16.68344307
16.68344307
0
4.921907902
4.921907902
0
0
0
5.581764698
0
0
0
5.581764698
0
0
5.411338329
16.23401451
16.23401451
5.411338329
8.463481903
16.92696381
8.463481903
0
8.463481903
0
0
0
0
0
0
20.86775017
0
0
0
15.45043087
15.45043087
0
0
15.45043087
23.57740021
0
0
11.7887001
0
15.16664886
7.583324432
22.7499733
15.16664886
0
14.20111847
21.3016777
14.20111847
0
0
0
23.85146523
0
0
0
0
0
0
0
29.37460899
0
0
0
0
0
0
0
15.86965179
0
0
0
0
0
0
0
10.99114037
0
0
0
13.67353439
0
0
0
0
0
0
0
0
0
0
0
0
0
15.69982624
0
0
7.938066959
15.87613392
0
0
0
0
0
24.57463646
0
0
0
0
0
0
0
0
18.02353859
27.03531075
0
0
9.011769295
5.384828568
0
0
0
0
0
0
4.809101105
9.618202209
9.618202209
12.59410286
0
25.18820572
0
0
0
38.77780914
0
9.694452286
0
0
0
3.896377802
11.68913364
11.68913364
10.83258629
0
5.416293144
5.416293144
16.24887848
3.42893362
0
3.42893362
3.42893362
10.28680038
0
12.85166454
6.425832272
19.27749634
0
21.53681183
0
21.53681183
0
21.53681183
0
19.76126862
0
19.76126862
0
0
4.561190128
0
0
0
0
0
0
0
8.634890556
2.878296614
0
3.360272646
0
3.360272646
0
0
0
0
4.197075844
2.098537922
2.726996183
5.453992367
5.453992367
0
5.453992367
7.722030163
0
0
0
0
0
0
0
0
2.764906645
2.312633991
0
4.625267982
0
2.312633991
7.206990719
0
0
0
0
0
0
0
0
0
0
0
0
0
0
0
0
0
0
0
0
-0.6
7
0
0
0
0
0
0
0
0
0
0
0
0
0
0
0
0
0
0
0
0
0
0
3.635558605
0
3.635558605
0
0
0
0
0
0
0
0
0
0
0
0
3.788607359
1.894303679
0
0
0
0
4.11765337
0
0
0
2.450100422
0
0
0
9.375855446
4.687927723
0
0
14.06378555
2.048817396
4.097634792
6.14645195
1.893915176
3.787830353
3.787830353
7.575660706
5.681745529
0
0
2.809426785
8.428279877
0
0
0
4.411472321
0
4.411472321
0
0
0
0
3.617807865
5.243085861
2.621542931
0
2.621542931
0
5.26733017
5.26733017
10.53466034
0
0
0
6.490429878
0
0
0
0
5.961370945
0
0
5.961370945
0
0
0
9.329393387
2.332348347
2.332348347
0
8.522756577
12.78413582
0
0
2.129426956
2.129426956
2.129426956
0
0
8.101681709
0
0
10.80224133
0
4.782317638
0
0
14.34695339
4.782317638
3.491831541
0
6.983663082
0
0
12.13756561
0
0
0
4.045855045
0
7.944822788
5.29654789
5.29654789
0
0
7.967257023
7.967257023
0
0
3.576424122
8.476182938
4.395348072
5.364635944
1.788212061
0
9.078960419
9.078960419
4.539480209
4.539480209
0
6.796564579
0
13.59312916
6.796564579
0
0
0
0
0
0
0
0
7.371743679
0
7.371743679
0
0
0
0
0
0
0
0
16.97969818
0
0
0
14.1422224
7.071111202
0
4.61989975
4.61989975
0
0
0
2.080945969
4.161891937
2.080945969
2.080945969
4.161891937
0
0
0
0
0
8.916104317
0
0
17.83220863
0
0
6.939493656
0
0
0
0
0
0
0
0
0
0
0
0
0
0
0
0
0
0
4.710034847
0
0
0
0
0
0
0
0
0
0
0
0
0
29.92221069
0
0
0
0
0
0
13.45447636
0
0
30.61893082
10.20631027
0
0
0
0
6.95712328
0
0
0
0
5.96595192
11.93190384
9.194149017
9.194149017
45.97074509
9.194149017
0
0
22.16830444
0
0
0
0
0
33.28578186
0
0
11.10841274
5.554206371
11.10841274
0
0
0
0
7.580924034
0
0
0
8.431656837
2.81055212
2.81055212
0
0
0
0
0
0
0
8.767167091
0
13.15074921
4.383583546
4.383583546
9.130384445
0
0
0
0
0
0
3.913129568
3.913129568
0
2.6364007
0
2.6364007
2.6364007
2.6364007
0
0
3.013558626
6.027117252
9.040675163
0
6.551784515
13.10356903
0
6.551784515
1.327817798
0
0
0
0
0
0
5.434103012
0
0
0
0
0
0
0
0
0
0
5.762326717
0
0
0
0
0
0
0
0
0
0
0
0
0
0
0
3.711024284
3.711024284
-0.6
7
0
0
0
0
0
0
0
0
0
0
0
0
0
0
0
0
0
4.270956516
0
0
0
0
0
0
0
0
0
0
0
2.871785164
8.615355492
1.749780536
0
0
0
0
0
0
3.609179735
7.21835947
0
0
2.804003
2.804003
5.608006001
0
6.120114803
0
0
0
0
0
0
0
0
4.898174763
0
2.514380455
2.514380455
0
0
0
0
4.898037434
7.748636246
0
3.874318123
0
7.748636246
0
0
2.736919165
5.473838329
2.736919165
9.383738518
7.03780365
7.03780365
2.345934629
4.691869259
0
7.050970078
4.7006464
0
2.3503232
3.828814268
15.31525707
15.31525707
0
0
11.48644257
0
0
3.30787158
0
6.61574316
7.24041748
4.826944828
0
2.413472414
0
5.085016727
0
10.17003345
0
0
4.76644516
7.14966774
7.14966774
4.76644516
7.14966774
2.990865469
2.990865469
1.495432734
4.486298084
0
4.507477283
0
4.507477283
0
9.014954567
8.805804253
0
0
0
8.805804253
9.87254715
5.923528671
0
1.974509597
0
5.176705837
5.176705837
5.176705837
7.765058994
2.588352919
0
0
0
5.939344883
5.939344883
7.040990353
0
3.520495176
0
0
7.491706848
7.491706848
0
7.491706848
0
0
18.66325188
0
0
9.331625938
18.66325188
41.19326019
20.5966301
0
0
0
0
21.15518188
0
0
0
0
11.30545521
5.652727604
5.652727604
0
0
18.33481216
0
18.33481216
0
0
3.309867859
9.929603577
3.309867859
3.309867859
0
8.343937874
8.343937874
25.03181458
8.343937874
0
0
0
0
0
0
0
0
0
0
40.63890457
0
0
0
0
0
0
0
0
0
0
0
0
0
0
0
0
10.16522694
0
0
0
0
0
0
0
0
0
0
0
0
0
0
0
13.52288246
27.04576492
0
0
0
0
0
0
26.12623978
0
0
26.12623978
0
13.06311989
0
0
0
0
22.6735363
0
0
9.853126526
0
0
0
23.80462837
0
0
0
36.93452454
9.233631134
9.233631134
0
18.46726227
0
0
10.59672832
10.59672832
0
25.38131905
0
0
0
0
0
0
10.87066555
0
0
0
13.23293877
0
0
0
0
0
0
16.04646111
0
6.057983875
6.057983875
6.057983875
12.11596775
0
0
0
0
0
22.20324326
0
0
0
0
15.61132908
0
0
0
0
10.1369524
5.0684762
0
0
5.268917561
5.268917561
5.268917561
3.564627171
2.376417875
0
0
0
0
0
4.433049679
0
0
0
0
0
1.320519567
0
2.482028723
0
2.482028723
0
0
0
0
0
0
0
0
0
0
1.56362021
0
3.956081629
7.912163258
0
0
0
0
0
0
0
0
0
0
0
0
0
0
0
0
0
0
0
-0.6
7
0
0
0
0
0
0
0
0
0
0
0
0
0
0
0
0
0
0
0
0
0
0
0
0
0
7.404979229
0
0
0
0
0
0
0
5.543627262
2.771813631
0
5.330553532
0
0
0
0
6.832550526
2.277516842
0
0
4.555033684
3.812456131
7.624912262
3.812456131
0
0
0
0
0
0
0
0
0
0
0
0
0
3.582497597
3.582497597
0
0
0
6.783534527
0
5.20158577
10.40317154
5.20158577
5.20158577
0
3.423598051
13.6943922
6.847196102
0
3.423598051
8.295002937
16.59000587
0
0
33.18001175
0
3.51016283
7.020325661
0
3.51016283
3.51016283
0
0
0
0
0
6.227811813
6.227811813
6.227811813
6.227811813
0
6.617278576
9.925917625
0
0
0
0
2.904114246
5.808228493
5.808228493
8.712343216
3.000703335
9.002110481
6.00140667
3.000703335
0
4.061285973
0
8.122571945
4.061285973
0
2.775929689
2.775929689
2.775929689
5.551859379
8.327789307
0
0
0
0
0
0
4.944816113
2.472408056
9.889632225
0
0
0
29.99893951
0
7.499734879
0
0
14.47140694
0
0
0
3.891655684
3.891655684
3.891655684
0
0
0
24.50886917
16.33924675
16.33924675
0
0
20.32817459
0
10.1640873
10.1640873
0
0
20.99225044
0
0
0
0
30.11006546
0
15.05503273
0
0
0
0
0
0
0
0
0
0
0
10.88774204
0
0
0
0
0
0
9.577302933
28.73190689
0
10.8313055
0
10.8313055
10.8313055
0
0
0
0
0
0
0
0
0
0
0
0
0
0
0
0
0
0
0
0
0
0
0
0
0
0
0
0
24.69945526
0
0
0
0
0
0
0
4.273607731
0
8.547215462
0
0
0
12.57120037
0
0
0
0
0
0
0
0
7.720883369
4.430697918
0
4.430697918
0
0
13.88721466
0
0
13.88721466
0
13.47828674
0
0
0
0
12.20057678
0
0
12.20057678
12.20057678
4.916048527
0
19.66419411
4.916048527
4.916048527
0
4.315766335
8.631532669
8.631532669
0
9.101222038
27.30366707
9.101222038
9.101222038
0
0
0
0
9.175587654
0
0
0
0
0
5.668357849
20.5659256
0
0
10.2829628
10.2829628
0
8.968934059
0
17.93786812
8.968934059
0
0
11.51258659
0
0
0
0
10.83312321
0
0
0
0
0
0
0
0
0
0
0
0
0
0
0
0
0
4.678312778
0
0
4.659882069
0
0
0
0
0
0
0
0
0
0
0
0
0
0
0
2.382374048
0
0
0
0
0
0
0
2.828031301
0
0
0
0
0
0
0
0
0
-0.6
7
0
0
2.002575159
2.002575159
2.002575159
0
0
0
0
0
0
0
0
0
0
0
0
0
0
0
0
0
0
0
0
0
0
0
0
0
0
0
0
0
0
0
0
0
0
0
0
0
0
0
0
0
0
0
0
0
0
0
0
0
0
0
0
0
4.84333086
4.84333086
4.218183041
0
0
0
8.436366081
13.84292221
0
0
0
4.614307404
6.878192902
6.878192902
6.878192902
20.6345768
3.439096451
0
17.82707787
17.82707787
0
11.88471889
5.059710026
0
5.059710026
10.11942005
5.059710026
9.299375534
9.299375534
9.299375534
0
0
9.299375534
3.43545866
6.87091732
0
0
10.30637646
6.164304733
3.082152367
0
6.164304733
3.082152367
0
0
0
6.443972588
9.665958405
0
6.187430859
0
0
3.093715429
0
0
0
7.089947701
0
4.312496662
0
8.624993324
0
0
0
2.597523451
0
0
2.597523451
10.96627617
5.483138084
5.483138084
0
5.483138084
0
11.85834408
0
0
0
13.32875919
13.32875919
6.664379597
0
0
8.015367508
16.03073502
16.03073502
0
0
6.099627018
0
0
3.049813509
3.049813509
0
0
7.238051891
0
0
14.47610378
7.117035389
7.117035389
0
14.23407078
14.23407078
0
18.18000031
0
0
0
0
0
0
0
0
0
0
0
0
0
0
14.71266747
7.356333733
0
0
0
8.466427803
0
0
0
0
6.895731449
0
0
6.895731449
2.469725609
0
0
0
0
9.024366379
9.024366379
0
0
0
0
0
7.789314747
23.36794472
0
0
0
0
0
0
13.1288271
0
0
0
0
0
0
0
0
0
0
0
25.18501282
0
0
0
0
0
0
0
7.712427616
0
0
0
0
0
0
35.21460724
0
0
17.60730362
0
5.881324768
0
5.881324768
5.881324768
11.76264954
0
10.31752682
10.31752682
0
30.95258141
22.47789192
0
22.47789192
0
22.47789192
10.19839478
10.19839478
0
0
20.39678955
0
0
44.96409988
0
44.96409988
0
32.72943878
0
0
16.36471939
20.17928314
20.17928314
0
0
6.726428509
0
6.028971672
10.55069923
5.275349617
0
12.56349182
12.56349182
0
12.56349182
0
4.45569706
4.45569706
0
0
4.45569706
10.15831852
0
5.07915926
0
0
0
0
0
0
0
0
0
11.16283321
5.581416607
0
0
0
0
0
0
0
0
0
0
0
0
0
0
0
0
0
0
6.428868771
6.428868771
0
0
0
7.162612915
0
0
7.162612915
0
0
0
0
0
0
0
0
0
0
0
3.414164543
6.828329086
0
3.414164543
0
0
8.015579224
0
0
0
0
0
0
0
0
0
0
0
0
0
-0.6
7
0
0
0
0
0
0
0
2.280804634
2.280804634
0
0
0
0
0
0
0
0
0
5.449236393
0
5.837234497
5.837234497
2.918617249
0
0
0
0
0
0
0
7.917107105
5.118172169
0
0
0
0
0
0
0
0
0
0
0
0
0
0
0
0
0
0
0
0
0
0
3.408018827
10.22405624
4.144714355
0
0
1.931788087
1.931788087
5.795363903
3.863576174
0
9.738084793
0
0
0
0
7.452186108
0
0
0
0
0
0
0
0
9.420033455
4.958082676
4.958082676
4.958082676
4.958082676
0
3.408661366
6.817322731
0
6.817322731
6.817322731
0
11.76128006
3.920427084
11.76128006
0
0
0
0
10.79928017
10.79928017
0
4.204735279
8.409470558
0
0
8.409470558
10.5925312
0
5.296265602
5.296265602
10.5925312
10.59256077
0
0
0
15.88884163
1.476209879
0
1.476209879
0
0
-0.6
7
0
0
0
0
0
0
0
0
0
0
0
0
0
0
0
0
0
0
0
0
0
0
0
0
6.494987011
0
0
0
0
0
0
0
0
0
0
0
1.397988558
1.397988558
0
0
0
0
0
0
0
0
0
0
0
0
2.947938681
0
0
9.414009094
4.707004547
9.414009094
7.546465397
0
1.886616349
5.362057209
0
0
0
5.362057209
2.722833395
2.722833395
8.168499947
8.168499947
5.44566679
8.244130135
8.244130135
4.122065067
4.122065067
4.122065067
0
5.109528542
2.554764271
2.554764271
2.554764271
3.131692171
9.395076752
3.131692171
3.131692171
3.131692171
0
0
0
0
0
0
0
0
2.744949341
5.489898682
8.234848022
2.063651085
0
0
2.063651085
4.12730217
0
0
0
5.168019295
7.752028465
7.688244343
0
5.125496387
0
7.688244343
0
5.860729218
0
0
5.860729218
3.231538534
0
0
3.231538534
6.463077068
3.758065939
7.516131878
3.758065939
0
7.516131878
4.784174442
0
9.568348885
0
4.784174442
34.28112411
0
17.14056206
0
0
5.653245449
16.95973587
0
0
0
0
0
0
0
7.020506382
0
0
0
6.334671021
6.334671021
0
0
7.549492359
0
3.77474618
0
9.959397316
0
9.959397316
19.91879463
19.91879463
12.23700809
0
0
0
12.23700809
8.785487175
0
0
8.785487175
8.785487175
7.718904972
7.718904972
7.718904972
0
0
7.506463051
0
22.51939011
7.506463051
15.0129261
9.201764107
0
9.201764107
0
18.40352821
0
0
13.12569237
6.562846184
6.562846184
5.327539921
5.327539921
5.327539921
21.31015968
0
0
23.06835365
0
0
0
0
0
4.247731686
4.247731686
8.495463371
0
0
0
0
0
0
0
0
0
0
0
0
0
0
0
0
0
0
25.92134666
0
0
0.638994217
1.895868778
2.650322914
6.205367565
10.44756699
9.047001839
18.09400368
9.047001839
9.047001839
9.047001839
0
0
0
6.142827034
12.28565407
0
0
0
14.92842007
29.85684013
0
0
13.58445835
13.58445835
0
13.58445835
14.4091711
0
14.4091711
0
0
10.91655731
0
10.91655731
0
0
7.939501286
15.87900257
15.87900257
0
23.81850433
8.044995308
16.08999062
0
0
8.044995308
9.25596714
0
18.51193428
4.62798357
4.62798357
0
8.990728378
8.990728378
0
0
0
17.1468792
0
0
12.86016083
13.32406998
0
0
0
0
0
4.46378231
0
2.231891155
5.101466179
0
0
6.016103268
6.016103268
0
0
4.398607731
0
0
0
4.398607731
7.156089783
0
0
0
0
0
0
0
0
0
0
0
0
10.31743813
0
0
0
0
0
0
0
0
0
0
0
0
0
0
4.36786747
0
0
0
0
0
0
0
0
0
0
0
0
0
0
0
0
0
0
0
0
0
0
0
0
3.162369728
0
0
