19790101
-99
-99
-99
-99
-99
-99
-99
-99
-99
-99
-99
-99
-99
-99
-99
-99
-99
-99
-99
-99
-99
-99
-99
-99
-99
-99
-99
-99
-99
-99
-99
-99
-99
-99
-99
-99
-99
-99
-99
-99
-99
-99
-99
-99
-99
-99
-99
-99
-99
-99
-99
-99
-99
-99
-99
-99
-99
-99
-99
-99
-99
-99
-99
-99
-99
-99
-99
-99
-99
-99
-99
-99
-99
-99
-99
-99
-99
-99
-99
-99
-99
-99
-99
-99
-99
-99
-99
-99
-99
-99
-99
-99
-99
-99
-99
-99
-99
-99
-99
-99
-99
-99
-99
-99
-99
-99
-99
-99
-99
-99
-99
-99
-99
-99
-99
-99
-99
-99
-99
-99
-99
-99
-99
-99
-99
-99
-99
-99
-99
-99
-99
-99
-99
-99
-99
-99
-99
-99
-99
-99
-99
-99
-99
-99
-99
-99
-99
-99
-99
-99
-99
-99
-99
-99
-99
-99
-99
-99
-99
-99
-99
-99
-99
-99
-99
-99
-99
-99
-99
-99
-99
-99
-99
-99
-99
-99
-99
-99
-99
-99
-99
-99
-99
-99
-99
-99
-99
-99
-99
-99
-99
-99
-99
-99
-99
-99
-99
-99
-99
-99
-99
-99
-99
-99
-99
-99
-99
-99
-99
-99
-99
-99
-99
-99
-99
-99
-99
-99
-99
-99
-99
-99
-99
-99
-99
-99
-99
-99
-99
-99
-99
-99
-99
-99
-99
-99
-99
-99
-99
-99
-99
-99
-99
-99
-99
-99
-99
-99
-99
-99
-99
-99
-99
-99
-99
-99
-99
-99
-99
-99
-99
-99
-99
-99
-99
-99
-99
-99
-99
-99
-99
-99
-99
-99
-99
-99
-99
-99
-99
-99
-99
-99
-99
-99
-99
-99
-99
-99
-99
-99
-99
-99
-99
-99
-99
-99
-99
-99
-99
-99
-99
-99
-99
-99
-99
-99
-99
-99
-99
-99
-99
-99
-99
-99
-99
-99
-99
-99
-99
-99
-99
-99
-99
-99
-99
-99
-99
-99
-99
-99
-99
-99
-99
-99
-99
-99
-99
-99
-99
-99
-99
-99
-99
-99
-99
-99
-99
-99
-99
-99
-99
-99
-99
-99
-99
-99
-99
-99
-99
-99
-99
-99
-99
-99
-99
-99
-99
-99
-99
-99
-99
-99
-99
-99
-99
-99
-99
-99
-99
-99
-99
-99
-99
-99
-99
-99
-99
-99
-99
-99
-99
-99
-99
-99
-99
-99
-99
-99
-99
-99
-99
-99
-99
-99
-99
-99
-99
-99
-99
-99
-99
-99
-99
-99
-99
-99
-99
-99
-99
-99
-99
-99
-99
-99
-99
-99
-99
-99
-99
-99
-99
-99
-99
-99
-99
-99
-99
-99
-99
-99
-99
-99
-99
-99
-99
-99
-99
-99
-99
-99
-99
-99
-99
-99
-99
-99
-99
-99
-99
-99
-99
-99
-99
-99
-99
-99
-99
-99
-99
-99
-99
-99
-99
-99
-99
-99
-99
-99
-99
-99
-99
-99
-99
-99
-99
-99
-99
-99
-99
-99
-99
-99
-99
-99
-99
-99
-99
-99
-99
-99
-99
-99
-99
-99
-99
-99
-99
-99
-99
-99
-99
-99
-99
-99
-99
-99
-99
-99
-99
-99
-99
-99
-99
-99
-99
-99
-99
-99
-99
-99
-99
-99
-99
-99
-99
-99
-99
-99
-99
-99
-99
-99
-99
-99
-99
-99
-99
-99
-99
-99
-99
-99
-99
-99
-99
-99
-99
-99
-99
-99
-99
-99
-99
-99
-99
-99
-99
-99
-99
-99
-99
-99
-99
-99
-99
-99
-99
-99
-99
-99
-99
-99
-99
-99
-99
-99
-99
-99
-99
-99
-99
-99
-99
-99
-99
-99
-99
-99
-99
-99
-99
-99
-99
-99
-99
-99
-99
-99
-99
-99
-99
-99
-99
-99
-99
-99
-99
-99
-99
-99
-99
-99
-99
-99
-99
-99
-99
-99
-99
-99
-99
-99
-99
-99
-99
-99
-99
-99
-99
-99
-99
-99
-99
-99
-99
-99
-99
-99
-99
-99
-99
-99
-99
-99
-99
-99
-99
-99
-99
-99
-99
-99
-99
-99
-99
-99
-99
-99
-99
-99
-99
-99
-99
-99
-99
-99
-99
-99
-99
-99
-99
-99
-99
-99
-99
-99
-99
-99
-99
-99
-99
-99
-99
-99
-99
-99
-99
-99
-99
-99
-99
-99
-99
-99
-99
-99
-99
-99
-99
-99
-99
-99
-99
-99
-99
-99
-99
-99
-99
-99
-99
-99
-99
-99
-99
-99
-99
-99
-99
-99
-99
0
0
0
0
0
0
0
0
0
0
0
0
0
0
0
0
0
0
0
0
0
0
0
0
0
7.968378067
0
0
0
0
0
0
0
0
2.673537493
0
0
0
1.698232889
0
0.849116445
0
0
0.605783343
0
2.301976681
0
0
1.303842425
0
14.10520363
0
2.834198713
2.30278635
0
1.594236851
0
1.703506351
0
0
0
0.828579426
22.88062668
1.077153087
1.036877751
2.328986883
1.371868849
7.720750332
4.115606308
3.898592472
12.75273037
6.064476967
0.727737188
36.352211
24.76797295
0
1.682093978
1.501869678
3.33844161
0.401055336
0
2.272646904
4.500732422
2.272646666
4.490629196
1.386812091
8.122756004
9.5756073
0
0
22.36360359
4.159135342
0
0
0
12.58545971
0.887689233
0
1.607703686
2.377034426
7.830928802
0
0
0
0.226701856
0
0
1.684215903
2.85193944
1.5719347
0
4.212864399
1.272951961
0.507665396
0.469779849
2.208534718
3.285868645
0
11.567873
10.57134151
9.449088097
31.41296959
20.49402428
7.937233448
12.76676846
2.543932199
4.670606613
3.997608185
3.082330704
7.726016998
2.385698795
3.461601496
1.30979526
1.35657382
2.151806593
1.742264748
4.21439743
5.791852474
7.463485241
4.661735535
8.91212368
14.03057289
10.89928722
2.499008179
11.74232483
7.922821999
6.294844627
1.438046336
5.073862076
3.174555302
3.852879286
0
0
10.5284214
0
5.984239578
4.114786625
6.940273762
4.114786625
0
3.977627277
11.6794939
0
5.929039955
7.393440247
0
0
5.143975258
4.824968815
12.32161713
9.749629021
18.04315567
8.492839813
8.162379265
12.75578403
9.418129921
0
10.61444092
12.64298248
8.821781158
0
0
0
0
20.43346405
0
11.60531712
0
28.43553925
12.98690128
4.948587418
0
0
0
23.52801895
0
16.10713005
0
0
0
0
0
0
7.245543957
5.014627934
0
0
10.89144707
0
0
10.80253696
0
3.985582829
0
6.397909641
5.648739338
6.712560654
6.949422836
0
8.403028488
0
8.263641357
0
8.33511734
9.367786407
0
0
0
0
18.41519737
13.91538715
0
0
0
0
0
0
0
0
0
0
0
17.66381264
10.97867584
8.556007385
12.23600864
0
8.09600544
17.80053139
8.389021873
22.1693306
13.64087582
10.73609066
7.256857872
0
10.01531124
0
32.71951294
29.61750603
5.263588905
11.6466732
8.268548012
6.481284618
0.779317915
3.735352039
0
1.351713657
0.919057727
0
0
0
0
0
2.687748671
0
3.160014629
1.451523185
1.541809201
8.477528572
0
0
0
0
0
16.03255463
6.329855442
19.12817574
0
0
0
0
0
0
0
4.791040421
4.770825863
4.4675951
4.265441895
9.744338989
5.821292877
10.3770895
6.074392796
0
11.26293659
10.09913349
0
0
0
0
0
0
0
5.723909378
0
0
0
0
0
0
0
0
0
0
0
0
0
0
0
0
0
2.443911076
0
0
0
0
0
0
0
0
0
0
0
0
0
0
0
15.01800919
0
0
0
0
0
0
0
0
0
0
0
0
0
0
0
0
0
0
0
0
0
2.870229721
0
0
0
0
0
0
0
0
0
0
0
0.921201646
0
0
0
0
5.258230686
0
0
0
0
0
0
0
0
0
0
0
0
0
1.915087461
0.820751786
0
0
0
0
0
0
0
0
10.4559679
0
0.978672922
0
5.566201687
20.70504761
0
4.890770435
34.64295578
0
0
0
1.853409171
3.243465662
3.706818342
1.021873832
0
3.746870756
0
0
0
0
0
0.316599101
2.804163694
1.108507276
0
7.806723118
0
1.320774794
3.855885267
2.082178116
11.68333244
46.00071335
1.889383554
0.677106917
8.057572365
6.90649128
0
0
0
0.302966028
0.333262652
0
1.636016607
0.757415056
0
0
0
2.237384796
6.508756161
2.370023727
0
7.385655403
9.976147652
16.0941143
12.68035793
0.689149797
0
0.643206477
0
0
0
3.359913826
1.612266421
6.744442463
0
10.88142395
0
2.380311489
0
7.309428215
3.654714108
0
12.53044796
4.176815987
11.832654
0
5.916327
0
0
0
9.972844124
0
14.95926476
0
0
11.84068489
0
0
0
0
0
0
12.51242924
0
0
0
5.788990974
0
5.788990974
2.399782658
3.999637365
0
4.058891296
3.732995033
2.903441191
0
15.81554699
0
0
15.81554699
1.954231024
0
0
2.936021805
4.357281208
0
0
0
14.68011284
0
4.313320637
6.023775578
8.477906227
5.205731392
0
0
0
0
18.00181198
0
24.07831192
12.03915596
0
12.03915596
0
0
0
19.71635056
16.73485374
20.19723892
0
0
0
0
0
20.13373566
0
0
11.50499153
0
0
0
0
0
13.99202633
13.9081049
0
0
0
0
0
0
0
0
0
0
0
0
0
0
0
0
0
0
0
0
0
0
12.80950832
0
0
0
16.23128128
0
0
0
0
0
11.58625221
0
0
0
17.12374306
0
0
0
0
11.74433708
0
0
0
0
17.50945282
0
0
0
0
8.055381775
5.166555882
5.462845325
7.425765514
3.49992466
0
0.590064347
0.532262087
0.635824442
5.893418789
0
1.913145542
1.893722534
3.564082861
0
0
0
0
0
22.82217598
0
0
10.11644077
0
0
4.088597298
12.76599026
5.969786644
2.207407236
6.111147404
15.36087322
0
0
3.379097223
4.220182896
13.00039196
0
0
11.37534332
13.00039196
0
10.06001949
0
0
5.030009747
11.5527277
0
0
0
10.1086359
0
6.859354019
0
0
12.00387001
0
0
0
5.718502998
0
0
0
0
0
12.12773132
0
0
0
7.175832748
0
0
0
0
0
0
0
0
0
0
0
7.034393787
0
0
0
0
0
0
0
0
0
0
0
0
0
0
0
0
0
0
6.205115318
0
0
0
0
0
0
0
0
0
0
0
0
-0.4
7
0
0
0
0
0
0
0
0
0
0
0
0
0
0
0
0
0
0
0
0
0
0
0
0
0
0
0
0
0
0
0
0
0
0
0
0
0
0
0
0
0
0
0
0
4.290003777
0
2.077997446
0
0
0
5.402792454
3.675732374
0
0
0
0
0
0
0
0
2.579975367
0
0
0
2.594905376
0
0
0
0
0
0
0
0
0
0
1.895150661
0
0
0.631716847
11.4266119
0
0
0
0
0
4.382160664
8.764321327
0
13.14648151
8.764321327
5.267358303
0
10.53471661
0
0
1.336679697
11.82961655
1.136177778
1.002509832
0
7.170541286
0
0
0
0
14.56192875
8.494458199
12.74168777
16.9889164
4.247229099
0
0
9.032631874
0
0
0
11.9999342
5.999967098
0
0
0
0
0
0
0
5.397083759
0
0
0
0
0
0
0
7.779010773
7.779010773
12.74521923
5.801271915
6.021018028
7.559233665
0
3.051281214
0
0
9.15384388
6.102562428
0
0
25.95022392
0
12.97511196
12.97511196
15.51677132
15.51677132
38.79192734
0
7.758385658
0
7.585990429
0
18.61699677
34.62412643
12.78518772
13.28591156
0
13.68649292
12.31784344
0
5.353408813
3.944617271
5.526800156
16.68876648
0
0
0
0
0
0
0
0
0
0
0
0
0
0
0
0
0
0
0
0
0
0
33.0341301
0
0
0
0
0
0
0
0
22.96807098
0
0
0
0
0
0
0
0
0
11.52040672
0
0
0
0
0
0
0
0
0
0
0
0
0
0
0
0
0
0
0
0
0
0
0
7.807996273
0
0
0
17.90135765
0
0
0
6.527498245
0
6.527498245
19.58249283
0
0
13.704772
0
0
21.10730743
7.035769463
16.0817585
0
0
12.25734615
0
8.089848518
13.28696251
8.040820122
0
24.63650894
0
12.31825447
12.31825447
0
0
16.27890968
0
0
0
0
0
9.209606171
7.062289238
0
0
0
6.60913372
6.60913372
0
0
16.10383224
0
0
0
0
0
0
8.189768791
0
0
8.093471527
0
0
0
0
0
0
0
0
0
0
0
0
0
0
0
0
0
0
0
0
0
0
14.44886398
0
0
0
0
7.955777168
0
0
0
0
0
0
13.95456028
0
0
0
0
0
9.772015572
0
0
0
0
0
0
0
10.49399948
3.497999668
0
0
0
0
0
2.754167318
2.754167318
0
0
6.301068306
0
0
0
0
0
0
0
0
0
-0.4
7
0
0
0
0
0
0
0
0
0
0
0
0
0
0
0
0
0
0
0
0
0
0
0
0
0
0
0
0
0
0
4.605414391
0
0
0
0
0
0
0
0
0
0
0
0
0
0
0
0
0
0
0
0
0
0
0
0
5.541192532
4.114676476
0
0
0
9.900497437
0
2.757100344
1.503872871
0
0
0
0.465659976
14.52676487
0.219134077
2.466274023
1.887595057
0
0.923130393
29.45750427
6.522420406
13.2777853
0
9.434215546
14.32602978
0
3.600944281
35.66236877
0
0
0
7.439725876
0
0
0
0
13.56714344
0
0
20.35071564
0
0
0
0
11.74969482
5.140491486
6.698440552
0
10.04765987
0
0
0
4.467670441
0
6.320119858
0.980708361
18.71331406
12.47554398
6.237771988
0
7.128882408
0
0
0
3.012946606
2.394906282
0
3.349502563
0
3.990896463
0
0
0
0
0
7.526213646
0
0
24.54757309
0
0
36.78569412
28.01700783
0
0
0
0
2.270942211
2.787065268
0
3.819311857
0
0
0
0
0
49.00275803
0
0
0
0
8.543223381
0
13.27697754
10.63025951
8.157096863
0
2.167821646
3.326199532
7.137814522
0
1.963726521
19.02727699
9.513638496
19.02727699
9.513638496
28.54091644
0
0
0
0
0
7.759043217
16.70670319
0
0
7.5279212
7.067192078
0
0
7.067192078
7.067192078
5.415075302
0
5.038801193
4.940642357
14.21661854
0
0
0
24.02285194
8.007616997
7.876166344
7.876166344
15.75233269
15.75233269
0
13.65786362
13.65786362
0
13.65786362
13.65786362
0
2.6133883
2.665918827
0
8.444265366
3.440742731
37.78604889
23.17882538
0
13.79571438
0
0
0
0
0
20.0311203
0
0
6.177497387
0
9.308269501
9.711510658
9.711510658
0
0
19.42302132
18.94014359
0
0
0
0
8.434193611
10.91373444
5.184493065
6.405478954
9.241921425
0
0
0
7.05996418
0
6.626018047
0
4.757681847
10.63196182
0
12.49295902
0
0
14.45514393
14.45514393
0
0
50.41704559
4.083552361
8.703214645
0
16.44735336
0
8.223676682
0
0
5.80735445
11.6147089
5.80735445
11.6147089
0
7.269487858
12.27360058
7.455451488
3.871424675
10.54920959
5.204000473
5.204000473
0
10.40800095
0
0
18.1223774
0
6.040792465
6.040792465
13.8633461
0
6.065214157
0
0
9.175292969
0
0
0
9.175292969
0
0
15.73665619
15.73665619
0
15.73665619
6.200884342
0
0
0
3.100442171
0
0
0
0
9.782751083
0
3.878921032
3.878921032
0
7.757842064
0
5.487942219
10.97588444
5.487942219
6.271934986
0
0
0
4.558736801
0
0
0
0
0
0
0
0
0
0
0
0
0
0
0
0
0
0
0
0
0
0
0
0
0
0
0
0
0
0
3.26138711
0
3.816880465
0
0
0
0
-0.4
7
0
0
0
0
0
0
0
0
0
0
0
0
0
0
3.055327892
2.922105551
0
0
0
0
0
0
0
0
0
0
0
0
0
3.15696764
0
0
0
0
0
0
0
0
0
0
0
0
0
0
0
0
0
0
0
0
0
0
0
0
0
2.228304625
10.67209721
0
0
0
0
0
0
8.959587097
5.752692699
0
0
10.0672121
11.5053854
2.676551819
1.403381109
1.967627168
5.599056244
0.853602946
14.25500202
0
0
0
7.127501011
2.305099964
2.634400129
4.610199928
2.634400129
9.220399857
5.448729992
0
5.448729992
0
5.448729992
10.89745998
13.5000515
2.007835388
1.426619768
7.027423859
19.10085678
0
0
0
0
0
0
10.45531082
12.04850101
9.111057281
0
4.442168713
5.076764584
2.538382292
0
2.221084356
0
0
3.978470802
0
3.978470802
11.4596653
2.864916325
13.09676266
0
3.274190664
5.075939655
15.22781849
5.075939655
0
0
5.428483009
14.24976635
9.499843597
0
0
5.107243061
5.107243061
0
0
11.67369843
2.699264288
1.651314616
32.78282928
3.122678518
1.323168874
0
0
0
8.257707596
0
0
0
4.212153912
0
0
0
24.53458786
0
8.178195953
0
0
0
0
0
0
0
31.19489861
20.79660034
0
0
10.39830017
0
0
0
18.17009926
36.34019852
10.07346344
0
0
10.07346344
10.07346344
0
6.23215723
6.23215723
0
0
33.09939575
0
8.274848938
8.274848938
0
15.32305527
15.32305527
22.9845829
0
22.9845829
0
0
10.39376545
41.5750618
0
0
0
8.711108208
8.711108208
0
0
0
0
0
0
8.689371109
4.845994949
11.90146828
15.13213158
0
9.840527534
0
4.138936996
3.073589087
3.514422894
7.72683239
3.86122632
6.240126133
3.980769396
9.025466919
12.59979343
14.80154324
7.400771618
16.91604805
7.400771618
14.80154324
12.46067047
12.46067047
12.46067047
0
12.46067047
0
4.895334244
4.895334244
4.895334244
9.790668488
0
0
9.723464966
0
0
0
18.54002953
8.59989357
6.701216221
0
7.73431921
11.42023182
0
0
22.84046364
11.42023182
0
9.77441597
20.29840279
11.72330284
0
4.498365879
5.236514091
0
14.42429447
6.790969372
9.328009605
5.830005646
0
25.50627708
36.90393829
7.266236305
6.36359787
14.66786671
5.370696068
0
10.54327297
0
0
6.024727821
6.024727821
5.387197971
0
0
0
4.62776947
0
10.33758926
0
0
0
12.08860207
6.044301033
0
0
0
0
0
0
0
0
0
9.387814522
9.387814522
9.387814522
18.77562904
10.72893143
0
0
0
4.197365284
0
11.72026157
11.72026157
0
0
0
2.947203398
5.894406796
0
0
0
0
0
0
3.785520077
3.312330008
0
0
0
16.64601517
0
0
4.545361042
0
0
0
0
0
8.211730957
0
0
0
0
0
0
0
0
0
0
0
0
0
0
0
0
0
0
0
0
0
0
0
0
0
0
0
0
-0.4
7
0
0
0
0
0
0
0
0
0
0
0
0
0
0
0
0
0
0
0
0
0
0
0
0
0
0
0
0
3.32000494
0
0
0
3.525044441
0
0
0.871984541
0
6.987464905
0
0
0
0
3.106086969
3.106086969
0
6.212173939
0
3.434699297
10.30409718
0
9.016085625
0
1.014047146
0
0
2.982491493
7.283381462
10.92507267
0
0
3.870521069
4.423452377
3.870521069
3.870521069
0
17.65297508
8.826487541
17.65297508
8.826487541
3.5025599
1.471489668
0
0
0
24.97738457
5.249125957
1.338703275
0
0
2.835113287
5.670226574
2.835113287
8.505339622
8.505339622
1.006959796
8.933540344
2.762684822
0.593848109
0.542209148
1.729905486
25.251791
0
0
0
0
1.58572495
3.130789995
0
1.748363376
3.578046083
1.614046216
0
2.835486174
2.966355085
1.265063167
0
0
4.311618805
3.560052156
3.599607944
0
9.50787735
10.86614609
10.86614609
9.50787735
0
11.25755787
5.628778934
0
0
0
23.32233238
7.774110317
13.60469246
20.40703773
0
7.920452595
7.920452595
3.960226297
3.960226297
7.337832451
0
0
3.53117466
3.030299187
5.951053619
11.90210724
5.951053619
0
5.951053619
12.68284321
6.341421604
12.68284321
0
12.68284321
0
6.749499798
0
6.749499798
0
0
33.07104492
16.53552246
15.98433876
0
0
0
20.5798893
0
0
20.5798893
9.819432259
0
9.088683128
6.348376751
0
0
9.43347168
0
0
10.6177578
18.85426521
0
0
0
0
0
0
0
0
0
34.62239075
34.62239075
0
0
17.31119537
11.14230442
0
11.14230442
22.28460884
0
0
17.93228912
0
0
0
0
0
0
0
27.89034653
9.584525108
0
0
0
0
0
0
0
0
0
13.43686771
15.19064045
0
0
12.58396149
0
0
12.9654665
0
0
0
0
0
0
0
0
0
0
0
0
0
0
21.07816315
0
0
0
0
10.21306133
0
0
10.21306133
0
0
0
0
9.610210419
9.610210419
0
0
26.13707733
0
8.712359428
0
11.01815128
0
22.03630257
11.01815128
0
0
0
0
0
15.34791088
0
0
0
15.34791088
0
0
11.09605789
0
22.19211578
0
0
0
34.21046448
0
0
0
0
0
20.5085144
0
8.182804108
0
0
0
0
6.726210594
0
41.31815338
0
0
0
0
0
0
7.909079075
15.81815815
15.81815815
15.81815815
7.909079075
0
4.124340534
0
0
0
4.124340534
4.666170597
4.025715828
12.77859688
0
0
0
0
0
0
0
0
5.997490883
0
0
0
0
14.91879845
0
0
0
0
0
4.609337807
0
0
0
0
0
0
0
0
0
0
0
0
0
0
0
0
0
0
0
0
0
0
0
0
8.601938248
0
0
0
0
0
0
0
0
-0.4
7
0
0
0
0
0
0
0
1.537999868
0
0
0
0
0
0
0
0
0
2.256246805
0
0
0
0
0
1.118289828
0
0
0
0
4.605712414
0
0
0
0
0
4.246135712
0
0
0
0
0
0
0
0
3.997429848
3.997429848
7.994859695
4.128907204
0
0
0
6.441094875
0
0
5.849442005
5.849442005
10.02761364
3.371705294
10.11511612
0
0
0
0
0
0
0
0
2.378262758
2.378262758
0
0
0
0
0
26.26109886
10.28761959
0
2.571904898
5.878640175
7.715715408
13.21833611
0
0
0
3.304584026
9.005195618
2.626515388
7.879546642
2.626515388
7.879546642
2.626515388
6.599579334
9.899368286
13.19915867
6.599579334
0
0
3.760340214
3.760340214
0
0
0
5.027359962
4.748062611
5.5394063
0
5.906313419
10.12510967
2.95315671
8.859470367
2.95315671
0
0
0
5.344637394
0
0
4.867136478
4.867136478
0
0
0
3.642991066
14.57196426
10.9289732
3.642991066
0
4.171247482
0
0
0
0
0
5.778180599
0
0
0
4.150714874
8.301429749
0
0
0
0
0
0
8.40096283
0
13.24572468
0
26.49144936
0
0
5.665294647
5.665294647
0
0
11.33058929
2.865055561
0
2.930667162
14.50024414
0
3.75027895
0
1.97514689
0
8.063100815
0
9.03208828
12.16567135
20.93969917
10.76477623
11.06849384
0
11.06849384
0
0
5.755334854
10.97905254
5.362400532
4.622758865
5.293059349
2.087036133
0
0
0
0
0
0
9.189700127
18.37940025
0
0
0
0
5.960020065
11.92004013
8.586628914
0
8.586628914
0
0
14.95474052
0
0
29.90948105
0
0
7.986556053
0
0
7.986556053
0
0
8.946832657
17.89366531
5.964555264
0
0
8.324864388
16.64972878
0
16.64972878
0
19.42063141
19.42063141
9.710315704
0
0
20.19126701
0
10.09563351
10.09563351
0
16.50007248
0
33.00014496
0
5.993701458
0
5.993701458
17.9811039
5.993701458
0
0
8.028198242
16.05639648
0
24.08459282
0
0
11.45584965
11.45584965
11.45584965
9.323067665
0
0
0
18.64613533
7.270534515
4.909622669
11.67041302
11.32164478
6.251049519
43.79907608
22.69501877
7.073025227
6.766335487
6.919680119
9.740530968
0
9.740530968
19.48106194
9.740530968
9.226021767
0
0
0
9.226021767
0
0
8.084837914
8.084837914
16.16967583
38.71478653
22.12273598
0
19.35739326
9.678696632
7.061111927
14.12222385
0
7.061111927
0
0
12.70441437
8.469610214
0
0
0
0
0
0
0
0
0.345940351
0.706646383
0.537895024
0
0.563207746
0
2.736176968
9.9366436
0
0
0
0
0
0
0
0
0
0
0
0
0
0
0
0
0
0
0
0
0
0
0
7.241614342
0
0
0
0
3.069317818
0
0
0
0
0
0
0
0
0
0
0
0
0
0
0
0
0
0
0
0
0
0
2.249398232
0
-0.4
7
0
0
0
0
0
0
0
0
0
1.338727236
0
0
0
0
0
0
0
0
0
0
0
0
0
0
3.171358585
0
0
0
3.143930912
5.501879215
3.143930912
0
0
2.785610676
0
0
6.363099098
3.181549549
3.181549549
9.54464817
0
0
0
0
0
0
0
0
0
0
0
0
0
2.442976952
0
0
0
0
2.880301476
4.320451736
4.862631321
5.557293415
11.11458683
4.862631321
4.862631321
0
13.51198196
13.51198196
0
6.755990982
3.982922792
5.974384785
5.974384785
7.965845585
0
0
0
0
10.40777493
5.203887463
0
8.074993134
4.037496567
4.037496567
4.037496567
1.655222416
5.024087906
2.32380271
0
0
0.48033914
5.742083073
2.871041536
0
0
5.742083073
6.829550266
6.829550266
3.414775133
0
6.829550266
5.158058167
5.158058167
0
5.158058167
0
0.45413509
0
1.01423502
29.36740303
3.981251001
6.412817478
3.206408739
6.412817478
0
3.206408739
3.993966341
7.987932682
7.987932682
7.987932682
3.993966341
3.542729139
0
12.14649963
0
4.04883337
11.50970268
0
0
0
0
0
5.151682377
5.151682377
15.45504761
0
20.32114029
17.78099632
10.16057014
8.890498161
0
0
0
13.8722229
13.8722229
6.93611145
0
1.433057308
1.200669765
6.320945263
1.402072191
1.828116536
7.360881329
14.72176266
0
14.72176266
14.72176266
0
16.2100296
0
8.105014801
0
0
0
12.20153236
12.38829136
0
16.99933624
8.499668121
0
0
25.49900246
10.91884232
0
0
0
24.9573555
11.26388359
0
7.788170815
14.54650211
10.74896431
8.875984192
15.53297043
15.53297043
0
0
0
0
11.10587597
44.42350388
11.10587597
0
15.82381058
15.82381058
0
0
0
0
6.179076195
7.572046757
0
0
0
1.503678799
0
1.591271877
0
0
10.0553503
0
0
0
0
0
0
0
11.75023842
0
0
0
0
0
0
0
0
8.108620644
0
0
3.916018486
0
0
0
0
0
0
0
0
0
0
27.88934135
0
0
0
0
0
0
14.09632301
0
0
17.38574028
0
0
0
3.718325615
5.585900307
8.648051262
6.107474804
6.982375622
33.25853729
0
11.08617973
0
0
16.31801033
32.63602066
16.31801033
16.31801033
24.47701645
8.404647827
16.80929565
8.404647827
0
0
0
0
11.20275307
11.20275307
5.601376534
0
8.43525219
16.87050438
8.43525219
8.43525219
0
10.94050407
0
0
0
0
6.31625843
5.916954994
0
4.79164505
0
8.89056778
8.89056778
0
0
0
5.17355442
10.34710884
5.17355442
5.17355442
0
9.702809334
0
5.535578728
0
0
0
0
0
0
0
0
0
0
0
1.408521891
0.580289841
0
0
0.569739163
0
0
0
0
0
0
0
0
0
4.139753819
4.139753819
0
0
0
0
0
5.477687836
5.477687836
5.477687836
0
0
0
0
0
0
0
0
0
0
0
2.586152077
0
0
0
0
0
0
0
0
0
0
0
-0.4
7
0
0
0
0
0
0
5.478931427
0
0
0
0
0
0
0
0
0
0
0
0
0
0
0
0
0
0
0
0
0
0
0
0
0
0
0
0
0
0
0
0
0
0
0
9.390589714
0
0
0
0
0
0
0
0
0
0
0
0
0
0
0
8.112744331
0
0
0
0
5.965879917
7.019512177
0
4.679674625
7.019512177
2.674099922
12.56318283
8.375454903
8.375454903
8.375454903
8.375454903
7.711544514
7.711544514
4.406597137
3.855772257
7.711544514
6.012263775
0
9.018395424
0
6.012263775
0
3.179982662
3.6342659
3.6342659
6.359965324
3.179982662
0
0
2.758008718
5.516017437
11.03203487
0
0
0
0
12.59104252
4.579283714
2.003436565
0
2.003436565
2.003436565
7.17046833
3.585234165
8.194820404
0
8.194820404
10.02388954
0
0
4.385451317
10.02388954
5.423847198
1.414916635
11.31933212
3.301472187
7.310402393
14.24755669
10.85528183
0
0
14.24755669
0
0
12.37894249
10.83157349
10.83157349
6.105004787
6.105004787
6.105004787
0
0
0
0
0
4.413166046
0
0
5.475306034
2.737653017
0
3.12874651
3.365090847
0
3.365090847
0
7.691637039
0
0
0
0
10.15011787
10.15011787
17.63575172
15.90367031
0
32.90956879
0
0
10.7051115
0
0
0
0
7.552522182
4.790596962
0
9.43454361
17.89226913
0
16.87655067
33.51870728
0
10.6853075
16.56122017
8.833992958
9.135837555
3.521523476
30.92193985
0
0
35.3393631
0
0
0
0
8.949376106
0
23.7397747
15.8265152
7.913257599
0
0
0
21.63878632
0
0
0
0
17.63457298
0
0
0
12.73377037
0
0
12.73377037
6.366885185
12.73377037
0
0
21.24941635
9.296618462
0
0
0
0
0
0
0
0
0
6.151939869
6.151939869
0
0
0
0
14.12082195
0
0
15.66824913
15.66824913
7.834124565
0
0
24.90870667
0
12.45435333
0
0
16.310009
8.155004501
8.155004501
8.155004501
28.69976807
0
0
12.55614662
0
0
0
34.03156662
0
17.01578331
20.86414719
0
35.76711273
10.43207359
11.92237091
12.46723366
0
13.35774899
0
0
0
32.27753448
0
0
0
0
15.96653938
5.322178841
5.322178841
0
13.96290016
6.10876894
6.10876894
6.10876894
0
0
6.052576542
6.052576542
6.052576542
0
18.2944355
0
0
8.612638474
0
11.04076958
0
22.08153915
0
0
0
0
0
0
0
0
1.346064925
0
0
0
0
2.363279104
0
0
0
2.120000362
0
0
0
0
0
0
0
0
0
0
0
0
5.33332634
0
0
0
0
0
4.701622963
0
3.909693003
0
0
0
0
1.266458392
0
0
0
0
0
0
0
2.056799412
0
0
0
0
0
0
0
0
0
3.523477554
0
0
0
0
0
4.007809162
0
-0.4
7
0
0
0
0
3.058720589
0
0
0
0
0
0
0
1.866298199
0
0
0
1.032916427
0
1.032916427
3.098749638
2.894355536
0
0
0
0
0
0
0
0
0
0
0
0
2.269266367
0
0
0
0
0
0
0
0
0
0
0
0
0
0
3.929179907
10.07581711
2.528680086
4.590470791
0
0
4.590470791
4.590470791
0
0
0
0
0
0
0
0
0
0
0
0
0
0
0
0
0
0
0
0
10.32681847
0
0
1.972478628
1.972478628
0
0
0
0
0
0
1.476419926
5.645134926
15.80637836
0
13.0734663
0
0
0
0
10.08355141
7.562663555
0
5.762029648
3.170171261
3.170171261
6.340342522
6.340342522
15.85085678
16.67282867
4.168207169
0
8.336414337
4.168207169
2.488545179
6.880095959
30.15531158
14.12615585
0
0
0
3.024811268
7.940129757
2.646709919
0
11.91345501
0
13.61537743
0
0
0
3.040174723
0
3.040174723
0
0
9.996801376
8.957707405
0
0
10.9809103
0
0
0
3.250023842
0
0
0
0
0
11.00564575
5.502822876
0
5.502822876
0
6.406357765
0
12.81271553
0
0
0
0
0
0
0
9.883225441
9.883225441
19.76645088
9.883225441
0
12.29581642
0
0
12.29581642
12.29581642
0
0
0
20.68848038
0
38.59558487
0
0
0
0
14.48727322
0
0
0
0
11.49764729
11.49764729
34.49294281
11.49764729
0
0
0
13.88278675
0
6.073719025
0
0
8.08039093
0
0
0
0
0
0
13.5690918
19.72948837
0
0
0
0
0
0
0
0
0
8.762335777
0
0
0
7.642978191
0
0
0
0
0
0
5.731559277
5.731559277
5.731559277
0
0
0
0
0
0
0
0
6.930183887
13.86036777
0
0
13.86036777
8.745182037
0
0
8.745182037
8.745182037
0
39.31261444
19.65630722
0
0
9.804095268
9.804095268
9.804095268
0
0
0
0
11.02009964
22.04019928
0
0
0
0
10.90216732
10.90216732
9.152205467
0
0
18.30441093
9.152205467
7.685275555
0
7.685275555
7.685275555
0
15.33346558
7.666732788
7.666732788
0
0
8.678359985
8.678359985
0
17.35671997
0
13.35617352
0
0
0
0
0
0
0
13.28392029
6.641960144
0
17.89314651
0
0
0
0
0
0
0
0
0
0
0
0
4.950336933
0
0
0
9.246020317
9.246020317
0
4.21056509
4.21056509
0
4.21056509
8.42113018
3.567671299
3.567671299
0
0
0
0
8.416006088
0
0
0
2.189953566
2.189953566
2.189953566
0
0
2.605597734
2.605597734
2.605597734
0
0
0
3.731303453
7.462606907
0
0
10.09661865
8.834540367
0
0
0
0
0
6.674953461
6.674953461
0
0
0
0
0
0
0
-0.4
7
0
0
0
0
0
0
0
0
0
0
0
0
0
0
0
0
0
0
0
1.400167823
0
0
0
0
0
0
0
5.438406467
2.719203234
0
0
0
0
0
0
5.759919167
0
0
0
0
7.06278944
13.24876881
4.416256428
0
0
0
0
3.381814718
3.381814718
3.381814718
3.381814718
0
0
0
9.559763908
4.779881954
5.936076164
2.968038082
2.968038082
5.749742508
5.749742508
0
0
5.749742508
3.142235756
6.284471512
6.284471512
3.142235756
6.284471512
4.687703609
4.687703609
0
0
9.375407219
11.74709034
7.709028244
0
2.569675922
2.569675922
5.647647381
8.471470833
5.647647381
2.82382369
2.82382369
7.1324296
0
0
7.1324296
3.5662148
3.5662148
6.124194145
15.99095249
1.096306443
18.63721275
8.959468842
8.401226997
4.800701141
8.401226997
4.200613499
12.60184002
0
0
14.12919617
16.14765358
0
0
0
0
0
11.02134991
0
0
0
0
0
0
0
18.55537605
0
12.3702507
0
0
6.814894676
5.963032722
11.92606544
4.240850925
0
0
4.846687317
12.72255325
0
9.223258018
18.44651604
0
0
23.75985527
7.919951916
18.10274887
7.919951916
0
0
10.43641281
5.218206406
15.65461922
10.43641281
9.299387932
0
18.59877586
9.299387932
0
0
12.16296387
6.081481934
12.16296387
0
6.081481934
0
0
8.790475845
8.790475845
0
0
16.08448792
16.08448792
0
16.08448792
0
9.939306259
9.939306259
0
19.87861252
0
30.83511543
15.41755772
0
0
0
19.69084167
6.563613892
0
0
11.21823883
33.65471649
0
11.21823883
11.21823883
0
0
0
16.91116524
0
0
5.441806316
12.43841553
0
10.88361263
0
0
0
0
0
0
0
0
0
23.36395264
0
0
0
0
0
0
0
0
12.16794586
0
13.90622425
18.95623016
0
0
0
0
0
0
0
24.56450844
0
0
0
17.08716393
0
17.08716393
0
0
0
0
15.2242136
0
0
0
0
18.440979
0
0
27.93915176
9.313051224
0
0
12.97662449
12.97662449
0
12.97662449
0
0
23.53119087
0
23.53119087
0
0
0
0
0
0
0
0
0
13.04185867
0
12.72802639
0
12.72802639
12.72802639
25.45605278
0
23.74336624
0
0
0
0
39.41201019
39.41201019
9.853002548
0
0
10.21373844
0
0
10.21373844
0
0
0
15.54290485
15.54290485
0
0
0
18.04258728
0
0
0
0
0
19.29774666
0
0
0
0
5.320188522
5.320188522
0
0
0
0
0
0
0
0
0
0
0
0
8.741192818
0
0
0
0
0
0
0
0
4.328501225
0
4.328501225
0
0
11.62248898
0
0
0
0
0
0
0
0
0
0
0
0
0
0
0
0
0
0
0
0
0
0
0
0
0
0
0
0
0
-0.4
7
0
0
0
0
0
0
0
0
0
0
0
0
0
0
0
0
0
0
0
0
0
0
0
0
0
0
0
0
0
0
0
0
0
0
0
0
2.298952818
0
0
0
4.597905636
2.87387991
0
0
0
0
0
0
0
0
0
0
0
0
0
0
0
0
0
0
5.056071758
5.056071758
0
0
5.056071758
0
4.473763466
0
3.089027166
1.491254687
0
0
0
0
0
0
0
0
0
0
7.527078152
0
0
0
8.191232681
3.555577993
3.555577993
7.111155987
3.555577993
0
0
0
7.332706928
6.416118145
9.624177933
3.666353464
3.818783998
13.09297371
4.36432457
7.637567997
3.818783998
4.70764637
0
2.353823185
0
0
7.190937519
18.87621117
0
0
0
2.805288553
0
2.805288553
2.805288553
0
0
0
5.064258575
5.064258575
4.431225777
0
0
0
0
0
0
20.44904518
15.20569992
0
0
0
8.287063599
0
8.287063599
0
0
5.089436531
11.63299847
10.17887306
25.4471817
18.41658974
4.604147434
4.604147434
0
5.261883259
16.89845467
8.449227333
0
0
0
0
18.42529869
9.212649345
9.212649345
0
9.212649345
0
16.97120094
0
33.94240189
0
0
0
0
0
0
14.34980202
0
14.34980202
0
0
0
0
0
0
0
0
0
0
0
0
0
13.52183342
13.52183342
0
0
0
13.51316166
0
0
0
0
7.29088974
0
6.614718437
0
0
23.03328323
0
0
19.681427
0
0
0
0
0
0
0
0
0
0
0
0
0
0
0
0
0
0
0
0
0
0
0
0
0
0
0
0
0
0
0
0
0
0
0
0
42.03646469
0
0
0
0
0
0
0
0
0
0
0
0
7.235965252
7.235965252
0
0
0
46.37185287
0
0
0
11.8371067
11.8371067
0
11.8371067
27.38116646
27.38116646
0
0
0
0
0
7.201916695
33.91641235
34.80335236
0
5.476214886
0
5.476214886
5.476214886
0
7.970889091
0
7.970889091
0
14.49929333
4.833097935
0
0
0
9.979048729
9.979048729
0
19.95809746
9.979048729
14.58489132
7.29244566
0
0
0
0
0
0
8.661452293
0
0
0
0
0
0
4.964575768
4.683166981
0
4.683166981
4.683166981
4.683166981
5.699068069
0
0
0
0
0
0
0
6.476938725
0
0
0
0
0
0
0
0
0
0
0
0
0
0
0
0
0
0
0
0
8.400780678
11.33176517
0
0
0
0
0
0
0
0
0
0
0
0
0
0
0
0
0
0
0
0
-0.4
7
0
0
0
0
0
0
0
0
0
0
0
0
0
0
0
0
0
0
0
0
0
0
0
0
0
0
0
0
0
0
0
0
2.766531467
2.766531467
0
2.766531467
0
0
0
0
0
0
0
3.79373455
3.79373455
1.896867275
0
0
0
0
0
0
0
0
0
0
0
0
4.013949871
9.060397148
3.020132542
0
0
0
3.616574049
0
3.616574049
3.164502144
6.329004288
0
8.044585228
8.044585228
4.596906185
8.044585228
0
0
4.674620152
9.349240303
0
0
0
0
0
0
3.155027151
9.465083122
9.465083122
3.605745554
3.605745554
7.211491108
4.972760201
4.972760201
2.4863801
4.972760201
7.459141254
3.560384512
7.120769024
0
1.780192256
1.780192256
0
12.13166142
0
4.962952137
9.742091179
2.021603346
0
0.869289577
24.27945709
0
0.539422989
0.921514273
14.99146366
0.539422989
0.337139368
5.61698246
7.546294689
3.199237823
0
0
0
13.33219624
15.23679543
8.888130188
0
4.465300083
0
7.814274788
3.907137394
7.814274788
0
6.064545155
0
0
0
3.435022116
0
3.435022116
5.152532578
0
0
0
6.488898754
6.488898754
3.244449377
3.259958982
0
15.00705147
0
6.800949574
7.081979752
17.76030731
10.14874744
0
0
17.76030731
8.782708168
0
8.782708168
8.782708168
26.34812355
0
0
0
0
16.71692657
0
7.076181412
0
0
0
20.16343689
0
0
0
0
0
9.33158493
9.33158493
9.33158493
9.33158493
10.82706928
21.65413857
0
10.82706928
0
0
0
10.5614748
0
0
0
0
0
0
0
5.415854454
0
0
0
0
0
0
0
0.606863737
1.561586976
3.215241194
3.864327192
2.65672493
2.686914921
4.603983879
2.837865353
0
7.2135849
7.2135849
0
0
0
0
0
0
0
0
0
0
0
0
21.21554184
0
0
0
0
0
0
0
14.75396061
14.75396061
0
0
13.19898796
0
13.19898796
0
0
6.393832207
0
12.78766441
6.393832207
0
16.92765808
0
14.81169987
7.405849934
0
0
6.473670483
6.473670483
6.473670483
21.74942589
0
10.87471294
0
21.74942589
15.18148232
0
15.18148232
0
0
22.08319855
0
11.04159927
11.04159927
11.04159927
0
0
0
22.76696968
0
0
10.61785316
10.61785316
5.308926582
10.61785316
0
0
0
0
0
2.219507933
3.543645859
0
0
1.89162612
10.40126991
10.40126991
20.80253983
0
0
8.83804512
17.67609024
0
0
0
0
2.169296265
0
0
0
0
0
3.068804026
0
0
0
0
0
2.022354841
2.022354841
4.044709682
0
0
9.325890541
4.662945271
0
0
0
0
4.201454639
0
0
25.02252769
0
6.255631924
6.255631924
12.30136108
12.30136108
0
0
0
0
0
0
0
0
0
0
0
0
0
0
0
0
0
0
0
0
0
0
0
0
0
0
0
0
0
-0.4
7
0
0
0
0
0
0
0
0
0
3.51097703
2.100611925
2.100611925
0
0
0
0
0
0
0
0
0
0
0
0
0
0
0
0
0
0
0
0
0
0
0
0
0
0
0
0
0
5.371902943
0
0
0
0
0
0
0
5.643779755
0
0
0
0
0
0
0
0
3.924495459
0
0
0
7.080188751
7.080188751
0
0
0
10.34645939
3.448819876
10.99403954
0
5.497019768
5.497019768
0
2.457122803
0
2.457122803
2.808140516
2.457122803
3.331107378
0
0
3.331107378
0
8.931213379
0
0
0
0
0
11.01648808
18.00455666
7.152495384
12.24967575
0
0
0
9.081686974
0
0
0
3.538852453
0
0
1.98175776
15.08057785
4.957997799
0
0
0
2.844189167
0
3.223414421
7.394890785
11.56636906
3.586401939
6.276202679
0
0
9.414304733
10.53790379
15.80685616
5.268951893
10.53790379
10.53790379
3.328794479
6.657588959
0
3.328794479
0
4.930984974
5.635411739
9.861969948
4.930984974
0
0
0
0
0
3.654393435
5.336334705
16.00900459
0
0
16.00900459
0
6.567475796
0
13.13495159
0
0
0
0
9.775305748
0
22.34355545
0
0
0
28.57329941
0
0
0
0
0
0
0
18.2021637
0
0
0
0
0
0
0
28.08693504
0
22.80962753
0
0
0
0
0
0
7.348379612
7.348379612
0
0
0
15.6212368
5.207078934
0
0
17.72476006
0
0
0
12.34693813
0
0
0
0
0
10.53898907
0
0
0
0
0
18.42349052
0
0
0
0
0
0
0
0
0
0
0
0
0
0
0
0
0
0
0
0
10.17482758
10.17482758
0
10.85510635
10.85510635
10.85510635
0
0
14.02666759
0
0
0
0
16.98630714
33.97261429
33.97261429
0
0
0
0
0
0
0
0
0
0
0
0
0
0
0
0
24.45587921
0
17.98036957
8.990184784
8.990184784
0
0
16.24148178
8.120740891
8.120740891
8.120740891
4.324890614
12.97467232
4.324890614
8.649781227
4.324890614
0
5.486645699
5.486645699
5.486645699
5.486645699
11.14324284
11.14324284
11.14324284
11.14324284
12.73513412
0
8.627756119
8.627756119
25.88327026
17.25551224
5.566215515
0
0
5.566215515
0
26.58042908
0
0
8.860142708
0
0
0
0
7.216152668
0
3.608076334
6.108325481
3.054162741
0
0
0
0
0
0
0
0
0
3.297741652
3.297741652
0
6.595483303
0
0
0
0
0
0
0
0
0
0
0
0
0
0
0
2.084520817
0
0
0
0
0
0
0
0
0
0
0
0
0
0
0
0
0
0
0
0
0
0
3.088002682
0
0
-0.4
7
0
3.756643057
0
0
0
0
0
0
0
0
0
0
0
0
0
0
0
0
0
0
0
0
2.158603668
0
0
0
0
0
0
0
0
0
0
0
0
0
0
0
0
0
0
0
0
0
0
0
0
0
0
0
0
0
0
0
0
0
0
4.968485355
5.678269863
2.622778416
2.622778416
7.868335247
5.245556831
2.622778416
8.385121346
12.5776825
8.385121346
8.385121346
0
3.518898726
0
4.021598816
10.55669689
16.08639526
0
4.764407158
8.167554855
2.382203579
0
0
0
4.228041649
4.228041649
0
0
0
5.376550674
2.688275337
0
8.064826012
5.372555733
4.377637863
3.58170414
2.984753132
5.173572063
2.130509615
2.130509615
6.391529083
2.130509615
2.434868336
2.278002262
4.556004524
5.20686245
2.278002262
2.603431225
3.668381453
19.05312347
12.65217113
3.069461823
0
0
0
2.19780159
41.86811829
1.208790898
4.866495609
0
9.732991219
14.59948826
4.866495609
17.68228722
17.68228722
0
0
0
3.914920092
0
3.914920092
3.914920092
0
17.62214851
0
0
10.06980038
8.811074257
3.290633678
0
3.290633678
0
0
0
6.715136051
17.6272316
17.6272316
0
8.851273537
4.425636768
0
4.425636768
4.425636768
0
0
6.994053841
6.994053841
0
13.98810768
23.83921242
9.081604958
31.78561592
0
0
0
0
8.928486824
0
17.85697365
8.200809479
16.40161896
0
16.40161896
0
0
0
0
25.46954918
16.97969818
0
9.217305183
0
0
9.217305183
10.08836174
20.17672348
11.52955627
20.17672348
0
0
0
0
0
5.699794769
0
0
12.34883022
0
0
0
0
0
0
21.61753464
19.34922218
9.674611092
0
0
0
0
0
0
0
5.993589878
11.98717976
5.076160431
0
0
20.30464172
0
0
0
11.20091248
0
0
4.04982233
0
3.687152147
0
5.186190605
4.344078541
17.37631416
4.344078541
0
17.37631416
0
0
18.88626671
28.32939911
28.32939911
20.81636238
0
0
10.40818119
10.40818119
0
20.91222382
0
0
10.45611191
10.45611191
12.76954174
0
12.76954174
0
0
21.88059235
32.82088852
0
0
10.94029617
23.40081024
0
0
0
15.60054016
13.50407505
0
13.50407505
0
0
0
0
10.77910805
10.77910805
0
0
0
0
0
0
8.831782341
8.831782341
0
0
0
0
5.292700291
5.292700291
5.292700291
5.292700291
0
0
0
8.463833809
0
9.91254425
0
0
9.91254425
19.8250885
0
0
8.878261566
17.75652313
0
0
15.09443283
0
0
0
5.031477451
0
10.42496395
5.212481976
0
0
0
0
0
4.493869781
0
0
0
0
0
0
0
0
0
0
0
0
0
0
0
0
0
2.623196602
2.623196602
0
0
4.995793819
0
4.995793819
0
4.995793819
5.250777245
2.625388622
0
0
0
0
0
0
0
0
0
0
7.066634655
0
0
0
0
0
0
0
0
-0.4
7
0
0
0
0
0
0
2.974197865
0
0
0
0
0
0
0
0
0
0
0
0
0
3.525610447
0
0
0
0
6.13486433
0
0
0
0
0
0
2.474475622
4.948951244
4.948951244
0
0
0
7.449134827
3.724567413
7.449134827
3.511345148
7.022690296
4.012966156
0
3.511345148
4.495116234
0
3.933226585
0
0
0
0
0
0
0
2.278667688
0
5.20838356
2.278667688
3.763558149
0
0
7.527116299
7.527116299
3.288733244
0
3.288733244
6.577466488
7.517105103
0
0
13.54886246
9.032575607
13.54886246
0
0
0
0
5.38015461
4.759489536
4.759489536
2.379744768
2.379744768
0
0
0
0
0
0
0
0
5.935198784
5.935198784
0
11.87039757
0
0
0
6.869499207
10.30424881
10.28625488
9.000472069
0
0
13.50070763
7.988350868
11.98252487
0
0
3.994175434
0
3.0920012
3.0920012
0
3.0920012
0
7.837226391
0
3.918613195
3.918613195
0
0
8.313710213
10.19961739
3.158895731
0
0
0
5.43754673
12.42867947
0
0
0
7.681863308
15.36372662
2.724573135
0
0
0
8.173719406
4.808311939
14.42493629
0
0
0
4.102258682
20.51129341
8.204517365
14.06488705
8.204517365
0
0
0
20.90666389
10.45333195
10.45333195
0
26.94378471
0
8.981261253
26.94378471
21.48669243
21.48669243
10.74334621
0
0
0
0
0
0
0
0
0
15.40023232
0
0
0
31.21135712
0
20.80757332
0
0
7.205842018
7.205842018
14.41168404
0
0
0
0
16.86132622
0
10.67430115
21.34860229
21.34860229
21.34860229
0
0
14.46015644
0
0
0
0
0
0
0
0
8.776622772
0
0
0
0
0
0
0
25.5134182
12.7567091
0
0
0
0
0
0
0
0
8.30604744
0
0
0
9.348973274
0
0
9.348973274
6.821262836
0
0
6.821262836
0
0
0
0
0
9.100379944
36.40151978
0
0
0
0
0
0
0
33.413414
0
11.13780499
0
0
0
0
0
0
0
0
0
0
0
0
0
0
20.89713097
11.11111546
0
33.33334351
0
0
0
13.7220974
6.861048698
6.861048698
0
5.086287975
10.17257595
0
5.086287975
5.086287975
0
0
19.29813194
0
0
15.62387276
7.811936378
0
0
7.811936378
8.771103859
0
8.771103859
0
0
10.0942297
10.0942297
0
0
0
0
0
0
0
0
0
0
0
0
0
0
0
0
0
0
0
0
0
0
0
0
0
0
0
0
0
0
0
0
14.74856091
0
7.787757874
3.893878937
0
7.787757874
0
0
0
0
4.652705193
0
0
0
0
0
0
0
0
0
0
0
0
0
0
0
6.350793362
0
0
0
0
0
0
-0.4
7
0
0
0
0
0
0
0
0
0
2.303049326
1.605651617
0
1.605651617
0.917515278
1.605651617
2.81101346
0
0
0
1.40550673
2.117323875
0
0
0
0
0
0
0
0
0
0
0
0
0
0
0
0
0
0
0
0
0
0
0
0
0
0
0
0
0
0
0
0
0
0
0
0
6.804638386
3.402319193
2.113459826
8.453839302
0
0
0
0
0
0
0
0
0
4.799900532
0
2.399950266
0
0
0
0
0
2.015317202
3.256673813
14.8876524
13.02669525
0
0
12.99948978
0
0
0
7.799693108
2.599897861
0
3.334144831
13.33657932
13.33657932
0
0
3.464599609
3.464599609
0
0
12.30318832
21.53057861
0
6.151594162
5.382644653
12.46235085
0
4.154116631
4.747562408
8.308233261
4.057308674
4.057308674
0
4.057308674
4.057308674
1.944583058
2.865701199
13.50973511
10.13230228
5.066151142
12.03621578
18.0543232
6.018107891
0
0
0
8.640365601
0
0
0
0
4.673284531
8.178247452
0
0
0
0
11.26731873
0
11.26731873
5.889168262
17.66750526
0
0
0
7.227544308
8.26004982
0
7.227544308
0
7.227544308
25.30141068
9.638632774
25.30141068
0
16.86760712
0
0
0
9.765608788
0
20.64354515
0
0
20.64354515
0
0
0
0
22.72429276
0
0
5.351689339
16.05506897
0
0
0
0
0
16.67738342
0
0
0
0
0
0
0
0
0
0
0
0
29.54637718
0
0
29.54637718
0
0
0
0
0
0
0
13.92755795
13.92755795
0
0
0
0
0
0
0
0
17.46540642
0
0
0
0
0
0
0
0
0
0
0
0
15.7935257
0
0
0
0
0
0
0
0
16.07201195
0
0
0
17.54163551
0
0
0
0
0
0
0
11.57800102
6.277228355
6.277228355
6.277228355
0
6.277228355
12.51039791
0
18.76559639
6.255198956
0
13.2080822
26.4161644
26.4161644
0
0
0
0
6.577163696
7.516758919
6.577163696
5.456292152
5.456292152
5.456292152
0
0
0
0
7.662094116
15.32418823
15.32418823
7.424458504
3.712229252
7.424458504
0
7.424458504
0
0
5.104660988
10.20932198
0
0
7.883932114
7.883932114
0
0
5.487528801
0
5.487528801
0
0
7.730380058
15.46076012
0
0
15.46076012
7.730380058
8.366076469
0
0
0
0
0
0
8.894885063
0
0
0
0
0
0
0
0
0
0
0
0
0
0
0
0
0
6.469279766
0
6.469279766
12.93855953
0
2.976955414
0
0
0
0
0
2.043353796
0
2.043353796
6.130061626
7.864917278
3.932458639
0
0
0
0
0
0
0
0
0
0
0
0
0
0
0
0
0
0
0
-0.4
7
0
0
0
0
5.932340622
0
0
0
0
0
0
0
0
0
0
0
0
0
0
0
0
0
0
0
0
0
0
0
0
14.33462143
0
8.290743828
0
0
0
0
0
0
0
0
3.576299429
3.358744144
6.717488289
0
0
0
0
0
0
0
0
0
0
0
0
0
0
0
0
0
2.545766354
5.091532707
0
0
0
0
0
0
0
0
0
3.922184467
3.922184467
3.922184467
0
0
0
0
3.071602345
0
0
0
0
0
0
0
0
0
5.356609344
5.356609344
3.623833656
3.17085433
3.17085433
3.17085433
10.87150002
0
3.859575748
3.859575748
15.43830299
7.719151497
2.356540203
4.713080406
2.356540203
5.386377811
2.356540203
0
3.423668861
0
17.11834526
0
17.6744442
10.09968281
8.837222099
0
0
0
15.45238209
5.150794029
5.886621952
15.45238209
12.17450428
12.17450428
0
6.956860065
0
8.060983658
14.2658205
10.97778797
0
4.825984001
7.111967087
0
0
0
0
8.40070343
0
8.40070343
9.600804329
9.600804329
0
0
14.7189188
0
0
0
0
4.825695992
0
14.47708988
4.825695992
30.61156273
11.98915386
17.88288879
12.19084072
5.33349371
0
0
0
0
0
0
12.99232578
0
12.99232578
0
0
0
24.89511299
0
0
25.8121109
6.453027725
0
0
0
0
0
0
24.16908073
0
0
13.92702484
0
0
0
0
22.13961029
11.06980515
11.06980515
0
11.15436363
0
0
0
0
0
0
0
0
22.37321281
0
0
0
0
0
0
0
0
0
0
0
0
0
0
0
0
0
0
0
0
0
28.66165924
0
9.553886414
0
0
0
0
19.4848423
0
0
0
0
7.722650051
0
0
0
0
0
0
0
9.813522339
0
0
0
0
0
0
0
0
18.06587029
0
12.91118336
0
0
12.91118336
0
0
0
0
31.84198189
0
21.00361443
0
0
0
0
23.20603752
7.73534584
0
15.47069168
0
0
0
0
15.75510979
9.002919197
0
0
0
0
0
8.921194077
17.84238815
0
0
0
0
2.362590313
40.49152374
14.56151104
0
0
9.629291534
22.00980949
0
0
0
0
0
0
0
0
0
0
0
0
0
4.92736721
0
0
0
0
0
0
0
0
0
0
0
0
4.061498165
0
0
6.829332829
0
0
0
4.61700201
4.61700201
0
2.308501005
0
0
0
0
0
0
0
0
6.553600311
0
0
0
3.31056881
0
0
0
0
0
0
0
0
0
0
0
0
0
0
0
3.404225588
3.404225588
3.404225588
0
-0.4
7
6.919154644
0
0
0
0
0
0
0
0
0
0
0
0
0
0
0
0
0
0
0
0
0
0
0
0
0
0
0
0
3.841992617
7.683985233
0
3.629383087
7.258766174
3.629383087
0
0
0
0
0
0
0
0
0
0
6.761114597
0
9.50624752
0
0
0
0
0
0
0
0
2.324398518
4.648797035
6.973195076
0
0
4.514215469
9.028430939
13.54264736
3.238270283
6.476540565
3.700880527
6.476540565
9.714811325
0
4.205048561
12.61514568
0
0
7.953120708
3.976560354
7.953120708
3.976560354
7.953120708
0
0
5.607907772
4.906919003
0
4.603550911
0
0
0
9.207101822
5.261201382
25.07833672
6.758589268
0
0
0
3.731849909
14.92739964
0
0
3.731849909
0
0
6.067755699
6.067755699
7.963929653
7.602908611
19.00727272
0
3.801454306
8.689038277
9.24753952
0
0
5.394397736
0
4.001366138
6.660168171
10.34563828
0
0
0
3.106752872
3.106752872
0
0
4.397322178
0
8.794644356
13.19196701
4.397322178
0
0
11.52074718
13.16656876
6.583284378
4.73542881
0
4.73542881
10.82383823
9.47085762
0
0
0
0
3.967959404
0
6.439013958
6.439013958
6.439013958
0
0
0
14.7102108
16.8116684
0
7.3551054
0
0
0
16.19779205
0
9.33443737
0
0
16.3352623
16.3352623
0
10.78890514
18.88058281
0
0
0
14.15121365
0
21.22681808
0
0
12.64812469
0
6.324062347
12.64812469
17.16981506
34.33963013
0
0
17.16981506
0
11.55054474
0
0
11.55054474
19.68462372
29.52693558
0
19.68462372
9.842311859
11.40952778
0
0
22.81905556
0
0
0
0
9.054079056
9.054079056
0
0
8.55629158
0
8.55629158
0
0
0
0
0
0
0
0
0
0
0
8.623915672
0
0
0
0
0
34.2285614
19.5591774
0
17.1142807
0
27.35898209
0
0
9.119660378
23.54106331
0
0
0
23.54106331
11.77053165
0
7.697556973
7.697556973
0
0
12.54150295
0
0
0
25.08300591
0
0
17.94006729
17.94006729
8.970033646
0
26.86649132
0
0
0
23.02431488
0
23.02431488
0
23.02431488
11.39011383
0
22.78022766
22.78022766
11.39011383
5.586567879
5.586567879
0
16.75970459
11.17313576
0
0
7.254514217
7.254514217
0
5.672790051
5.672790051
5.672790051
11.3455801
0
0
7.443766594
7.443766594
0
0
0
0
7.735272884
0
15.47054577
0
13.89731407
31.76528931
0
0
13.89731407
0
2.913839102
5.827678204
2.913839102
0
0
0
0
0
6.696318626
0
0
0
0
0
0
0
0
5.035934448
5.035934448
0
9.842737198
0
0
0
4.680613995
4.095537186
0
0
0
0
0
0
0
0
0
0
0
0
0
0
0
0
0
0
0
0
0
0
0
0
0
0
0
3.95347023
4.33013916
0
0
0
0
0
-0.4
7
0
4.046029091
0
0
0
0
0
0
0
0
0
0
1.30392921
1.30392921
0
0
0
0
0
1.425110102
0
0
0
0
0
2.461369038
0
0
0
0
0
0
0
0
0
0
0
0
0
0
0
0
0
0
0
0
0
0
0
0
0
7.531553745
0
0
0
0
0
0
0
0
0
0
0
0
0
0
0
0
0
0
0
0
0
0
0
16.39493561
0
10.92995644
16.39493561
16.39493561
0
0
5.690907478
0
5.690907478
7.653373241
7.653373241
15.30674648
0
7.653373241
0
5.379046917
2.689523458
0
5.379046917
8.068570137
0
0
0
0
0
13.28817463
0
0
2.657634974
2.657634974
0
4.916366577
4.916366577
0
9.832733154
4.235188007
16.94075203
0
0
0
3.625628948
3.625628948
7.251257896
7.251257896
7.251257896
14.40285015
0
0
9.601900101
4.80095005
3.354824543
6.709649086
3.354824543
6.709649086
6.709649086
3.881055355
0
3.881055355
7.76211071
7.76211071
0
9.59708786
0
0
0
8.159003258
4.079501629
8.159003258
8.159003258
0
14.42005062
0
0
0
0
7.210025311
16.20634842
5.402115822
5.402115822
0
10.80423164
9.129135132
0
0
18.25827026
0
0
14.42192459
7.210962296
7.210962296
0
36.51751709
0
9.129379272
9.129379272
18.25875854
0
9.951290131
0
0
4.975645065
6.538910389
0
0
0
13.07782078
0
0
13.3229351
0
0
30.27332306
15.13666153
0
15.13666153
0
0
0
6.844602585
13.68920517
0
0
0
0
0
0
0
0
0
0
0
0
0
0
0
0
0
56.91910553
0
0
0
0
0
0
6.19984436
6.19984436
0
0
0
0
0
0
0
0
0
0
0
0
0
16.81626892
0
0
10.64205837
10.64205837
0
0
0
0
0
0
0
0
9.909564018
7.441837788
0
7.441837788
0
29.76735115
10.22564507
0
5.112822533
0
10.22564507
0
20.54020119
10.27010059
10.27010059
10.27010059
0
6.31526947
0
6.31526947
12.63053894
0
7.791175842
7.791175842
0
0
11.84619141
5.923095703
5.923095703
5.923095703
0
10.62779713
21.25559425
0
0
0
0
4.11212635
0
8.224252701
0
6.319531441
12.63906288
12.63906288
0
0
0
4.526842117
0
9.053684235
0
0
11.21357059
11.21357059
11.21357059
0
11.21357059
4.475392818
0
0
4.475392818
0
0
0
0
0
0
0
0
0
0
7.706560612
0
0
0
4.46881628
0
6.655748844
0
0
0
0
0
0
0
0
0
0
0
0
0
0
0
0
0
0
0
11.3711195
0
0
0
0
0
0
0
0
0
0
0
0
0
0
0
0
0
0
0
0
-0.4
7
0
0
0
0
0
0
0
0
0
0
0
0
0
0
0
0
0
0
0
0
0
0
0
0
0
0
0
0
0
0
0
0
0
4.239328861
0
0
0
0
0
0
0
0
0
0
1.078806162
0
0
0
0
0
0
0
0
0
0.934031844
0
2.648176908
1.324088454
1.324088454
7.887442589
3.943721294
0
11.83116341
0
0
0
2.068613529
0
2.068613529
0
2.310390472
6.931171894
9.24156189
0
6.54346323
2.181154251
0
6.54346323
2.181154251
3.463602543
3.463602543
3.463602543
0
3.463602543
8.395215988
5.596810341
2.79840517
2.79840517
2.79840517
5.596810341
16.82238579
12.61678982
21.02798271
0
8.411192894
6.035616398
0
0
0
0
0
6.567793369
4.378529072
4.378529072
0
6.265273094
3.132636547
9.397910118
3.132636547
0
4.187312126
4.187312126
0
4.187312126
12.56193638
6.766322613
0
0
10.14948463
3.383161306
0
5.81832552
11.63665104
11.63665104
0
0
0
0
17.39382362
0
0
3.872491598
7.744983196
7.744983196
15.48996639
0
0
0
0
13.26307011
0
0
0
12.73188686
6.365943432
0
14.04497433
7.022487164
7.022487164
7.022487164
14.04497433
0
8.676433563
0
0
17.35286713
0
0
8.12745285
8.12745285
0
0
0
13.67619514
0
0
0
0
15.3828516
0
0
0
8.606527328
34.42610931
8.606527328
0
0
29.70895386
14.85447693
0
0
0
9.453612328
9.453612328
0
0
0
5.784675121
0
0
0
15.7633028
0
0
0
7.881651402
0
0
0
0
0
9.796835899
4.89841795
0
0
0
0
0
0
0
0
0
0
0
0
0
0
0
0
0
0
0
0
0
0
0
0
0
0
0
0
0
0
0
0
0
0
0
0
28.13369179
0
0
0
0
0
0
0
0
0
0
20.99525642
10.49762821
0
0
23.6082058
11.8041029
0
0
0
21.93049049
10.96524525
0
0
9.878816605
9.878816605
9.878816605
0
29.63644981
0
18.06066132
0
0
10.3203783
0
0
0
12.44734383
0
0
0
0
0
0
0
0
0
0
9.44264698
0
14.41861916
7.209309578
0
0
0
9.522544861
0
9.522544861
0
0
0
0
0
0
0
0
0
0
0
0
4.870224476
0
0
0
4.870224476
12.9803524
0
0
0
0
0
0
0
0
0
3.300930977
0
0
0
3.300930977
6.422280312
0
0
0
0
4.168064594
2.084032297
2.084032297
0
0
0
0
0
0
0
1.284935236
0
0
0
0
0
0
0
0
1.597205997
0
0
0
0
0
0
0
0
3.445039034
0
0
-0.4
7
0
0
0
0
0
0
6.766663074
0
0
0
2.780959368
0
0
0
0
0
0
0
0
0
0
0
0
4.077102184
0
0
0
0
0
0
0
0
0
0
0
0
0
0
0
0
0
0
0
0
0
0
0
0
0
0
0
0
0
5.439730644
2.719865322
2.719865322
3.893730164
0
0
0
5.001369953
1.667123318
0
0
5.360590458
2.680295229
8.040885925
0
8.040885925
0
0
4.507407665
0
4.507407665
5.455811501
5.455811501
5.455811501
5.455811501
0
0
3.506531477
1.753265738
0
1.753265738
0
6.037969589
6.037969589
9.056954384
0
3.018984795
0
0
5.32067728
5.32067728
0
4.785265923
19.14106369
14.35579777
14.35579777
4.785265923
8.284784317
0
8.284784317
0
8.284784317
6.841825485
0
0
20.52547646
0
0
0
2.085247755
2.085247755
0
6.840330124
6.840330124
0
3.420165062
10.26049519
11.42290115
11.42290115
7.615267754
3.807633877
0
20.68385124
5.170962811
5.170962811
15.51288891
0
9.79301548
4.89650774
0
14.6895237
0
6.254258156
12.50851631
6.254258156
12.50851631
0
0
10.21522141
5.107610703
0
0
4.167654991
12.50296593
12.50296593
0
4.167654991
0
0
8.047421455
16.09484291
8.047421455
0
38.21477127
0
0
15.28590965
15.28590965
0
0
19.62019157
11.21153831
0
14.95436764
0
0
29.90873528
0
12.24046898
0
0
6.120234489
0
0
47.39001846
0
0
0
0
22.18347168
9.70526886
9.70526886
19.41053772
0
0
13.86567307
0
0
0
15.18512344
0
0
7.592561722
10.18815041
10.18815041
0
0
0
0
7.432279587
14.86455917
0
0
0
0
9.578167915
0
0
9.578167915
0
0
0
0
26.29278946
0
0
0
23.27507019
0
0
0
16.06625938
0
0
0
0
0
8.523209572
0
7.148409367
0
0
0
7.148409367
0
0
0
0
0
0
0
7.889663696
7.889663696
15.77932739
0
29.13187408
0
14.56593704
0
0
0
0
0
0
0
0
0
0
0
0
12.76371956
0
12.76371956
14.58710861
0
0
0
0
0
0
0
10.5479393
0
0
0
0
0
6.610122204
13.22024441
0
0
4.54622364
0
13.63867092
9.092447281
0
23.43846893
11.71923447
11.71923447
0
8.550831795
17.10166359
8.550831795
0
17.10166359
0
8.884190559
17.76838112
0
0
0
0
0
4.359344006
4.359344006
13.07803154
4.057383537
0
3.550210714
3.550210714
7.100421429
0
0
0
3.182820797
0
8.673098564
0
0
0
0
0
0
0
0
4.516827583
0
0
0
0
0
0
0
0
4.491137505
8.982275009
2.347261906
0
0
4.694523811
0
0
0
0
0
0
0
0
0
0
0
0
0
0
0
0
0
0
0
0
0
0
-0.4
7
0
0
0
0
0
0
0
0
0
0
0
0
0
0
0
0
0
0
0
0
0
0
8.545357704
2.848452806
0
0
0
0
0
0
0
0
0
0
0
0
0
0
0
0
8.328642845
3.905061007
0
0
5.857591629
1.952530503
4.442089081
6.663133621
0
0
0
5.839491367
0
5.839491367
0
2.919745684
5.606827259
0
0
2.406116486
0
2.406116486
0
0
0
0
0
6.04154253
0
2.752662182
0
0
0
0
0
0
2.459429741
5.621554375
2.459429741
0
0
0
0
4.320459843
0
7.201388836
0
7.201388836
7.201388836
0
3.294210196
3.294210196
9.882631302
0
3.294210196
7.356041431
7.356041431
7.356041431
0
0
11.81061268
7.873742104
0
4.499281406
19.68435478
0
0
4.009184361
8.018368721
8.018368721
0
0
0
0
0
0
14.70106316
0
7.350531578
0
0
0
0
0
9.929001808
0
0
0
0
0
15.98161888
7.990809441
0
0
0
4.050323009
8.100646019
0
4.050323009
0
0
0
2.894247055
5.78849411
5.78849411
0
3.162760019
9.488280296
6.325520039
0
6.325520039
11.7235899
15.63145256
3.90786314
3.90786314
7.81572628
12.59941769
37.79825211
0
12.59941769
12.59941769
0
0
0
0
0
0
16.36629486
49.09888077
0
16.36629486
0
14.51611519
0
7.258057594
0
0
0
0
9.490693092
0
0
0
0
0
0
0
0
0
0
0
0
0
0
9.063490868
0
20.77569389
20.77569389
10.38784695
0
0
4.466441154
0
0
0
0
0
19.65163612
0
0
0
0
0
0
0
0
0
0
0
0
0
12.25683975
13.04959774
0
0
0
13.04959774
0
0
0
28.48034859
0
0
0
8.47154808
0
0
0
0
0
0
0
0
0
0
0
20.3454361
5.086359024
0
0
0
21.04185295
10.52092648
0
0
22.01974487
0
5.504936218
9.419166565
0
9.419166565
37.67666626
0
0
0
0
11.4323082
22.86461639
0
15.3151989
0
0
30.6303978
0
2.676720619
0
0
2.676720619
0
0
0
26.46872902
0
0
0
15.15332794
45.45998001
0
35.77898026
7.155796051
0
7.155796051
0
4.904385567
0
0
0
0
0
0
8.702350616
8.702350616
0
8.702350616
0
0
3.831490755
0
3.831490755
4.89401865
0
0
4.89401865
4.89401865
4.847616196
4.847616196
4.847616196
4.847616196
0
0
0
8.155244827
8.155244827
0
0
0
0
6.347156048
0
0
0
0
1.663813472
1.663813472
0
4.033881187
4.033881187
2.016940594
0
0
0
0
0
0
0
0
9.79464817
4.897324085
0
0
0
0
0
0
0
0
0
0
0
0
0
0
0
0
0
-0.4
7
0
0
0
0
0
0
0
0
0
0
0
0
0
0
0
0
0
0
0
0
3.449706316
3.449706316
3.449706316
0
0
0
0
0
0
0
0
3.804281235
3.804281235
0
0
0
0
0
0
0
0
0
0
0
3.7415061
7.483012199
4.865837097
0
0
0
4.865837097
0
0
0
0
0
5.219590187
5.219590187
5.219590187
7.829385281
6.128748417
0
12.25749683
0
0
0
0
0
0
0
0
0
0
0
5.135902882
17.94729805
0
0
0
0
5.014378548
7.521567822
5.014378548
0
5.014378548
0
0
2.224849463
4.449698925
6.674548149
6.674548149
7.20035696
4.800237656
4.800237656
4.800237656
4.800237656
7.633294106
3.816647053
7.633294106
0
0
0
3.216535807
3.216535807
0
3.216535807
0
0
4.319985867
2.159992933
0
0
6.248297691
3.124148846
0
0
0
15.38186264
9.229118347
6.152745724
3.076372862
3.073596954
0
0
0
0
13.87696552
0
3.469241381
0
0
14.23599148
0
0
14.23599148
7.117995739
0
0
0
8.624233246
4.312116623
0
4.373118877
13.11935806
0
4.373118877
18.50199127
0
0
4.625497818
4.625497818
18.50199127
0
0
11.77601719
23.55203438
0
0
11.49528885
0
11.49528885
0
0
0
8.307445526
16.61489105
0
0
0
0
0
0
0
0
0
0
0
0
0
10.91590691
0
10.91590691
0
0
0
0
0
33.49651718
0
0
33.49651718
11.16550541
0
7.539166451
0
7.539166451
7.539166451
0
12.10490799
0
0
0
0
0
0
0
0
0
0
0
0
0
22.99215889
0
9.48213768
0
0
0
0
0
9.551255226
0
0
0
0
0
30.75431252
0
0
0
0
0
0
0
0
0
0
0
0
0
0
8.770379066
17.54075813
8.770379066
10.29988861
0
10.29988861
0
0
6.729247093
6.729247093
0
0
0
13.66485786
0
13.66485786
13.66485786
0
11.88955975
0
0
23.77911949
11.88955975
5.335530281
0
0
4.668589115
0
19.8650341
0
9.932517052
19.8650341
0
9.338410378
0
18.67682076
9.338410378
9.338410378
0
0
6.287853718
12.57570744
12.57570744
16.39931107
0
0
0
0
0
0
0
0
12.50482559
0
0
8.864622116
0
0
0
0
0
18.65855598
0
9.329277992
0
0
6.452111721
0
0
0
6.722671509
0
0
0
0
0
0
0
0
6.840658188
0
6.840658188
6.840658188
0
5.023008347
0
0
0
5.023008347
7.696047306
0
0
0
0
0
0
0
0
0
0
0
3.699323654
0
0
4.768959045
9.537918091
4.768959045
0
0
0
0
0
0
0
0
7.725131035
0
0
7.725131035
0
3.530153513
3.530153513
0
3.530153513
3.530153513
-0.4
7
0
0
0
0
0
0
0
0
0
0
0
0
0
0
0
0
0
0
0
0
0
0
0
0
0
0
0
3.285659313
4.928489208
0
0
0
0
4.994558811
0
0
0
0
3.838274956
7.676549911
0
2.399173975
4.79834795
2.399173975
0
0
0
0
0
0
0
3.189049006
3.189049006
0
0
6.378098011
3.638504028
1.819252014
3.638504028
8.128460884
0
4.064230442
0
0
3.777899027
0
7.555798054
3.777899027
11.33369637
7.013362885
14.02672577
14.02672577
7.013362885
0
0
6.440798759
6.440798759
6.440798759
12.88159752
3.77689743
0
0
5.665346146
0
0
0
0
5.565087795
5.565087795
5.565087795
0
0
2.486905336
4.973810673
2.486905336
3.467192173
3.467192173
0
0
0
0
0
0
13.19740772
13.19740772
0
0
5.498250484
6.185531616
10.30921936
9.955753326
9.955753326
14.93362999
0
4.977876663
0
0
0
12.80680847
12.80680847
0
0
13.22409344
13.22409344
6.612046719
6.889210224
0
6.889210224
13.77842045
6.889210224
0
0
0
0
0
4.888483524
4.888483524
9.776967049
4.888483524
0
0
14.1631794
0
0
0
16.07852936
16.07852936
0
0
10.71901989
21.43803978
0
0
6.706296921
6.706296921
13.41259384
0
0
8.744805336
0
17.48961067
18.93268776
0
9.46634388
9.46634388
18.93268776
0
0
7.168747902
0
0
0
0
30.71361923
0
0
16.9998455
0
0
0
0
0
6.140646458
0
0
6.140646458
0
0
0
0
0
0
0
10.60121346
0
0
8.95462513
8.95462513
0
0
8.95462513
0
5.186767578
5.186767578
0
10.37353516
0
0
0
0
0
0
0
0
0
0
0
0
0
0
0
0
0
15.02491283
0
0
0
0
0
0
0
0
0
0
0
0
0
0
0
11.01686954
22.03373909
0
0
5.89754343
0
0
0
11.79508686
0
0
0
0
9.283279419
6.518819809
0
0
0
0
0
0
0
21.87070847
0
0
0
20.21371841
20.21371841
10.10685921
0
35.11920929
0
0
0
5.088624477
5.088624477
0
0
5.088624477
9.094239235
0
18.18847847
0
27.28272057
4.158191681
0
0
0
4.158191681
0
7.927984238
0
15.85596848
7.927984238
0
0
0
0
0
0
0
0
15.27677822
0
0
18.22484589
0
12.14989662
12.14989662
6.074948311
0
0
0
0
0
0
0
0
0
0
0
0
0
0
0
0
0
0
0
8.401256561
2.950504303
5.901008606
2.950504303
0
2.950504303
10.67917728
0
0
0
0
4.90959549
2.454797745
0
0
4.90959549
0
0
0
0
0
0
0
0
0
0
0
0
0
0
0
0
0
0
0
0
0
-0.4
7
0
2.229274035
0
0
0
0
3.326041222
0
0
0
0
0
0
1.602020621
1.602020621
0
0
1.002681732
0
0
0
0
0
0
0
1.920215964
0
3.840431929
3.840431929
3.840431929
0
0
0
0
0
0
2.14172101
0
2.14172101
0
2.14172101
3.006093025
0
0
3.006093025
3.006093025
4.909341335
1.636447072
3.272894144
1.636447072
0
1.883240581
1.883240581
1.883240581
0
0
1.588303328
0
1.588303328
9.965093613
0
4.982546806
4.982546806
4.982546806
8.684844017
4.342422009
8.684844017
13.0272665
0
0
0
0
3.305067778
3.305067778
0
0
0
4.731165409
9.462330818
6.66954422
6.66954422
0
0
0
0
5.340502739
2.670251369
0
2.670251369
5.340502739
0
10.74195766
3.580652237
7.161304474
3.580652237
2.6057024
0
0
2.6057024
0
0
3.150846243
3.150846243
6.301692486
0
5.04400444
2.52200222
5.04400444
5.04400444
0
0
0
0
6.891322136
6.891322136
0
5.885382652
11.7707653
11.7707653
5.885382652
0
4.060944557
8.121889114
4.060944557
0
13.38253975
8.921692848
8.921692848
0
13.38253975
6.943056583
0
13.88611317
6.943056583
13.88611317
27.37075424
0
9.123583794
13.68537712
9.123583794
7.477086544
0
7.477086544
0
7.477086544
0
0
8.318608284
0
8.318608284
0
0
0
22.39981461
0
0
0
0
25.46278191
25.46278191
0
7.865859032
0
0
0
23.59757614
0
0
6.372827053
0
19.11848068
0
11.05792999
11.05792999
11.05792999
11.05792999
0
0
0
7.400439262
0
0
0
0
0
24.33893204
0
0
0
0
0
0
0
0
21.32895088
0
0
0
0
0
0
0
0
0
0
0
0
0
22.56520844
0
11.28260422
22.56520844
25.86435699
25.86435699
12.9321785
0
0
0
0
0
0
0
0
0
0
0
8.397197723
0
0
4.241850376
0
0
0
0
0
0
0
19.96033096
9.980165482
0
0
0
0
21.32789803
0
21.32789803
0
0
8.029899597
16.05979919
8.029899597
0
8.029899597
0
14.28694534
0
4.762314796
14.28694534
0
0
9.565964699
0
0
0
31.6899395
0
0
15.84496975
0
14.64617443
0
0
7.323087215
0
0
0
0
0
0
0
0
25.40593147
12.70296574
21.86037636
0
10.93018818
0
5.46509409
6.704822063
0
6.704822063
33.52410889
0
0
11.68087769
0
0
0
0
0
0
13.60712147
0
0
0
6.248704433
0
6.248704433
0
2.971062422
0
2.971062422
0
0
0
0
0
0
0
0
0
0
0
0
0
0
0
0
0
0
0
0
0
0
4.199856758
8.399713516
0
0
0
0
0
0
0
0
0
0
0
0
0
0
0
0
0
0
0
0
0
0
0
0
0
0
0
0
0
-0.4
7
0
0
0
0
0
0
0
0
0
0
0
0
0
0
0
0
0
0
0
0
0
0
0
0
0
0
0
0
4.962174416
2.481087208
0
0
0
0
0
0
5.033408642
2.516704321
5.033408642
5.033408642
5.033408642
0
0
0
0
0
0
0
0
0
2.548228979
2.715239525
0
2.715239525
0
0
0
0
0
0
0
0
0
0
0
0
3.308490753
0
3.308490753
0
0
0
0
0
6.075678349
0
12.1513567
0
0
2.430369377
2.430369377
14.58221626
2.430369377
0
11.03893757
0
0
0
16.55840683
0
12.39318371
18.58977318
0
12.39318371
24.78636742
6.708910465
17.61088943
0
0
0
0
0
5.679920197
1.893306851
3.786613703
3.767556429
3.767556429
11.30266857
0
0
7.685684681
15.37136936
0
0
3.84284234
9.368041992
6.245361805
3.122680902
6.245361805
3.122680902
0
23.6600666
0
23.6600666
5.915016651
2.455659151
0
2.455659151
0
2.455659151
33.67548752
0
0
13.47019577
0
0
0
0
0
2.998726845
8.200013161
0
2.733337641
0
8.200013161
0
8.038030624
0
0
0
0
0
39.09357071
19.54678535
9.773392677
0
18.99090576
0
0
0
9.495452881
5.391858578
0
5.391858578
0
0
0
0
0
0
27.4713974
0
0
12.37375069
12.37375069
12.37375069
0
0
0
0
0
0
0
0
0
0
0
0
0
0
0
0
8.34126091
0
0
0
23.46439171
0
11.73219585
0
23.46439171
24.39278412
0
24.39278412
0
36.58917618
12.90054417
25.80108833
0
0
0
0
0
0
0
0
0
0
0
0
0
0
20.79030037
0
20.79030037
0
0
0
0
0
0
13.83084297
0
0
0
0
0
9.618566513
9.618566513
9.618566513
0
28.85569954
28.85569954
23.96216011
7.987387657
23.96216011
7.987387657
23.96216011
14.55259609
0
14.55259609
29.10519218
0
15.51948071
15.51948071
0
0
15.51948071
13.25134182
26.50268364
0
39.75402451
13.25134182
11.43423367
11.43423367
11.43423367
11.43423367
34.30270004
0
0
35.4256134
0
0
0
0
0
0
10.38452339
16.81625175
0
0
0
0
11.87216091
0
11.87216091
0
0
0
5.271553516
15.81466198
10.54310703
0
0
0
12.40318012
6.201590061
6.201590061
0
27.88250732
0
0
0
0
0
4.924778461
0
4.924778461
0
0
0
0
0
0
0
0
2.440099239
0
4.880198479
2.633730173
0
0
0
2.633730173
6.851005554
0
0
0
3.425502777
0
0
0
0
0
0
12.69141006
4.230470181
4.230470181
4.230470181
0
0
0
0
0
0
0
0
0
0
0
0
0
0
0
0
0
0
0
0
0
0
0
0
0
0
-0.4
7
0
0
0
0
0
0
0
0
0
0
0
0
0
0
0
0
0
0
0
0
0
0
0
0
0
0
0
0
0
0
0
0
0
0
0
0
0
0
3.358668327
3.358668327
0
0
0
0
0
0
0
0
0
0
0
0
0
0
0
1.87480557
0
1.438663006
1.438663006
1.438663006
0
7.25358963
2.417863131
7.25358963
2.417863131
4.497417927
1.499139309
1.499139309
1.499139309
2.998278618
5.278211117
7.917316914
2.639105558
0
0
3.733899832
3.733899832
5.600849628
1.866949916
0
5.878240585
5.878240585
5.878240585
5.878240585
0
8.190907478
0
4.095453739
4.095453739
0
12.28636169
5.192333698
5.192333698
5.192333698
0
5.192333698
4.055393696
8.110787392
0
0
4.055393696
0
0
8.199152946
8.199152946
0
0
12.31259155
0
0
0
0
9.41182518
18.82365036
0
0
0
9.683038712
9.683038712
0
0
0
0
9.985770226
0
9.985770226
0
0
3.595099926
0
3.595099926
8.549300194
4.274650097
21.37325096
0
0
6.114453316
0
9.17168045
9.17168045
6.114453316
8.944155693
4.472077847
0
13.41623402
17.88831139
0
0
25.17011833
16.78007889
0
8.390039444
0
0
16.93254471
0
0
0
0
0
9.970380783
9.970380783
0
0
36.92794037
9.231985092
0
0
13.4681015
0
0
0
0
0
0
44.08110428
0
0
17.44056129
17.44056129
17.44056129
26.16084099
7.468779087
3.734389544
3.734389544
3.734389544
0
0
0
0
0
0
0
0
0
16.51495171
16.51495171
0
0
11.15661716
22.31323433
0
0
23.14955711
0
0
11.57477856
16.74585342
33.49170685
0
0
16.74585342
8.372926712
7.545784473
0
7.545784473
0
0
14.26764107
14.26764107
0
0
0
0
0
10.54340839
0
0
0
0
0
0
0
0
8.720463753
0
0
17.44092751
0
6.937007904
20.81102371
13.87401581
0
0
10.85460758
10.85460758
0
16.28191185
0
0
5.121428013
0
5.121428013
5.121428013
33.94556808
0
0
0
0
0
8.134440422
16.26888084
0
8.134440422
0
11.15774536
11.15774536
0
11.15774536
10.13258743
30.3977623
10.13258743
0
0
11.4672842
0
11.4672842
0
11.4672842
11.73535347
0
0
0
11.73535347
11.36515522
0
0
11.36515522
0
18.60251999
27.90377998
0
0
0
0
0
0
0
0
0
0
0
17.89019203
0
0
0
0
6.057275295
0
0
0
0
0
0
9.614051819
0
0
0
0
0
3.886377811
0
0
3.886377811
0
0
0
0
0
0
0
0
0
0
0
0
21.14770126
14.09846783
7.049233913
0
0
0
0
0
0
0
10.62739754
2.656849384
2.656849384
0
6.623376846
0
0
0
0
0
0
0
0
0
0
0
0
0
0
0
-0.4
7
0
0
0
0
0
0
0
0
0
0
0
0
0
0
0
0
0
0
0
0
0
0
0
0
0
0
0
0
0
3.283281326
3.283281326
0
0
0
0
0
0
7.499140739
7.499140739
0
0
10.49898148
0
0
0
0
0
2.899407625
5.79881525
0
0
0
3.384123564
0
1.692061782
5.076185703
7.151690006
3.575845003
0
2.142421246
2.142421246
0
0
0
5.323973179
10.64794636
15.97191906
5.323973179
5.323973179
12.82666206
8.55110836
12.82666206
0
0
0
0
5.897625923
2.948812962
2.948812962
6.218269348
0
0
3.109134674
6.218269348
4.552554607
9.105109215
0
9.105109215
0
13.65766335
7.987958908
13.31326485
0
7.987958908
0
7.98548317
7.98548317
0
7.98548317
0
0
11.26432514
16.89648819
0
0
10.58219051
0
3.527396917
7.054793835
0
0
3.034854412
0
6.069708824
0
0
3.390717745
0
0
0
11.77186871
11.77186871
5.885934353
0
11.77186871
10.03196526
0
0
15.04794788
15.04794788
0
0
0
5.65824604
0
0
4.839233398
0
9.678466797
0
0
0
0
0
14.62453651
0
0
0
6.621408939
6.621408939
0
0
0
0
10.76016998
10.76016998
0
0
11.99567699
11.99567699
23.99135399
40.57197952
0
10.14299488
0
10.14299488
13.39993572
0
0
20.09990311
0
6.419332027
6.419332027
0
6.419332027
6.419332027
15.96993446
0
31.93986893
7.984967232
7.984967232
0
0
0
53.66222382
0
33.87997818
0
0
33.87997818
0
0
0
0
0
0
0
0
0
0
0
5.201757431
0
0
5.201757431
10.40351486
0
10.06877613
0
0
0
0
0
0
10.24856853
0
0
7.985332966
0
0
0
3.992666483
0
3.054745436
3.054745436
0
0
0
9.541082382
0
0
9.541082382
0
0
0
0
7.059213638
0
0
21.06989479
0
0
0
0
0
0
0
9.336165428
0
0
13.64493847
27.28987694
0
21.10242462
0
31.65363503
0
10.55121231
18.59877205
0
0
9.299386024
9.299386024
0
0
0
0
0
0
0
0
0
0
0
0
2.544459105
2.544459105
5.088918209
0
11.54742336
11.54742336
0
0
0
8.984647751
8.984647751
0
8.984647751
0
0
0
5.645298481
5.645298481
11.42155933
0
0
0
11.42155933
0
7.450927258
14.90185452
7.450927258
0
0
7.888428688
3.944214344
7.888428688
0
3.944214344
0
7.647908211
0
0
0
6.70164299
6.70164299
6.70164299
0
6.70164299
0
0
0
0
0
0
0
0
0
0
0
0
0
0
0
0
0
0
0
0
0
0
0
0
0
0
17.39080238
0
0
0
0
0
0
0
0
3.789275169
3.789275169
0
0
0
0
0
0
0
0
0
-0.4
7
2.280504227
0
0
0
0
0
0
0
2.717182159
2.717182159
0
0
0
0
2.501543283
1.562578201
0
0
0
0
0
0
0
0
0
0
5.498783112
0
0
0
0
0
0
0
0
0
0
0
0
0
0
8.50945282
8.50945282
0
17.01890564
0
2.404705524
4.809411049
4.809411049
2.404705524
4.809411049
3.130577326
9.391732216
3.130577326
0
3.130577326
3.866821051
1.933410525
1.933410525
0
2.661150455
5.322300911
2.661150455
0
0
5.140726089
5.140726089
20.56290436
15.42217636
0
15.72239208
0
5.24079752
10.48159504
4.492864132
0
4.492864132
8.985728264
4.492864132
0
0
0
0
0
0
0
0
0
6.121421814
3.060710907
3.816650867
3.816650867
7.633301735
0
3.816650867
5.534682274
0
0
0
5.534682274
2.654879808
0
0
7.964639664
5.309759617
2.01163578
8.046543121
0
2.01163578
6.034907818
2.649151564
5.298303127
5.298303127
5.298303127
2.649151564
0
0
7.143575191
0
7.143575191
12.92959881
12.92959881
0
4.309866428
12.92959881
0
0
0
7.904441833
0
0
6.944171906
3.472085953
3.472085953
3.472085953
20.82058144
0
0
0
0
11.46323967
0
3.821079969
0
0
18.0592308
6.019743443
0
0
12.03948689
0
0
6.804931164
6.804931164
20.41479301
0
19.93461609
19.93461609
0
39.86923218
0
0
25.2764473
8.425481796
8.425481796
8.425481796
14.33718967
0
7.168594837
0
0
0
15.44212341
0
5.147374153
0
0
0
12.34743023
0
0
18.95903397
18.95903397
0
9.479516983
9.479516983
0
11.38339901
11.38339901
11.38339901
11.38339901
0
0
4.305337906
4.305337906
0
0
0
0
0
0
0
0
0
0
0
0
6.452482224
0
0
0
0
0
0
0
0
0
0
5.36488533
0
5.36488533
10.72977066
0
0
0
0
0
12.20969296
18.31454086
0
0
12.20969296
13.97854996
0
0
27.95709991
0
8.941612244
0
0
0
0
0
0
0
7.746481419
0
23.23944473
0
0
0
21.02819061
21.02819061
11.65086842
11.65086842
0
5.825434208
23.30173683
0
14.97587967
14.97587967
14.97587967
14.97587967
0
0
23.49618721
11.74809361
0
0
18.52039337
9.260196686
0
0
4.339413643
4.339413643
8.678827286
4.339413643
8.678827286
8.477063179
16.95412636
0
8.477063179
16.95412636
0
6.328778744
6.328778744
6.328778744
0
0
8.707072258
8.707072258
0
26.12121582
0
0
0
13.25851631
0
11.67474556
5.83737278
0
0
17.51211929
11.67474556
13.90288067
0
6.951440334
0
0
7.08332634
0
7.08332634
0
0
5.027136803
10.05427361
15.08141136
5.027136803
0
0
0
6.720578194
0
6.720578194
0
9.924790382
0
0
0
0
3.954096794
0
0
0
0
0
0
0
0
6.685853004
0
0
0
0
0
0
0
0
0
0
0
0
0
0
0
0
0
0
0
0
0
13.39441586
0
0
0
-0.4
7
0
0
0
0
0
0
0
0
0
0
0
0
0
0
0
0
0
0
0
0
0
0
0
0
0
6.514324665
0
0
0.651432514
0
0
6.87582922
3.43791461
6.87582922
0
0
0
0
0
0
8.303878784
9.874943733
4.937471867
14.81241608
4.937471867
4.937471867
0
0
0
0
0
0
16.00570107
8.002850533
0
16.00570107
2.186468363
4.372936726
2.186468363
0
0
5.695955276
0
0
0
7.61230135
11.41845131
3.806150675
3.806150675
0
5.680751324
2.840375662
2.840375662
2.840375662
3.587778807
0
3.587778807
7.175557613
0
12.06401253
0
0
4.021337509
8.042675018
0
0
5.46499157
0
5.46499157
5.46499157
2.575538635
2.575538635
7.726615429
2.575538635
0
0
0
0
5.052083015
0
0
5.963307381
1.987769246
0
0
0
9.976359367
4.988179684
0
0
7.582083225
0
7.582083225
3.791041613
3.791041613
0
9.667635918
9.667635918
9.667635918
4.833817959
0
4.584638119
9.169276237
9.169276237
0
0
0
9.388874054
4.694437027
4.694437027
8.034955025
16.06991005
0
8.034955025
0
0
3.47846961
6.95693922
0
0
6.100437641
0
3.050218821
0
0
9.479627609
9.479627609
14.21944141
0
0
0
0
0
15.51438713
10.34292507
10.34292507
0
14.21921539
7.109607697
14.21921539
0
24.21993065
12.10996532
0
0
0
20.84566498
0
13.89710999
0
0
6.346489429
0
0
12.69297886
0
17.95541954
17.95541954
0
0
17.95541954
0
0
26.62259865
0
8.874199867
15.23388672
0
0
7.616943359
30.46777344
0
7.983710766
0
7.983710766
15.96742153
8.603268623
0
25.80980873
0
25.80980873
10.80071449
0
0
0
0
0
0
0
0
0
0
0
0
0
23.09189987
0
0
5.93799305
0
0
0
0
12.1559515
0
0
0
0
0
0
0
0
0
6.392591476
0
0
0
27.43313789
41.14970779
0
0
13.71656895
13.71656895
0
0
0
0
0
0
0
31.41059494
0
0
0
0
28.53108025
0
0
6.376306057
19.12891769
0
6.376306057
6.376306057
6.403635979
0
12.80727196
19.21090889
0
0
27.08690643
0
9.028968811
9.028968811
18.23710442
0
0
0
0
0
11.3124609
16.96869087
16.96869087
16.96869087
0
11.05214596
33.15644073
0
11.05214596
0
0
12.70213318
0
12.70213318
0
19.96990204
6.656634331
13.31326866
13.31326866
22.61004066
0
0
0
0
0
6.499928474
6.499928474
0
0
0
0
0
0
0
0
0
0
0
0
0
0
0
0
0
0
0
0
0
0
0
0
0
0
0
0
0
0
0
0
0
0
0
0
0
0
0
0
0
0
0
0
0
0
2.145617247
0
0
0
0
0
0
3.754793406
0
0
0
0
0
-0.4
7
0
0
0
0
0
0
0
0
0
0
0
0
0
0
0
0
0
0
0
0
5.883982658
2.941991329
0
0
0
0
0
0
0
0
0
0
0
0
0
0
0
0
0
0
0
0
0
0
0
0
0
0
14.85475731
9.903171539
0
6.825192928
0
13.65038586
0
0
1.165151715
1.165151715
3.495455027
1.165151715
0
5.134330273
7.701495171
7.701495171
2.567165136
5.811239719
2.90561986
0
5.811239719
2.90561986
0
0
0
0
0
0
2.096385956
2.096385956
2.096385956
0
0
0
0
1.651214004
3.302428007
0
0
0
6.822239399
6.822239399
0
0
5.148772717
15.44631863
0
0
7.153147697
3.576573849
10.72972202
14.30629539
3.576573849
0
7.675061226
10.23341465
2.558353662
0
3.322230816
8.305576324
0
3.322230816
3.322230816
0
0
0
6.794192791
13.58838558
0
0
0
0
4.544644356
2.571904182
2.571904182
2.571904182
5.143808365
0
0
0
6.607461452
3.303730726
0
5.814160824
0
11.62832165
17.4424839
5.814160824
5.391820431
5.391820431
0
0
0
5.621243477
0
0
0
5.621243477
0
0
6.048254013
18.14476013
12.09650803
6.048254013
7.679276943
15.35855389
7.679276943
0
7.679276943
0
0
0
0
0
0
8.677350998
0
8.677350998
0
9.562664986
19.12532997
0
0
28.687994
17.32037354
0
0
25.98056221
0
20.49236298
10.24618149
30.73854637
0
0
16.61654472
24.92481804
16.61654472
0
0
0
32.64089203
0
0
0
0
0
0
7.26303339
21.78910065
0
0
0
0
0
0
0
0
0
0
0
0
0
0
0
13.6523428
0
0
0
21.8210125
0
0
0
0
0
0
0
0
0
0
0
0
0
0
0
0
0
22.14577866
0
0
0
0
0
27.28483391
0
0
0
0
0
0
0
0
17.93826485
17.93826485
0
0
17.93826485
0
0
0
0
0
7.046996593
0
7.046996593
0
7.046996593
11.82169437
11.82169437
11.82169437
0
0
10.45517921
41.82071686
0
10.45517921
0
0
0
0
13.63061714
13.63061714
16.26384544
0
5.421281815
5.421281815
10.84256363
3.015544176
0
3.015544176
3.015544176
6.031088352
0
12.72652912
6.363264561
19.08979225
0
10.78301716
0
21.56603432
21.56603432
10.78301716
0
9.490068436
0
18.98013687
0
0
2.060536146
2.060536146
0
0
0
0
0
0
8.153227806
4.076613903
2.820729494
0
0
2.820729494
0
0
0
0
7.665122986
0
2.731886625
5.463773251
5.463773251
0
5.463773251
0
0
0
0
0
0
0
0
0
3.603307009
0
0
3.116971254
0
3.116971254
5.308096886
5.308096886
0
0
0
0
0
0
0
0
0
0
0
0
0
0
0
0
0
0
0
-0.4
7
0
0
0
0
0
0
0
0
0
0
0
0
0
0
0.895494819
0
0
0
0
0
0
3.209740162
0
0
3.209740162
0
2.659428835
0
0
0
0
0
0
0
0
0
0
4.554118633
0
0
0
0
0
4.594276905
0
0
0
0
0
0
0
8.853057861
4.426528931
0
0
13.27958584
1.427670479
2.855340958
4.283011436
2.098014116
4.196028233
4.196028233
8.392056465
4.196028233
0
0
2.690729856
8.072190285
0
0
0
3.516350985
1.758175492
3.516350985
0
0
0
0
3.283694506
5.023073196
2.511536598
2.511536598
2.511536598
0
7.680484295
3.840242147
7.680484295
0
3.840242147
0
5.301840782
0
0
0
0
7.732573509
0
0
2.577524424
0
0
0
9.458967209
2.364741802
2.364741802
0
5.512340069
16.53701973
0
0
1.464019179
2.928038359
2.928038359
0
0
8.648919106
0
2.162229776
8.648919106
0
3.982613802
0
0
15.93045521
0
4.271319866
0
8.542639732
0
0
10.35976505
0
0
0
5.179882526
0
6.649511337
6.649511337
3.324755669
0
0
7.460361004
7.460361004
0
0
3.933078527
7.603065968
3.876283169
3.933078527
1.311026216
0
14.06614017
7.033070087
0
0
0
10.86905003
0
7.246033192
10.86905003
0
0
0
0
0
10.26486778
0
0
8.760637283
0
0
0
0
0
0
0
0
0
0
14.89600849
0
0
5.432262421
10.86452484
5.432262421
0
3.73931241
3.73931241
0
0
0
0
3.560194969
3.560194969
0
3.560194969
0
0
0
0
0
0
0
0
18.61532402
0
0
7.080843449
0
0
0
0
0
0
0
0
0
0
0
0
0
0
0
0
0
0
0
0
0
0
0
0
0
0
0
0
0
0
0
0
24.78220558
12.39110279
0
0
0
0
0
0
0
15.6092844
31.2185688
0
0
0
0
0
0
0
0
0
0
21.96432686
0
12.04468346
0
60.22341919
0
0
0
28.76456642
0
0
0
0
0
22.67664909
5.669162273
0
13.88187027
0
6.940935135
0
0
0
0
4.288592815
4.288592815
0
0
7.834831715
3.917415857
3.917415857
0
3.722146034
0
0
0
0
3.941368103
3.941368103
0
7.882736206
3.941368103
3.941368103
10.45892525
0
0
0
0
0
0
2.132563353
4.265126705
0
0
3.221939802
0
6.443879604
0
0
0
2.799729109
8.399187088
8.399187088
4.893000126
4.893000126
9.786000252
0
9.786000252
2.675560713
0
0
0
0
0
0
4.697774887
0
0
0
0
0
0
0
0
0
0
6.088894844
0
0
0
0
0
0
0
0
0
0
0
0
0
0
0
7.222255707
0
-0.4
7
4.53888607
0
0
0
0
0
0
0
0
0
0
0
0
0
0
0
2.228677273
2.228677273
0
0
0
0
0
0
0
0
0
0
0
3.622013092
5.433019161
0
0
0
0
0
0
0
3.764833212
7.529666424
0
0
2.352981091
4.705962181
4.705962181
0
4.90225029
0
2.451125145
0
0
0
0
0
0
6.480208397
0
3.926502228
3.926502228
0
0
0
0
4.962923527
7.708785534
3.854392767
3.854392767
0
7.708785534
3.637289286
0
3.637289286
3.637289286
0
6.991627216
11.65271187
6.991627216
0
6.991627216
0
8.910736084
0
2.970245361
0
8.834506035
13.25175953
17.66901207
0
0
8.834506035
0
0
5.769292831
0
5.769292831
5.183671474
3.455780983
3.455780983
1.727890491
0
3.350425243
0
10.05127621
0
0
2.937703371
5.875406742
8.813110352
2.937703371
5.875406742
2.531337976
5.062675953
2.531337976
2.531337976
0
3.437277317
0
3.437277317
0
10.31183243
3.507632971
0
0
3.507632971
10.52289867
13.30393791
4.434645653
2.217322826
2.217322826
0
4.822141171
4.822141171
4.822141171
4.822141171
4.822141171
0
0
0
8.628537178
2.87617898
3.159784555
0
6.319569111
0
0
5.307845116
10.61569023
0
10.61569023
0
0
18.27870178
0
0
9.139350891
27.41805267
24.0521183
12.02605915
0
0
0
0
22.62341881
0
0
0
5.03131485
10.0626297
10.0626297
5.03131485
0
0
12.97346497
0
25.94692993
0
0
3.317792654
6.635585308
6.635585308
3.317792654
0
10.16324902
10.16324902
30.489748
10.16324902
0
0
0
0
3.959967613
0
0
0
0
0
37.63026428
0
0
0
0
0
0
0
0
0
0
0
0
0
0
0
0
11.59573364
0
0
0
0
0
0
0
0
0
0
0
0
0
0
0
10.45323658
20.90647316
0
0
0
0
0
0
45.26278687
0
0
15.08759499
0
0
0
0
0
0
30.8889637
0
0
0
0
0
16.36059952
16.36059952
0
0
0
36.09739304
12.03246307
12.03246307
0
24.06492615
0
0
24.35161209
0
0
21.54249001
0
0
0
10.771245
0
0
0
0
0
0
0
0
0
0
6.616731644
0
6.616731644
6.616731644
0
0
12.32877636
6.16438818
12.32877636
0
0
0
0
0
26.23141289
7.363785267
0
0
0
7.363785267
7.363785267
0
0
0
4.903177738
9.806355476
0
0
3.116731405
6.233462811
6.233462811
4.756756306
0
2.378378153
0
0
0
0
8.180139542
0
0
0
0
0
0
0
0
0
0
0
0
0
0
0
0
0
0
0
0
0
0
6.259134769
6.259134769
0
0
0
0
0
0
0
0
0
0
0
0
0
0
0
0
0
0
0
-0.4
7
0
0
0
0
0
0
0
0
0
0
0
0
0
0
0
0
0
0
0
0
0
0
0
0
0
7.957213402
0
0
0
0
0
0
0
3.801974058
3.801974058
0
2.919518709
1.459759355
0
0
0
5.160182953
2.580091476
0
0
5.160182953
7.14654398
0
7.14654398
0
0
0
0
0
0
0
0
0
0
0
0
0
3.93033576
3.93033576
0
0
0
6.412850857
0
0
12.69831944
6.349159718
6.349159718
0
12.10009003
15.12511158
3.025022507
0
3.025022507
12.92322254
12.92322254
0
0
25.84644508
0
7.055925846
7.055925846
0
0
7.055925846
0
0
0
2.763015985
0
0
0
11.36649799
11.36649799
0
10.34872437
6.899149418
0
0
0
0
0
3.000767231
3.000767231
9.00230217
3.435531139
10.30659294
6.871062279
3.435531139
0
3.820451736
0
7.640903473
3.820451736
3.820451736
4.761290073
2.380645037
4.761290073
4.761290073
7.141934872
0
0
0
0
0
0
5.245373249
2.622686625
7.868060112
0
0
5.21219635
20.8487854
0
10.4243927
0
0
15.9596262
0
0
0
0
2.830364227
2.830364227
0
2.830364227
0
42.85591888
14.28530693
0
0
0
17.85318375
0
8.926591873
8.926591873
0
0
15.7432766
0
0
0
0
23.81620407
0
23.81620407
0
0
0
0
0
0
0
0
0
0
0
11.66743946
0
0
0
0
0
0
8.327153206
24.98145866
0
5.743039131
5.743039131
5.743039131
11.48607826
0
0
0
0
0
0
0
0
0
0
0
0
0
0
0
0
0
0
0
0
0
0
7.479865551
0
0
0
0
0
14.98171329
0
0
0
0
7.708895683
0
0
0
0
15.89725208
0
0
0
0
0
0
0
0
0
0
0
0
10.68621063
0
0
0
0
0
15.79331207
0
0
15.79331207
0
12.41152954
0
0
0
0
12.05328274
0
0
24.10656548
0
0
0
25.2062912
0
0
0
0
10.42537022
5.212685108
0
16.1067009
24.16005135
16.1067009
0
0
0
0
0
9.623897552
0
0
0
0
4.781830311
4.781830311
11.52542686
5.762713432
0
11.52542686
11.52542686
0
0
0
15.62666321
7.813331604
0
0
12.04689598
0
0
0
0
10.45812798
0
0
0
0
0
0
0
0
6.875627041
0
0
0
0
0
0
0
0
0
0
0
0
0
0
0
0
0
0
0
0
0
0
0
0
0
0
0
2.629705191
0
0
0
0
0
0
0
2.929692745
0
0
0
0
0
0
0
0
0
-0.4
7
0
0
6.147093296
0
0
0
0
0
0
0
0
0
0
0
0
0
0
0
0
0
0
0
0
0
0
0
0
0
0
0
0
0
0
0
0
0
0
0
0
0
0
0
0
0
0
0
1.393483281
0
0
0
0
0
0
0
0
0
0
0
4.337007999
4.337007999
4.219786644
0
0
0
8.439573288
17.84326935
0
0
0
0
16.78432083
4.196080208
12.58823967
20.98040199
0
0
23.67484856
23.67484856
0
15.78323174
5.37680912
0
10.75361824
5.37680912
5.37680912
0
8.811288834
8.811288834
8.811288834
0
17.62257767
4.976763248
7.465144634
0
2.488381624
7.465144634
4.643693447
4.643693447
0
6.965540409
2.321846724
0
5.252407074
0
5.252407074
7.878610611
0
6.733959675
0
0
3.366979837
0
0
0
6.464404583
0
4.774938583
0
9.549877167
0
0
0
0
0
0
7.535691738
6.819770336
6.819770336
6.819770336
0
6.819770336
0
11.21269989
0
0
5.606349945
21.83318138
7.277727604
7.277727604
0
0
6.709854603
20.12956429
13.41970921
0
0
7.407102585
0
0
3.703551292
3.703551292
0
0
6.032419205
0
0
12.06483841
6.791117668
6.791117668
0
13.58223534
13.58223534
0
19.89261818
0
0
0
5.508189678
0
0
5.508189678
0
0
0
0
0
0
0
13.60768032
6.80384016
0
0
0
10.13497448
0
0
0
3.150060415
0
0
9.450181007
3.150060415
0
0
0
0
0
4.378921032
4.378921032
0
4.378921032
4.378921032
0
4.590773582
4.590773582
22.95386887
4.590773582
0
0
0
0
0
10.61699104
0
0
0
0
0
5.747203827
0
0
0
0
0
10.05198765
0
5.025993824
0
0
0
0
0
8.558915138
0
0
0
0
0
0
21.75809097
0
0
21.75809097
10.87904549
21.48448181
0
0
0
0
0
13.8916254
6.945812702
0
20.83743858
11.27114582
11.27114582
11.27114582
11.27114582
11.27114582
7.136107445
0
0
0
21.40832138
0
0
51.16765594
0
0
12.45351791
12.45351791
12.45351791
12.45351791
12.45351791
15.0361557
20.04820824
0
0
0
0
5.007243633
13.14401436
4.38133812
0
16.9505806
0
0
16.9505806
0
6.283436775
6.283436775
0
0
0
0
11.24251842
5.621259212
0
0
0
0
0
0
0
0
0
6.382000446
3.191000223
0
0
1.391813278
0
0
0
0
0
0
0
0
0
0
0
0
2.829133511
0
3.40194726
3.40194726
3.40194726
3.40194726
0
0
7.111436844
3.555718422
0
3.555718422
0
0
0
0
0
0
0
0
0
0
2.56044507
5.120890141
5.120890141
0
5.120890141
0
0
7.366944313
0
0
0
0
0
0
0
0
0
0
0
0
0
-0.4
7
0
0
0
0
0
0
0
0
0
0
0
0
0
0
0
0
0
0
4.372332096
0
6.214289665
6.214289665
3.107144833
0
0
0
0
0
0
0
8.03553772
4.759619713
0
0
0
0
0
0
0
0
0
0
0
0
0
0
0
0
0
0
0
0
0
0
3.372824192
10.11847305
4.296607494
0
0
4.688066483
0
4.688066483
3.125377655
0
8.721393585
0
0
0
0
7.486965179
0
0
0
0
0
0
0
0
10.23868656
3.679804802
3.679804802
1.839902401
7.359609604
0
2.487533331
2.487533331
2.487533331
2.487533331
7.462599754
0
11.69468307
0
11.69468307
3.898227692
0
0
4.551878929
13.65563679
9.103757858
0
3.210607052
6.421214104
3.210607052
3.210607052
6.421214104
7.413561344
0
11.1203413
7.413561344
7.413561344
4.886720657
0
0
0
14.66016102
3.459589958
0
0
0
0
-0.4
7
0
0
0
0
0
0
0
0
0
0
0
0
0
0
0
0
0
0
0
0
0
0
0
0
6.174309731
0
0
0
0
0
0
0
0
0
0
0
1.88972187
1.88972187
0
0
0
0
0
0
0
0
0
0
1.81037128
0
1.81037128
0
0
6.258507252
3.129253626
9.387761116
6.534193039
0
3.267096519
4.331415653
0
0
0
8.662831306
0
5.605128765
5.605128765
5.605128765
2.802564383
14.91816711
4.97272253
0
0
4.97272253
0
2.923991919
2.923991919
1.461995959
2.923991919
3.002052784
9.006157875
3.002052784
3.002052784
3.002052784
0
0
4.028275967
0
0
0
0
0
0
6.903920174
9.205226898
2.604763031
0
0
2.604763031
3.90714407
0
0
0
6.381771564
6.381771564
7.685758591
2.561919689
5.123839378
0
5.123839378
0
7.420361042
0
0
0
1.96628201
0
1.96628201
3.93256402
3.93256402
6.354282379
6.354282379
0
3.17714119
6.354282379
4.79435873
0
9.588717461
0
4.79435873
37.57837296
0
22.54702377
0
0
7.584012508
15.16802502
0
0
0
0
0
0
0
5.944527149
0
3.902984619
0
3.902984619
7.805969238
0
6.62942791
0
0
0
0
15.35210991
0
15.35210991
15.35210991
15.35210991
0
0
0
0
26.81181145
9.003885269
4.501942635
0
9.003885269
4.501942635
7.770183563
0
7.770183563
0
0
10.32194233
0
0
10.32194233
20.64388466
6.507929802
0
6.507929802
0
13.0158596
0
0
9.459638596
4.729819298
4.729819298
6.289003849
12.5780077
0
18.86701202
0
12.385005
12.385005
0
0
0
0
0
4.992740154
4.992740154
9.985480309
5.646342278
5.646342278
0
0
0
0
0
0
0
0
0
0
0
0
0
0
0
7.339888573
14.67977715
0
0
0.504090488
1.54898715
2.081763268
4.84775877
8.731747627
17.23861694
11.49241161
5.746205807
11.49241161
0
0
0
0
0
22.30005455
0
0
0
13.12478924
39.37436676
0
0
13.16073895
13.16073895
0
0
23.47266006
0
0
0
0
4.472373962
4.472373962
13.41712189
0
0
9.177298546
18.35459709
18.35459709
0
18.35459709
9.835560799
19.6711216
0
0
9.835560799
10.19324398
5.09662199
10.19324398
5.09662199
10.19324398
0
3.280959845
9.842879295
0
0
0
13.4635582
0
0
13.4635582
13.50663471
0
0
0
0
0
3.546496153
1.773248076
1.773248076
2.026569128
0
0
8.013953209
8.013953209
0
0
2.8667624
2.8667624
0
0
2.8667624
7.185645103
0
0
0
0
0
0
0
0
0
0
0
0
5.993688583
0
0
0
0
0
0
0
0
0
0
0
0
0
0
0
0
0
0
0
0
0
0
0
0
0
0
0
0
0
0
0
0
0
0
0
3.236570597
0
0
0
3.902987242
0
0
