19790101
-99
-99
-99
-99
-99
-99
-99
-99
-99
-99
-99
-99
-99
-99
-99
-99
-99
-99
-99
-99
-99
-99
-99
-99
-99
-99
-99
-99
-99
-99
-99
-99
-99
-99
-99
-99
-99
-99
-99
-99
-99
-99
-99
-99
-99
-99
-99
-99
-99
-99
-99
-99
-99
-99
-99
-99
-99
-99
-99
-99
-99
-99
-99
-99
-99
-99
-99
-99
-99
-99
-99
-99
-99
-99
-99
-99
-99
-99
-99
-99
-99
-99
-99
-99
-99
-99
-99
-99
-99
-99
-99
-99
-99
-99
-99
-99
-99
-99
-99
-99
-99
-99
-99
-99
-99
-99
-99
-99
-99
-99
-99
-99
-99
-99
-99
-99
-99
-99
-99
-99
-99
-99
-99
-99
-99
-99
-99
-99
-99
-99
-99
-99
-99
-99
-99
-99
-99
-99
-99
-99
-99
-99
-99
-99
-99
-99
-99
-99
-99
-99
-99
-99
-99
-99
-99
-99
-99
-99
-99
-99
-99
-99
-99
-99
-99
-99
-99
-99
-99
-99
-99
-99
-99
-99
-99
-99
-99
-99
-99
-99
-99
-99
-99
-99
-99
-99
-99
-99
-99
-99
-99
-99
-99
-99
-99
-99
-99
-99
-99
-99
-99
-99
-99
-99
-99
-99
-99
-99
-99
-99
-99
-99
-99
-99
-99
-99
-99
-99
-99
-99
-99
-99
-99
-99
-99
-99
-99
-99
-99
-99
-99
-99
-99
-99
-99
-99
-99
-99
-99
-99
-99
-99
-99
-99
-99
-99
-99
-99
-99
-99
-99
-99
-99
-99
-99
-99
-99
-99
-99
-99
-99
-99
-99
-99
-99
-99
-99
-99
-99
-99
-99
-99
-99
-99
-99
-99
-99
-99
-99
-99
-99
-99
-99
-99
-99
-99
-99
-99
-99
-99
-99
-99
-99
-99
-99
-99
-99
-99
-99
-99
-99
-99
-99
-99
-99
-99
-99
-99
-99
-99
-99
-99
-99
-99
-99
-99
-99
-99
-99
-99
-99
-99
-99
-99
-99
-99
-99
-99
-99
-99
-99
-99
-99
-99
-99
-99
-99
-99
-99
-99
-99
-99
-99
-99
-99
-99
-99
-99
-99
-99
-99
-99
-99
-99
-99
-99
-99
-99
-99
-99
-99
-99
-99
-99
-99
-99
-99
-99
-99
-99
-99
-99
-99
-99
-99
-99
-99
-99
-99
-99
-99
-99
-99
-99
-99
-99
-99
-99
-99
-99
-99
-99
-99
-99
-99
-99
-99
-99
-99
-99
-99
-99
-99
-99
-99
-99
-99
-99
-99
-99
-99
-99
-99
-99
-99
-99
-99
-99
-99
-99
-99
-99
-99
-99
-99
-99
-99
-99
-99
-99
-99
-99
-99
-99
-99
-99
-99
-99
-99
-99
-99
-99
-99
-99
-99
-99
-99
-99
-99
-99
-99
-99
-99
-99
-99
-99
-99
-99
-99
-99
-99
-99
-99
-99
-99
-99
-99
-99
-99
-99
-99
-99
-99
-99
-99
-99
-99
-99
-99
-99
-99
-99
-99
-99
-99
-99
-99
-99
-99
-99
-99
-99
-99
-99
-99
-99
-99
-99
-99
-99
-99
-99
-99
-99
-99
-99
-99
-99
-99
-99
-99
-99
-99
-99
-99
-99
-99
-99
-99
-99
-99
-99
-99
-99
-99
-99
-99
-99
-99
-99
-99
-99
-99
-99
-99
-99
-99
-99
-99
-99
-99
-99
-99
-99
-99
-99
-99
-99
-99
-99
-99
-99
-99
-99
-99
-99
-99
-99
-99
-99
-99
-99
-99
-99
-99
-99
-99
-99
-99
-99
-99
-99
-99
-99
-99
-99
-99
-99
-99
-99
-99
-99
-99
-99
-99
-99
-99
-99
-99
-99
-99
-99
-99
-99
-99
-99
-99
-99
-99
-99
-99
-99
-99
-99
-99
-99
-99
-99
-99
-99
-99
-99
-99
-99
-99
-99
-99
-99
-99
-99
-99
-99
-99
-99
-99
-99
-99
-99
-99
-99
-99
-99
-99
-99
-99
-99
-99
-99
-99
-99
-99
-99
-99
-99
-99
-99
-99
-99
-99
-99
-99
-99
-99
-99
-99
-99
-99
-99
-99
-99
-99
-99
-99
-99
-99
-99
-99
-99
-99
-99
-99
-99
-99
-99
-99
-99
-99
-99
-99
-99
-99
-99
-99
-99
-99
-99
-99
-99
-99
-99
-99
-99
-99
-99
-99
-99
-99
-99
-99
-99
-99
-99
-99
-99
-99
-99
-99
-99
-99
-99
-99
-99
-99
-99
-99
-99
-99
-99
-99
-99
-99
-99
-99
-99
-99
-99
-99
-99
-99
-99
-99
-99
-99
-99
3.757910728
0
0
0
0
0
0
0
0
0
0
0
0
0
2.466396809
0
0
0
0
0
0
0
9.66574192
0
0
0
0
0
0
0
1.692545295
0.902690768
0
0
0
0
0
3.227103949
0
0
0
0
3.647630453
3.285611153
2.053506613
0
3.09737277
12.25259113
1.133760214
6.308826447
0
2.084655762
0.475447804
0
2.381137609
0
0
0
1.485753417
23.13530159
0
1.564374924
2.056035519
1.743160844
6.123410702
0.625750005
6.741463661
12.64024448
11.60309601
1.728580356
25.02120018
10.3184948
1.33428812
3.068862677
7.538727283
5.559533596
1.731564283
0
6.011836052
4.90285635
0.739319742
5.1215868
1.431841493
1.239093661
11.34459114
2.753541231
0
1.308200359
12.29708195
1.046560168
0
1.046560168
0
0
0
14.83846188
0.641432106
9.845230103
0
0
0
0
0
0
6.321806908
10.80650902
0.918553293
9.159160614
1.178710461
2.492682934
0
0
2.276548147
0
0
20.95039558
17.41251755
11.91238117
31.79431152
21.68556786
0
5.452850342
6.451257229
1.413290739
4.938204288
3.591420889
6.201851845
0
2.872944355
2.002355337
0
5.332359314
2.114763021
2.276058674
3.297596693
4.104074478
10.80679798
16.64486694
20.10748672
17.34346771
4.707946301
10.38785458
10.27674866
0
2.759028673
5.442120552
3.847452879
4.530882359
0
0
16.14242363
0
0
2.591246367
5.676875591
0
2.642389297
6.887260437
11.72342205
0
14.11898518
7.949879646
0
0
8.412776947
4.52517271
10.04557228
4.696226597
8.582605362
3.851832151
12.356884
11.60719872
28.64315224
11.27765942
11.18126869
8.385951996
5.542439461
0
8.388217926
10.33976364
0
14.41404247
0
18.86804008
0
28.06322479
7.284497261
0
7.14465332
0
0
14.88469315
6.913114548
8.203415871
0
0
0
6.693987846
0
0
7.60989666
7.537765026
0
8.987010956
13.41443634
0
0
0
0
6.809530258
0
7.870755672
7.008509159
5.350345612
0
0
9.939988136
0
14.01012135
0
10.19782734
13.17788792
0
0
16.57561111
0
21.50236702
0
0
0
0
0
0
0
0
0
0
0
0
14.42291355
9.249959946
5.659876347
7.67471981
0
4.872256279
6.742872715
3.687749863
9.921435356
4.16607666
4.675263882
0
0
0
0
26.89646339
9.126174927
6.13892889
8.536948204
9.016551018
0
8.760077477
4.956006527
5.947208405
9.724489212
9.001180649
1.745898128
0.980429113
1.903186083
0
1.216361165
4.069583893
8.021208763
8.827262878
5.544070721
0
7.056782722
0
20.7449379
16.06543922
0
0
13.88523197
6.018054962
16.60848427
6.085295677
2.365271091
1.963079214
0
0
2.489758968
0
3.185468912
5.677501202
8.884640694
3.662205935
9.622595787
10.15718269
12.49600792
11.22636032
0
16.1713047
4.278278351
4.235918999
0
0
0
0
0
3.40866518
5.154567242
0
0
3.949451447
0
0
0
0
0
0
0
0
0
0
0
0
0
0
2.935660839
0
0
0
0
0
0
0
3.114212275
0
0
0
0
0
0
0
7.26967001
0
0
0
0
0
0
0
0
0
0
0
4.199977875
0
0
0
0
0
0
0
0
0
2.09204483
0
0
0
0
0
0
0
0
0
0
0
3.967521429
0
0
0
2.888122082
4.779534817
0
0
0
0
0
0
0
0
0
1.544632554
0
0
0
2.54008007
0
0
4.157852173
0
0
0
0
0
0
9.528087616
0
1.935619712
0
11.45241642
0
3.064731121
25.25006485
40.50263977
0
0
0
3.575278521
1.78763926
3.575278521
8.995926857
0
16.86736107
0
0
0
0
0
0
1.592844129
5.360923767
2.752906799
0
0
1.883567572
7.952005386
19.63151169
3.727502584
19.88001251
0
0.876519918
13.84901524
3.180514812
1.903300047
3.781557322
0
0
0
5.735909939
0.544751167
0
5.983584404
3.590151072
0
0
0
0
4.674685001
0
25.28579521
7.649484634
0
6.388733387
3.436697721
2.511433125
0
0
0.505090058
3.812227726
0.877894759
6.794664383
2.388793468
12.5411644
2.090194225
2.090194225
0
4.918180466
4.918180466
0
5.620778084
5.620778084
12.70268631
0
0
0
0
0
12.52579784
4.175265789
16.70106316
0
0
0
1.910171151
3.661161184
0
0
0
0
12.45348358
0
0
0
4.576063156
2.185143471
5.408965111
6.105789661
7.16256094
0
3.639989853
7.133206367
4.31514883
12.44902229
17.16760254
0
26.73862839
0
2.032521248
1.167271256
0
1.803964734
2.979398727
0
0
0
0
0
0
2.436174631
3.304153204
1.903717399
0
3.38006258
5.538103104
3.016055822
0
10.66019726
15.50568581
15.50568581
0
0
0
0
0
14.35208797
26.79056358
17.48345375
0
22.64847946
0
0
0
0
0
15.73454857
0
0
0
0
0
0
0
0
0
0
0
0
0
0
0
0
0
2.673236847
0
0
0
0
0
0
0
0
0
0
0
0
0
0
0
0
31.20123672
0
0
0
0
0
21.24371529
0
0
26.56482887
0
0
0
0
0
0.69588995
0.800564229
0.498171926
1.374334097
0
1.25925529
0
0
2.112401247
1.529995322
2.059357405
3.785980225
1.879500866
4.334541798
0
0
3.300191164
3.821870565
4.298186779
10.49029732
0
1.429541826
2.375638962
2.781108856
0
0
0
0
0
8.715872765
0
20.25340462
20.25340462
0
0
0
27.59486771
2.658830881
3.684380293
10.65431499
25.42818642
10.93463516
7.94308567
14.64828396
14.4935503
14.65224934
0
12.82071686
25.64143372
0
0
5.984965801
0
0
5.984965801
0
0
0
0
8.945555687
0
6.560600758
0
5.740525723
5.740525723
0
5.143492222
0
5.143492222
0
0
0
0
0
10.4749651
0
0
6.712317467
0
0
0
8.733453751
0
0
0
0
0
0
0
0
0
0
0
0
0
0
0
0
0
0
0
0
0
0
0
0
0
0
0
0
1.899089336
0
0
3.528279305
0
3.528279305
0
1.995733857
0
0
0
0
0.1
6.6
0
0
0
0
0
0
0
0
0
0
0
0
0
0
0
0
0
0
0
0
0
0
0
0
0
0
0
0
0
2.71463728
2.71463728
0
0
0
0
0
0
0
0
0
0
0
0
0
2.353841543
0
0
0
0
0
13.4351759
0
0
0
0
0
0
0
0
0
1.53258121
0
0
0
0
0
0
0
0
0
0
0
0
0
1.674318433
0
0
0
0
3.006948471
6.013896942
0
0
0
0
0
0.756785512
3.340294361
6.080379963
5.427978516
8.594689369
6.246415138
0
0
0
0.47875616
1.436268568
0.775128961
1.481864452
5.42590332
7.381438732
0
0
0
0
8.749340057
13.12401009
4.374670029
8.749340057
13.12401009
0
0
5.449392796
0
0
0
0
14.31067276
0
5.485070705
0
2.882946014
0
0
0
2.931511164
0
0
0
0
0
0
0
4.462382317
24.42965317
9.937649727
0
7.620035172
13.16826344
7.725381374
0
0
0
4.272172928
2.136086464
0
6.978693962
27.91477585
0
6.978693962
13.95738792
7.412771225
14.82554245
22.23831367
0
14.82554245
4.955024242
5.780861378
5.780861378
31.42417336
13.48867702
11.58408642
7.131570816
0
9.603094101
14.28200912
1.186536431
2.031071186
1.751885891
3.210627556
6.777215958
0
0
0
0
0
0
0
0
0
0
0
4.993744373
0
0
0
0
0
0
0
0
0
7.21207571
0
13.48139572
0
0
0
0
0
0
0
0
0
0
0
0
0
0
0
0
38.00733566
0
0
5.474739552
0
0
0
0
0
0
0
0
0
0
0
0
0
0
0
0
6.490773201
0
0
0
0
0
4.453445435
0
0
0
0
0
0
0
0
0
18.50383377
0
0
19.27381134
0
0
0
0
21.59978676
0
0
16.92540169
11.33061695
0
12.41196251
0
0
16.3251152
32.65023041
0
0
0
0
0
0
0
11.56938457
0
0
25.95695305
0
0
0
0
18.98366165
0
0
0
24.12432098
0
0
0
0
0
0
0
0
0
12.98190689
0
14.83646679
0
0
0
25.56285858
10.79320717
0
0
0
0
0
6.604941845
5.103598595
0
0
5.103598595
0
0
0
7.99685812
0
8.170702934
0.683230877
0
0
0
0.793429255
6.161562443
6.161562443
6.161562443
0
0
4.949520588
9.899041176
0
4.949520588
4.949520588
0
0.983219624
4.35425806
0
0
0
0
0
0
3.819914579
5.65045929
4.944151402
0
0
0
0
2.868482828
2.868482828
8.605448723
0
0
0
0
0
0
0
0
0
0
0
0
0.1
6.6
0
0
0
0
0
0
0
0
0
0
1.337857008
0
0
0
0
0
0
0
0
0
0
0
0
0
0
0
0
0
0
0
4.571465969
2.49693656
0
0
0
0
0
0
0
0
0
0
0
0
0
0
1.472784281
0
0
3.032203197
0
0
0
0
0
2.906614542
2.020885468
0
2.020885468
0
3.395994902
3.881137371
0
7.762274742
7.762274742
0
0
1.097477913
10.80149174
4.043339252
9.92335701
8.085698128
0
2.131684065
12.93711758
5.134870052
4.706964493
7.060446739
16.6883297
12.19531727
0
0
36.79961395
0
0
0
6.412265301
0
0
5.610732079
0
9.397336006
0
0
18.79467201
0
8.782244682
0
0
8.782244682
0
6.688097477
0
6.688097477
0
0
4.584743023
0
1.893697977
0
5.382089615
9.586795807
25.16533852
0
0
9.586795807
2.472821951
5.053157806
0
3.117906094
0
0
0
0
6.437933922
0
0
0
0
0
9.836390495
0
29.61625481
18.04104614
0
0
24.73686981
0
10.09004021
0
0
0
0
4.465504646
0
3.215163469
5.672180653
0
0
0
0
32.02325439
0
0
0
0
8.70598793
0
20.91555405
0
12.4250803
0
0
4.554597378
6.999941826
0
1.784753323
17.25027466
0
17.25027466
0
8.625137329
2.082107067
2.511541843
1.87389648
0
0
8.174947739
9.1385355
0
0
6.962693214
22.30623245
25.49283791
11.15311623
0
22.30623245
0
0
5.874750614
9.782014847
19.97969627
0
0
0
18.53745651
0
0
9.467555046
0
29.21417427
11.72173405
59.04851913
0
0
0
29.52425957
0
0
0
5.124853134
15.01280499
6.330699921
27.67079163
13.83539581
13.1720562
13.1246748
9.476298332
0
0
0
6.603277683
9.14963913
0
0
10.79140377
0
7.2970438
15.00746059
0
0
0
30.01492119
22.02427483
17.7821331
0
0
0
0
7.125582218
6.218287468
10.31217766
13.38812733
0
0
0
5.069191456
0
5.00937748
0
0
3.680765629
0
0
0
6.761445045
0
27.04578018
0
4.016934872
46.5904274
0
7.583091259
3.866675138
0
0
20.9133091
0
0
5.102625847
10.20525169
0
10.20525169
0
11.25619888
12.8806076
12.11618042
5.102555275
10.89309692
7.308279991
7.308279991
0
14.61655998
0
0
7.632215023
7.632215023
7.632215023
0
9.425981522
0
16.49546623
0
0
0
0
0
15.90041447
0
0
0
11.04777527
11.04777527
0
11.04777527
1.223898768
0
0
0
0
2.51211834
0
0
0
5.024236679
0
0
0
3.819350004
7.638700008
0
3.71616888
0
0
4.247050285
0
0
0
0
3.101198196
3.459901571
0
0
0
0
5.160488129
0
0
0
5.160488129
0
0
0
0
0
0
0
0
0
0
0
0
0
0
0
0
0
0
0
0
0
0
0
0
0
0
0.1
6.6
0
0
0
0
0
0
0
0
0
3.956298351
0
0
0
0
6.60342598
3.971592903
0
0
0
0
0
0
0
0
0
0
0
0
0
0
0
0
0
0
0
0
0
0
0
0
0
4.018345356
0
0
0
0
0
0
0
0
0
0
0
0
0
3.495418549
7.156319141
2.044662476
0
12.14738655
0
0
0
0
6.337069035
0
0
0
11.08987045
1.554249763
7.418010712
4.168215275
5.333902836
2.154755354
23.58335495
0
0
0
0
2.989987612
5.979975224
2.989987612
3.417128801
3.417128801
6.51126194
7.44144249
6.51126194
0
6.51126194
0
4.76762104
0.768242359
2.11266613
1.005493522
7.117538929
0
0
7.124073029
0
7.124073029
0
1.586222649
17.38500023
6.852482319
0
7.657186508
5.834046841
2.91702342
0
0
0
0
1.661982179
1.661982179
3.798816919
2.466864824
0.209450826
1.698878646
2.141052723
15.15027428
16.38482285
27.30804062
5.461607933
10.92321587
0
8.979372025
8.979372025
8.979372025
0
0
5.919445992
0
5.919445992
0
6.765081406
5.322328568
1.483920693
22.41709328
1.424563646
3.165697336
9.800595284
0
0
8.575519562
0
0
0
8.83894062
0
0
0
16.92111397
0
8.460556984
0
0
9.215209007
0
18.43041801
0
0
21.36168098
10.68084049
10.68084049
0
10.68084049
0
0
0
0
23.48347473
9.799163818
0
0
19.59832764
19.59832764
6.707031727
6.707031727
6.707031727
0
0
42.54615784
28.36410713
14.18205357
14.18205357
0
18.37082481
36.74164963
0
0
20.99522781
20.24705696
0
20.24705696
80.98822784
0
0
0
16.33544731
32.67089462
0
0
0
0
0
0
10.64446068
11.51695538
8.783132553
17.79893303
0
19.89292526
7.516462803
9.993954659
18.1402874
8.650230408
14.10911274
0
3.919846773
4.256251812
12.08131886
17.69781685
0
0
0
0
0
0
0
18.45791245
18.45791245
18.45791245
5.239396572
0
5.239396572
5.239396572
10.47879314
0
0
0
0
0
0
25.24403
16.82935524
12.7422266
0
11.21956825
0
0
18.48642731
18.48642731
0
3.97349
6.579953671
11.13670826
11.93869591
6.889811993
7.369322777
2.726789236
0
10.48765182
6.474376202
0
1.535689712
0
4.856317043
9.511628151
12.40794277
10.26556492
7.349549294
0
9.551437378
5.836862087
0
0
0
6.670700073
0
2.929082632
0
0
2.465809345
0
17.67636681
0
0
0
12.68971539
0
0
0
0
0
0
0
0
0
5.960298061
13.66224003
8.669523239
14.12668037
12.30762863
5.573265553
0
3.408547401
6.817094803
3.408547401
0
0
11.79454231
0
0
5.897271156
4.584050655
0
0
0
0
0
2.337689877
2.337689877
0
4.675379753
0
0
0
8.028057098
0
0
2.651817322
0
0
2.332321405
0
0
0
0
0
0
0
0
0
0
6.53801775
0
0
0
0
0
0
0
0
0
0
0
0
0
0
0
0
0
0
0
0
0.1
6.6
0
0
0
0
0
0
0
0
0
0
0
0
0
0
0
0
0
0
0
0
0
0
0
0
0
0
0
0
6.258634567
0
0
0
0
0
0
2.290766716
0
5.678754807
0
5.678754807
0
4.228528023
8.457056046
8.457056046
0
12.68558407
0
5.986848831
6.842113495
0
2.993424416
0
0.923681021
0
0
3.232883453
4.101147175
4.101147175
0
0
0
5.50689888
4.818536282
4.818536282
9.833414078
9.833414078
19.66682816
9.833414078
0
4.583583832
0
0
0
0
10.09783268
0
0
0
3.9129107
2.73443675
2.73443675
0
8.203310966
8.203310966
0
0
0
0
5.368601799
9.39505291
14.82208538
0
16.9395256
0
0
1.31345439
0
0
1.751272559
0.58375746
2.923553944
0
1.879427552
1.670602202
1.044126391
0
0
4.88000679
4.717339993
0
0
10.14746475
20.2949295
11.59710407
0
0
6.706291199
6.706291199
0
6.706291199
11.29624557
22.59249115
6.45499754
5.648122787
22.59249115
0
3.901347876
0
3.901347876
0
5.047662735
4.02161932
0
0
0
6.935921192
13.87184238
0
0
0
14.31852436
0
0
0
0
12.46163654
0
0
14.24187088
0
0
0
21.26104164
0
0
0
8.279787064
0
0
0
24.8393631
0
0
24.66220284
0
19.13049316
13.16750336
0
0
0
7.874682903
0
14.84922886
0
0
0
0
0
0
0
0
70.44913483
0
0
0
0
0
0
0
25.46526527
0
0
0
0
0
0
0
0
0
0
36.99835587
0
0
0
0
0
0
0
0
0
0
0
4.014664173
0
0
0
0
0
23.42279243
0
0
0
0
0
0
0
0
0
0
0
7.715904713
0
0
7.855888844
0
0
0
9.905893326
9.905893326
0
0
9.905893326
0
0
0
0
0
0
0
0
28.58804703
0
9.529349327
0
0
0
15.28717136
15.28717136
0
11.67635822
0
0
0
0
0
0
0
26.30633163
0
13.83852291
13.83852291
0
13.83852291
22.14309311
0
11.07154655
22.14309311
0
0
0
0
10.84551334
0
0
0
6.190812588
6.190812588
0
0
0
5.946229935
76.33066559
0
0
0
0
0
0
0
5.362484455
5.362484455
16.08745193
5.362484455
0
0
9.898047447
0
4.949023724
0
0
8.568956375
0
0
0
0
0
0
0
0
0
0
0
0
0
0
13.49150181
0
0
0
0
0
0
0
0
0
0
0
0
0
0
0
0
0
0
0
0
0
0
0
0
0
0
0
0
0
0
0
0
0
0
0
0
0
0
0
0.1
6.6
0
0
0
0
0
0
0
3.231615305
0
0
0
0
0
0
0
0
0
4.487087727
0
0
0
0
0
2.739541769
0
0
0
0
0
0
0
0
0
0
3.690080881
3.690080881
0
0
0
0
0
0
0
3.296554327
6.593108654
6.593108654
12.59830284
0
0
0
0
0
0
5.756073952
5.756073952
3.289185286
2.673596859
5.347193718
3.05553937
0
0
0
0
0
0
6.361951351
0
2.120650291
0
0
14.28811264
0
14.28811264
0
16.77404213
2.935457468
0
0
0
12.38819122
4.129396915
0
0
8.258793831
6.292541504
0
6.292541504
3.146270752
3.146270752
0
8.783295631
13.17494297
8.783295631
8.783295631
0
4.774421692
0
0
0
0
0
0
19.46923828
0
0
0
8.265622139
0
4.723212719
4.132811069
0
2.558385611
0
0
6.335049629
0
5.468270779
16.40481186
0
0
0
0
4.547486305
9.09497261
11.93715191
9.54545784
6.363638878
0
0
3.181819439
0
0
6.587139606
6.587139606
0
0
0
6.249790668
0
0
0
0
10.49488449
0
10.49488449
0
17.07099533
0
17.07099533
0
0
7.604341984
0
0
0
0
0
0
0
15.4702692
0
2.222579718
0
3.760213375
2.991397142
4.864514351
0
0
18.53668404
26.55107498
0
0
0
12.26359367
14.01553726
0
9.101017952
28.45351791
4.540236473
5.341454983
0
0
0
0
0
0
0
0
0
0
0
10.19752216
0
0
0
20.39504433
15.59165192
0
31.18330383
0
0
0
0
0
65.31037903
0
12.31320095
0
28.14446068
0
0
0
0
11.68904209
17.53356361
5.844521046
5.844521046
0
0
27.03376579
0
27.03376579
0
12.98305893
25.96611786
38.94917679
0
0
32.04949951
0
0
0
0
33.19120026
11.06373405
33.19120026
0
8.547912598
0
0
0
17.0958252
0
0
0
0
0
20.04065323
13.05991268
0
26.11982536
0
13.05991268
19.32143402
0
0
0
9.66071701
6.185805321
0
10.83860779
11.9144001
12.39850712
37.13409042
30.85970879
4.328042507
9.040230751
6.760964394
12.17125034
24.34250069
0
12.17125034
0
10.57015038
10.57015038
0
0
21.14030075
17.70117569
0
0
0
26.55176353
39.6950798
0
0
0
0
0
24.253685
0
0
8.084561348
8.96683979
4.483419895
8.96683979
0
0
10.52117443
0
0
0
0
0
0.42841056
0.308680117
0.261910409
0.347966671
0.430281311
2.706072092
5.412144184
6.856738091
0
0
0
0
0
0
0
0
0
0
0
0
0
0
0
5.58307457
0
0
0
0
0
0
0
10.65851212
2.664628029
0
0
0
1.689971447
1.689971447
0
0
0
0
0
0
0
0
0
0
0
0
0
0
0
0
0
0
0
0
0
0
0
0.1
6.6
0
0
0
0
0
0
0
0
0
2.268435478
0
0
0
0
0
0
0
1.638845801
0
0
0
0
0
0
5.148230553
0
0
0
6.259235859
3.129617929
6.259235859
0
0
4.232955933
4.232955933
0
5.062834263
5.062834263
0
10.12566853
0
0
0
0
0
0
0
0
0
0
0
0
2.994804382
0
0
2.994804382
0
0
3.879953146
1.939976573
9.614162445
8.412391663
9.614162445
4.206195831
0
0
12.42690945
18.64036369
0
6.213454723
4.63366127
6.950491905
0
0
2.316830635
0
3.200411558
3.200411558
6.400823116
6.400823116
0
4.127479553
4.127479553
0
8.254959106
0
3.856732845
3.731796265
0
0
0.081480265
4.645652294
4.645652294
5.309317112
0
9.291304588
14.36584187
6.285055637
6.285055637
6.285055637
7.182920933
14.8982687
9.932178497
4.966089249
4.966089249
0
12.46648598
0
6.422129154
2.379965305
9.293196678
8.215007782
0
4.107503891
0
8.215007782
0
11.2477169
11.2477169
11.2477169
0
6.263718128
17.0077343
2.588133574
0
0
5.48496151
0
0
0
0
0
0
0
14.5073452
7.2536726
0
12.12073326
0
0
0
9.423174858
9.423174858
0
9.423174858
9.423174858
0
9.381178856
0
8.20853138
0
0
0
0
0
31.24305534
0
0
21.78011322
0
10.89005661
0
0
0
0
5.134973049
11.4612608
9.90221405
19.8044281
0
0
29.70664215
0
0
0
0
24.91347504
3.073629618
0
9.097943306
3.765195847
8.11438179
13.32627392
23.32097626
0
0
0
0
0
17.72796249
70.91184998
0
0
28.10483551
0
0
0
5.413047314
0
5.259268284
6.304969788
0
0
0
0
2.365777016
0
0
0
0
0
0
0
0
0
0
0
9.602253914
0
0
0
0
0
0
0
0
0
0
3.701231003
0
0
0
0
8.893561363
17.78712273
0
8.893561363
0
0
0
0
0
0
0
0
0
19.06223488
10.89270592
0
0
15.93021679
0
0
0
4.798705101
8.089244843
8.285110474
4.602839947
5.288369179
37.64748383
0
10.98051548
0
10.98051548
15.55240059
23.32860184
7.776200294
15.55240059
15.55240059
0
0
0
0
0
0
8.547515869
17.09503174
8.547515869
17.09503174
0
9.871170044
19.74234009
0
0
5.602458
3.783749104
0
0
5.372505665
0
0
6.132992744
5.350057125
4.071262836
0
9.149967194
9.149967194
9.149967194
0
0
12.05362225
6.887784481
6.026811123
0
0
7.587557316
0
2.945757866
0
0
0
0
0
4.293582439
0
0
0
0
0
1.2237854
2.982287645
0.912058771
0
0
2.678268194
5.972296238
0
0
0
0
0
0
0
0
10.40653133
0
0
0
3.865777016
3.865777016
4.127624035
0
8.25524807
0
4.127624035
5.0064888
5.0064888
0
0
0
0
0
0
0
0
0
0
0
0
0
0
0
0
0
0
0
0.1
6.6
0
0
0
0
0
0
0
0
0
0
0
0
0
0
0
0
0
0
0
0
0
0
0
0
0
0
0
0
0
2.632446766
2.632446766
0
3.862889767
0
0
0
0
0
0
0
0
0
10.80456257
0
0
0
0
0
0
0
0
0
0
0
0
0
0
3.609449625
4.125085354
0
0
0
2.924774408
5.849548817
13.74510956
0
6.872554779
3.43627739
3.92717433
8.160603523
14.28105545
7.140527725
0
7.140527725
5.58527565
11.1705513
6.383172035
11.1705513
5.58527565
8.900085449
0
8.900085449
4.450042725
4.450042725
0
0
5.108473301
0
8.939827919
4.46991396
0
3.338154554
0
3.815033913
10.01446342
0
2.632877827
0
2.632877827
5.265755653
5.003686428
2.189112663
0
0
2.189112663
1.036292553
0.949934781
5.785966873
13.81723213
0.777219355
11.53251743
0
0
5.045476437
5.766258717
0
8.440170288
12.60398674
18.68091011
0
0
16.88019371
29.24786186
0
0
0
6.823357105
23.39436722
6.823357105
6.823357105
15.60641575
15.60641575
0
0
0
0
0
0
5.194803238
3.516978502
0
6.246463299
0
0
3.56940794
0
0
0
4.759957314
5.43995142
0
0
0
11.44382763
5.721913815
11.44382763
29.49588394
0
49.12849045
0
0
0
9.81873703
0
19.63747406
0
0
46.98227692
12.26013756
0
17.18208885
11.84894943
12.25753307
0
32.95914459
33.29962921
12.40737152
14.64929581
15.75490475
8.660590172
5.65088129
31.45844269
0
31.45844269
35.95250702
0
11.89581203
0
0
0
11.89581203
26.09091949
13.04545975
26.09091949
0
0
0
19.35015488
0
0
0
0
0
0
0
0
0
0
0
20.4595089
30.68926239
0
0
20.32144928
20.32144928
35.56253433
0
0
0
0
0
0
0
0
0
19.37867928
9.689339638
0
0
0
0
0
0
0
0
13.84571743
13.84571743
20.29474258
20.29474258
0
0
0
0
0
8.043585777
0
0
16.08717155
0
0
0
21.84158516
0
0
0
0
0
0
9.918883324
0
11.33586693
19.83776665
19.83776665
0
13.70824051
12.86465836
0
10.33390522
10.58562851
21.17125702
0
10.58562851
10.58562851
0
21.25865555
7.086218834
0
0
19.2618103
8.427041054
8.427041054
8.427041054
8.427041054
0
9.063746452
0
0
9.063746452
0
0
18.17456436
7.008808613
0
13.20998955
26.4199791
13.20998955
0
0
0
0
0
8.663141251
0
0
1.203891635
0
0
0
0
3.972263336
0
0
0
0
0
0
0
0
0
0
0
4.240187168
0
0
0
3.571304083
0
7.142608166
0
0
0
0
0
0
2.381905556
0
0
1.267220736
1.748295426
1.658357263
0
0
0
0
0
0
3.507152319
0
0
0
0
0
0
0
0
0
0
0
0
0
0
0
0
3.933357954
0
0.1
6.6
5.369136333
0
0
0
0
0
0
0
0
0
0
0
0
0
0
0
0
0
0
5.835216999
0
0
0
0
0
0
0
0
0
0
0
0
0
2.141601324
0
0
0
0
0
0
0
0
1.517816663
0
0
0
0
0
1.227189064
20.64448738
0.910494983
10.77436161
0
0
0
0
0
0
0
0
0
0
0
0
0
0
0
0
0
0
0
0
0
0
0
2.304586411
11.52293396
0
0
2.12293148
0
0
0
0
0
0
0
5.030590534
5.030590534
8.803533554
6.512634754
19.53790474
0
0
0
0
7.225206375
7.225206375
0
0
0
0
3.178920269
6.357840538
12.71568108
30.21427345
0
0
6.042855263
10.57499599
0
7.802289963
8.916903496
0
35.66761398
0
0
8.97692585
10.47307968
2.992308617
10.30672646
0
0
23.55823326
0
4.771329403
0
2.385664701
0
4.771329403
0
0
13.33185196
10.15760231
13.33185196
0
12.14509678
0
0
0
2.872087717
0
0
0
0
0
13.61888695
6.809443474
6.809443474
6.809443474
0
19.01335907
0
6.337786198
0
0
0
0
23.55392456
0
0
13.58134937
0
27.16269875
0
13.58134937
12.9491148
0
0
12.9491148
6.4745574
0
0
0
43.29404068
0
62.86064148
0
0
0
0
6.009236813
0
0
0
12.01847363
0
35.04519272
52.56779099
35.04519272
0
0
0
8.748674393
0
0
0
0
0
0
0
0
0
0
0
17.55470657
0
14.18162727
0
0
0
0
0
0
0
8.838838577
8.838838577
0
0
7.098407745
7.098407745
0
0
0
0
0
0
0
0
12.89974976
0
0
0
0
0
0
0
0
7.050621986
21.15186501
0
0
0
21.43605614
0
0
0
0
0
0
0
0
0
14.04022789
14.04022789
14.04022789
28.08045578
0
0
0
0
0
0
0
0
0
0
23.16757011
17.34549713
0
0
17.34549713
17.34549713
0
0
14.91544533
0
7.457722664
11.28925228
9.878095627
9.878095627
9.878095627
9.878095627
13.71850967
24.00739098
0
0
12.00369549
15.67019081
0
0
0
0
0
0
0
14.0158844
0
0
12.53829002
12.53829002
0
0
0
3.820145845
0
0
0
0
0
0
0
6.358072758
0
0
0
4.140541553
4.140541553
4.140541553
3.607843637
3.607843637
3.607843637
3.607843637
3.607843637
2.924469233
5.848938465
2.924469233
0
0
2.904897451
2.904897451
0
0
5.809794903
1.997870803
1.997870803
0
0
1.997870803
0
1.939337492
3.878674984
0
1.939337492
3.609221935
3.609221935
3.609221935
0
3.609221935
13.10477734
5.733340263
0
0
5.733340263
3.849388361
0
11.54816532
7.698776722
0
0
0
0
0
0
0
0.1
6.6
0
0
0
0
0
0
0
0
0
0
0
0
0
0
0
0
0
0
0
4.561258316
3.102640629
0
0
0
0
0
0
8.355371475
0
0
0
0
4.670719147
4.670719147
0
0
0
0
0
0
6.357101917
8.818745613
4.409372807
0
0
0
0
6.438615322
0
0
0
0
0
0
8.31798172
4.15899086
2.43193531
2.43193531
2.43193531
0
4.038672924
0
0
4.038672924
6.792813301
5.943711758
5.943711758
0
6.792813301
4.883547783
0
0
0
9.767095566
0
6.992051125
0
10.82640076
0
0
11.44750118
7.631667137
0
7.631667137
12.19551849
0
0
12.19551849
4.065172672
4.065172672
4.862719536
14.63058949
0
13.62070465
0.96745193
4.321083069
8.642166138
4.321083069
0
8.642166138
0
0
6.990902901
15.97920704
0
0
0
3.896723032
0
8.906796455
0
0
0
0
3.788165331
0
0
15.90389156
0
12.1172514
0
0
9.650866508
9.650866508
8.444507599
4.841169834
0
0
4.841169834
11.06553173
9.97749424
19.95498848
29.93248177
9.97749424
9.97749424
17.64213753
8.821068764
10.08122253
8.821068764
0
0
13.53041077
0
27.06082153
13.53041077
10.99258232
0
21.98516464
0
0
0
0
0
6.955375195
13.91075039
6.955375195
0
0
0
13.77775192
0
0
0
0
0
0
0
15.67725563
15.67725563
0
15.67725563
0
48.86916733
24.43458366
0
0
0
17.93201637
0
8.966008186
0
17.39398575
52.18195724
0
17.39398575
17.39398575
0
0
0
26.4052372
0
0
8.552128792
19.54772568
0
0
0
0
0
20.75434113
0
16.61847115
0
0
0
16.61847115
16.62836456
0
0
0
0
0
0
0
0
0
0
0
0
0
0
0
0
0
38.25632095
38.25632095
0
0
0
0
0
0
0
0
0
0
0
0
0
0
0
0
0
0
10.89570427
0
21.79140854
0
22.44857407
22.44857407
0
0
0
11.32606602
22.65213203
0
11.32606602
0
0
0
0
0
0
0
0
0
11.84635258
11.84635258
33.84605408
0
0
0
16.92302704
0
17.1874752
8.593737602
0
0
0
48.0121994
36.00915146
0
0
0
0
0
0
17.52819252
11.69326973
11.69326973
0
0
11.69326973
0
0
0
7.093400955
7.093400955
0
0
9.120292664
9.120292664
9.120292664
0
4.95777607
4.95777607
0
0
0
0
11.88075924
0
0
0
0
0
0
0
0
0
0
16.50102615
0
5.500341892
0
0
0
7.392977715
0
3.362318516
3.362318516
0
0
3.362318516
5.043956757
5.043956757
5.043956757
0
0
0
0
0
0
0
0
0
0
0
0
0
0
0
0
0
0
0
0
0
0
0
0
0
0
0
0
0.1
6.6
3.456931114
0
0
0
0
0
0
0
0
0
0
0
0
0
0
0
0
0
0
0
0
0
0
0
0
0
0
0
0
0
1.853301048
0
0
0
0
3.784475088
3.205758572
3.205758572
0
0
0
0
0
0
0
0
0
0
0
0
0
0
0
0
4.622999191
0
0
0
0
0
12.04296398
0
0
0
0
0.88521409
0.737678289
0.88521409
4.610489368
0
0
0
7.933427334
7.933427334
0
0
0
0
8.296207428
0
6.482676506
0
0
0
0
3.093913555
3.093913555
3.093913555
3.093913555
0
0
0
4.187711239
0
7.328494549
7.328494549
4.577516079
10.46289444
5.23144722
0
4.577516079
0
0
4.337868214
0
0
13.93086815
15.92099285
0
13.93086815
0
3.698666811
3.698666811
0
0
0
0
2.065419436
0
4.130838871
6.196258545
0
0
0
3.964465141
3.964465141
0
0
18.36517525
0
18.36517525
0
10.87397671
10.87397671
0
0
0
9.985814095
9.985814095
0
14.97872162
16.48076248
5.493587494
10.98717499
0
6.278386116
27.25062752
0
0
9.08354187
0
0
11.73451805
11.73451805
0
0
11.73451805
12.27835464
0
0
12.27835464
24.55670929
0
0
0
18.82674408
28.24011421
15.28554058
0
15.28554058
0
0
0
0
0
0
0
0
0
0
0
0
0
0
0
0
0
0
0
0
0
0
0
6.743404865
6.350584984
5.53221035
4.02640152
0
29.85671997
0
0
39.80895996
0
0
0
0
0
0
0
0
0
19.26615334
0
0
0
0
0
0
0
0
0
0
0
0
0
0
0
0
0
0
0
0
0
0
0
0
0
0
34.86197662
0
0
0
0
0
0
0
0
0
0
18.74764252
0
9.373821259
9.373821259
0
0
26.33215714
26.33215714
0
0
0
11.60650253
0
23.21300507
11.60650253
14.88395596
29.76791191
0
14.88395596
0
0
0
7.718886852
11.21192837
12.26228142
0
0
8.581885338
8.581885338
0
0
12.44260979
0
12.44260979
0
13.28715038
6.643575191
6.643575191
0
0
13.2347517
26.4695034
0
13.2347517
26.4695034
19.51443863
9.757219315
0
0
0
0
13.28750706
0
0
0
0
0
4.441113949
0
0
4.441113949
7.542344093
0
3.771172047
3.771172047
11.31351662
3.549450159
0
3.549450159
3.549450159
0
0
0
5.041811943
0
0
0
0
0
0
0
0
0
0
0
0
0
0
0
0
0
0
0
0
0
0
8.106070518
7.092811584
0
0
0
0
0
0
0
0
0
0
0
0
0
0
0
0
0
0
10.08025551
0.1
6.6
3.681514502
0
0
0
0
0
0
0
0
0
0
0
0
0
0
0
0
0
1.628635526
0
0
0
0
0
0
0
0
0
0
0
0
0
0
2.393791199
7.181374073
0
0
0
0
0
0
0
0
1.886573434
5.659720421
3.773146868
0
0
1.900009513
1.900009513
0
0
0
0
0
0
0
0
1.53306222
5.860415459
0
0
0
0
4.576483727
0
9.626396179
0
12.07244778
0
0
0
10.49495316
0
0
0
7.613328457
6.661662102
0
0
0
0
0
3.773394823
3.982253075
11.94676018
7.964506149
4.551146507
3.982253075
9.102293015
0
3.357192993
6.714385986
6.714385986
6.714385986
5.414513588
5.414513588
0
3.609675407
1.804837704
4.023700714
3.559427023
0
7.118853569
10.36876678
5.89850235
0
1.29029727
16.86602974
2.211938381
0
1.519036412
11.97145462
0
1.754125476
4.407302856
6.799069881
7.309672832
0
0
0
0
5.005410671
5.005410671
0
3.380815983
3.380815983
3.380815983
3.380815983
3.380815983
0
3.531854391
0
0
3.531854391
1.995172381
0
3.990344763
5.985517502
0
3.119963169
0
6.239926338
6.239926338
6.239926338
0
0
8.336258888
0
5.250239849
12.54446793
11.74554634
0
11.74554634
0
23.49109268
9.814619064
0
19.62923813
19.62923813
19.62923813
0
0
0
0
21.759161
14.11023998
0
0
0
0
31.7015419
0
15.85077095
0
0
0
12.44414616
24.88829231
0
0
13.1313982
39.39419937
13.1313982
13.1313982
13.1313982
0
0
0
0
0
0
0
0
0
0
0
0
0
0
0
0.319164813
0
0.191235095
0.407528609
0.698997378
7.374644756
2.653073311
0
2.787975073
8.903533936
3.440001488
0
0
9.935733795
0
19.87146759
0
0
0
0
0
0
0
0
0
0
33.32529831
0
0
0
16.66264915
0
0
7.67661047
7.67661047
0
0
0
0
22.89835358
0
0
7.099005222
0
7.099005222
14.19801044
0
0
10.7266283
0
9.385799408
0
0
6.182947159
0
6.182947159
6.182947159
12.71574306
0
22.25255013
11.12627506
22.25255013
16.55149269
0
16.55149269
0
0
34.58790207
0
0
23.05860138
0
0
0
0
28.37010765
2.928107262
7.708181858
7.708181858
15.41636372
30.83272743
7.708181858
0
15.33747005
15.33747005
0
0
0
10.53515911
0
0
11.12776089
0
0
40.86275864
0
0
10.85776997
10.85776997
0
0
0
9.500548363
2.010731936
2.010731936
2.010731936
0
0
0
0
0
0
0
0
0
1.84368813
3.687376261
3.687376261
0
0
11.04244137
5.521220684
0
0
2.904553175
0
0
2.904553175
0
26.19903374
0
0
6.549758434
3.89178133
7.78356266
11.67534447
0
3.89178133
3.141740084
0
0
0
0
0
0
0
0
0
0
0
0
0
0
0
0
0
0
0
0
0
0
0
0
0
0.1
6.6
0
0
0
0
0
0
0
0
3.259105921
0
3.70851469
1.854257345
0
0
0
0
0
3.283605814
0
0
0
0
0
0
0
4.363361359
0
0
0
0
0
0
0
0
0
0
0
0
3.010811329
0
3.010811329
9.641426086
4.820713043
4.820713043
0
0
0
0
0
0
0
0
0
0
0
0
0
0
2.054872274
0
0
0
12.89752388
6.44876194
0
0
0
8.14428997
0
14.11533546
0
0
0
0
0
2.006700993
0
2.293372631
6.020102978
0
0
0
8.014745712
0
0
0
0
0
2.911366701
2.911366701
7.020865917
12.82071209
0
42.73570251
0
0
4.893426895
14.68028164
0
0
5.356241226
0
0
0
0
2.795847654
6.523644447
0
0
0
0
16.54777336
4.270393848
8.006988525
0
0
2.081394672
0
0
3.825265884
4.937288284
14.81186581
4.937288284
4.937288284
9.874576569
0
0
3.560621262
7.121242523
0
6.558939457
7.495930672
13.11787891
6.558939457
0
0
0
6.339447498
0
6.339447498
14.67178345
16.76775169
0
0
14.67178345
0
22.85437965
7.618126869
7.618126869
0
0
6.62535429
6.62535429
6.62535429
0
6.62535429
0
0
0
26.79153824
0
14.91186714
26.09576607
0
0
0
0
0
0
0
0
0
0
0
0
28.73276901
0
26.62893295
0
0
0
0
0
0
0
0
0
0
0
9.417116165
0
14.25257301
0
14.25257301
0
0
0
0
0
11.74493694
13.42278576
0
0
0
0
0
0
0
0
0
0
0
0
0
0
0
0
0
0
0
0
0
0
0
0
0
0
0
0
0
24.38139725
12.19069862
0
25.53886223
0
0
0
0
25.85114861
0
0
0
0
33.19921494
0
0
0
0
0
0
0
0
0
0
0
0
0
0
0
0
0
0
11.84282017
0
48.73042297
24.36521149
0
0
10.25317764
0
0
10.25317764
20.50635529
0
5.567964077
11.13592815
5.567964077
0
0
13.98972988
6.994864941
13.98972988
0
12.20579815
12.20579815
24.4115963
0
24.4115963
0
12.32067204
0
24.64134407
12.32067204
7.658494473
0
0
0
0
12.3969202
10.84730434
0
21.69460869
0
0
0
0
10.24805927
5.124029636
5.124029636
4.93281889
4.93281889
0
2.466409445
0
0
0
0
0
0
0
0
3.452487946
0
0
0
0
0
0
0
0
0
0
0
0
0
0
0
0
0
0
0
0
0
0
0
0
0
0
0
0
0
0
0
0
0
0
0
0
0
0
0
0
3.528182745
3.528182745
0
0.1
6.6
0
3.252824306
0
0
0
0
0
0
0
2.529680729
0
0
0
0
0
0
0
0
0
0
0
0
0
0
0
0
0
0
0
0
0
0
0
0
0
0
0
0
0
0
0
0
0
0
0
0
0
0
0
0
0
0
0
0
0
0
0
11.38389206
6.505081177
0
5.86703968
5.86703968
2.93351984
0
4.192516804
16.77006721
12.57755089
4.192516804
0
7.045174122
0
0
0
10.56776047
0
3.055314064
12.22125626
0
0
3.764346123
0
3.764346123
3.764346123
0
0
0
6.22218132
3.11109066
0
0
2.616627932
2.616627932
2.616627932
2.616627932
2.990432262
0
2.734446049
2.734446049
2.392640114
4.785280228
0
5.374798775
4.70294857
4.70294857
2.687399387
2.411521435
16.09617805
18.01377487
0.581089497
1.104070067
0
0
4.414343834
38.54870605
0
6.298775673
0
6.298775673
18.89632607
6.298775673
18.54784393
18.54784393
0
0
0
4.664514542
0
0
4.664514542
0
11.77648926
0
10.30442715
11.77648926
10.30442715
0
0
8.035567284
0
0
6.896826744
27.58730698
13.79365349
27.58730698
0
4.675284863
9.350569725
0
4.675284863
4.675284863
4.675284863
0
0
8.129906654
8.129906654
16.25981331
27.21711349
18.14474106
27.21711349
9.072370529
0
0
22.47542953
11.23771477
0
11.23771477
0
12.42107582
0
12.42107582
0
0
0
0
27.39489365
0
0
0
0
0
26.40213203
0
0
34.95066452
17.47533226
0
0
0
0
0
0
20.80102158
0
20.80102158
20.80102158
0
14.8652668
0
0
29.7305336
44.59580231
0
24.3312397
0
0
0
0
0
0
11.65267372
23.30534744
0
10.56984043
0
0
0
0
0
16.21066093
0
0
0
0
0
0
12.46520805
13.6951704
0
31.51953888
0
0
0
0
0
15.39431667
46.18294907
15.39431667
0
15.54533863
15.54533863
15.54533863
0
0
11.51697063
11.51697063
0
0
11.51697063
12.71602821
12.71602821
0
0
0
11.48736382
34.46208954
0
11.48736382
0
0
0
0
11.24522591
11.24522591
0
0
0
13.99228668
13.99228668
0
12.68684959
12.68684959
0
12.68684959
0
10.35069847
0
0
0
13.03933907
13.03933907
0
0
0
6.066182613
6.066182613
6.066182613
6.066182613
0
14.78965378
0
0
14.78965378
14.78965378
14.20471096
14.20471096
0
16.23395538
14.20471096
0
0
0
29.28256989
0
0
9.673427582
0
0
0
4.836713791
0
5.77280426
0
0
0
0
0
0
0
0
0
0
0
0
0
0
0
0
0
0
0
0
0
0
0
0
1.872917295
1.872917295
0
0
5.161472797
2.580736399
2.580736399
0
2.580736399
2.046226501
2.046226501
0
0
0
0
0
0
0
2.55658412
2.926364183
5.852728367
5.852728367
0
0
0
0
0
0
0
0
0.1
6.6
0
0
0
0
4.035040379
0
0
0
0
0
0
2.004491806
0
0
2.004491806
0
0
0
0
0
2.208078146
0
0
0
0
6.072393417
0
0
0
0
0
5.415414333
0
5.415414333
5.415414333
0
0
0
10.51552677
0
5.257763386
3.94461441
3.94461441
7.889228821
4.508131027
3.94461441
5.265660763
9.214905739
4.607452869
0
0
0
0
0
0
0
2.074620724
0
4.149241447
2.074620724
0
0
0
13.58494949
6.792474747
0
0
0
0
9.718697548
7.100191116
0
8.114504814
7.100191116
16.22900963
3.519741297
0
0
3.519741297
4.022561073
5.763231277
5.763231277
0
0
2.881615639
3.015730619
0
3.015730619
6.031461239
3.015730619
0
0
6.78746748
0
6.78746748
6.78746748
8.981742859
0
4.490871429
13.47261429
13.47261429
16.48737717
5.495792389
0
0
0
3.461225033
10.38367558
0
0
3.461225033
0
5.822288513
5.094501972
0
0
0
6.055500507
0
0
15.8956871
0
5.048708439
0
5.769953251
17.30985832
0
0
0
4.835577965
9.67115593
12.21399879
0
0
0
27.91771317
0
0
0
0
6.261896133
6.318552494
12.63710499
0
12.63710499
6.318552494
0
21.20106888
4.637733936
9.275467873
4.637733936
0
0
0
26.21206093
0
13.10603046
10.02524185
10.02524185
0
20.0504837
10.02524185
13.71264553
41.13793564
0
0
13.71264553
0
0
0
0
0
0
0
0
0
0
12.94862938
38.84588623
0
12.94862938
0
0
11.56814098
11.56814098
0
0
13.06058407
0
0
13.06058407
0
0
38.29835892
38.29835892
0
0
0
23.48716736
0
0
0
0
0
0
0
0
0
0
0
0
0
0
0
0
0
0
0
0
0
0
0
0
0
9.346538544
0
0
0
0
0
0
0
22.39642715
0
0
13.30314255
13.30314255
13.30314255
0
0
0
0
0
0
0
0
0
0
15.93054867
0
0
16.80303001
0
0
0
0
0
0
0
0
0
0
0
0
0
0
0
0
17.72834587
16.6808567
0
0
0
0
0
17.78766251
0
8.893831253
0
11.62160778
5.81080389
5.81080389
0
5.81080389
0
12.61304569
0
0
12.61304569
16.53357315
8.266786575
0
8.266786575
16.53357315
10.53002262
0
10.53002262
0
0
20.43320274
10.21660137
0
0
0
0
0
0
0
0
0
0
0
0
0
0
0
0
0
0
0
0
0
0
0
0
0
0
5.167377472
0
0
0
7.270913601
0
7.270913601
0
8.161950111
0
0
0
4.080975056
0
0
0
0
0
0
0
0
0
0
0
0
0
0
0
0
0
0
0
0
0
0
0
7.206186771
0
0
0.1
6.6
0
0
0
0
0
0
0
0
0
0
0
0
6.659387589
0
0
2.493451834
0
0
0
4.986903667
0
0
0
0
0
0
0
0
0
0
0
0
0
0
0
0
0
0
0
0
0
0
0
0
0
0
0
0
0
0
0
0
0
0
0
0
3.699326754
3.699326754
7.398653507
7.256205082
12.09367561
0
0
0
0
0
0
0
0
0
5.405805588
0
2.702902794
0
0
0
0
1.558541417
3.117082834
0
12.31374168
10.77452469
0
5.387262344
17.10663414
0
0
0
4.887610435
4.276658535
0
2.997964621
5.995929241
8.993893623
0
0
6.735117912
0
0
0
7.332056046
19.24664688
0
12.83109665
14.66411209
4.340894222
0
4.340894222
4.340894222
4.340894222
4.54537487
0
2.79101944
9.88818264
10.28689957
3.090496778
6.180993557
3.090496778
3.090496778
6.180993557
9.731329918
4.865664959
0
0
0
0
14.60523415
0
7.302617073
0
0
3.200717926
0
0
0
0
0
16.85638046
0
16.85638046
0
15.70227623
0
0
0
0
17.801754
0
5.933918476
5.933918476
0
0
15.78297138
31.56594276
15.78297138
7.891485691
0
0
0
15.19831753
7.599158764
34.94815445
0
0
11.6493845
0
0
0
0
22.92085457
0
0
6.367558002
12.735116
0
0
0
0
11.99428368
0
0
0
0
0
0
0
0
0
0
0
0
0
81.85057831
0
0
0
0
0
0
0
0
0
0
18.58006096
18.58006096
0
0
0
0
0
0
0
0
0
0
0
0
0
0
0
0
0
0
0
0
0
0
0
0
0
0
0
0
0
0
42.33119202
0
0
0
0
0
0
0
0
0
0
0
14.43752289
0
13.1388731
19.70830917
6.56943655
6.56943655
6.640675068
0
13.28135014
6.640675068
0
12.35876274
37.07628632
12.35876274
0
0
0
0
5.333280563
5.333280563
0
7.74119854
8.847084045
0
0
0
0
0
8.53856945
17.0771389
8.53856945
5.294320107
5.294320107
10.58864021
5.294320107
10.58864021
0
7.363432407
0
14.72686481
0
0
0
17.53333282
35.06666565
0
0
10.73056412
0
5.365282059
0
0
23.66299057
0
7.887663841
7.887663841
15.77532768
3.907000303
0
0
0
0
5.035776138
5.035776138
5.035776138
0
5.035776138
0
0
0
5.021896839
0
0
0
0
3.915255785
3.915255785
4.411514759
4.411514759
0
0
0
4.248191357
4.248191357
0
8.496382713
0
3.736923695
0
0
0
0
0
4.59856081
4.59856081
0
4.59856081
6.595016003
0
0
0
0
0
0
0
0
0
0
0
3.700031996
0
0
0
0
0
0
0
0
0.1
6.6
0
0
0
0
6.023355484
0
0
0
0
0
0
0
0
3.046632767
0
0
0
0
0
0
0
0
0
0
0
0
0
0
7.291489124
7.291489124
0
7.002840996
0
0
0
0
0
0
0
0
4.751593113
5.559150696
5.559150696
0
0
0
0
0
0
0
0
0
0
0
0
0
0
0
0
0
0
4.023842812
0
0
0
0
0
0
0
0
4.712014198
0
0
0
0
0
0
2.040244102
2.040244102
0
0
0
0
0
0
0
2.535833597
0
5.796190739
0
8.404528618
4.802588463
4.202264309
4.202264309
4.202264309
3.841541052
0
7.683082104
7.683082104
3.841541052
2.388499498
4.776998997
4.776998997
9.553997993
0
0
0
7.841184616
7.841184616
0
0
13.31340504
2.580117226
0
0
0
5.950469017
0
10.41332054
15.61997986
10.63424015
10.63424015
0
5.317120075
0
46.19857025
17.1367569
0
0
0
0
0
0
0
0
0
0
0
37.6290741
12.54302502
0
0
9.795372009
0
0
0
0
0
0
11.38055801
5.690279007
7.065181732
13.35535717
18.5280838
5.551214218
14.38269138
0
0
0
0
0
0
7.033878803
0
7.033878803
0
0
0
15.98058128
0
0
22.66568375
0
0
0
0
0
12.45415878
12.45415878
0
0
0
28.5440731
0
0
0
18.6459713
0
18.6459713
0
0
8.977899551
17.9557991
0
0
0
0
0
0
0
14.07270622
0
0
0
0
0
0
0
0
0
0
0
0
0
0
0
0
0
0
0
0
0
15.49484444
0
15.49484444
0
0
0
0
16.89263344
0
0
0
0
0
0
0
0
0
0
0
0
0
0
0
0
0
0
0
0
0
17.09867096
0
34.77008438
0
0
17.38504219
0
0
0
0
0
0
0
0
0
0
0
19.95526505
0
0
0
0
15.17135811
0
0
7.585679054
8.669347763
0
22.60201263
0
0
0
7.937502861
23.81250954
0
0
7.937502861
0
0
21.63626289
9.465864182
9.465864182
0
4.896328449
9.792656898
0
4.896328449
0
0
0
0
7.190413475
7.190413475
3.414150953
0
0
0
0
0
4.155696869
0
0
0
0
0
2.693517447
2.693517447
0
0
0
2.608947754
2.608947754
0
2.353373289
2.353373289
0
0
2.353373289
0
3.250443935
0
1.625221968
0
0
0
0
0
0
0
0
2.281287193
0
2.281287193
0
4.147663116
0
0
0
0
0
0
0
0
0
0
0
0
0
0
0
3.437127829
0
0
0
0.1
6.6
0
0
0
0
10.80600071
0
0
0
0
0
0
0
0
0
0
3.823148966
0
0
0
0
0
0
5.111166
0
0
0
0
0
0
5.145124912
5.145124912
0
4.103179932
4.103179932
8.206359863
0
0
0
0
0
0
0
0
0
0
8.075260162
10.87251663
5.436258316
0
0
0
0
0
0
9.383828163
0
2.261398077
4.522796154
4.522796154
5.692424774
5.692424774
5.692424774
6.505628586
13.01125717
5.319753647
6.079718113
5.319753647
0
6.079718113
4.14413929
8.28827858
12.43241787
0
0
10.00493336
0
5.717105389
5.002466679
10.00493336
0
0
0
7.287128448
0
5.586787701
0
0
5.586787701
0
6.38490057
7.727874756
26.59053612
0
0
0
0
18.79535103
4.698837757
0
0
0
0
3.011559248
2.635113955
0
7.646533966
11.46980095
0
0
7.646533966
4.622535706
0
0
4.622535706
0
3.134763002
13.71458721
5.485834599
0
0
0
2.852252245
2.852252245
2.852252245
0
0
0
0
9.541707993
9.541707993
0
5.025035858
15.07510853
11.48579693
20.10014343
0
0
4.885566235
9.771132469
4.885566235
0
0
0
3.473444939
3.473444939
5.466238976
0
10.93247795
0
0
6.247130871
0
0
16.37990952
31.94396591
0
0
0
7.921025276
15.84205055
0
12.60298538
0
0
22.05522346
12.60298538
0
12.3217907
10.78156567
10.78156567
0
0
8.233422279
8.233422279
32.93368912
0
0
7.799940586
0
7.799940586
23.39982414
13.29144955
53.16579819
0
0
26.58289909
0
26.39899635
0
0
23.09911919
28.93026352
14.46513176
0
43.39539337
28.93026352
35.22457123
17.61228561
0
35.22457123
0
0
0
14.86539268
29.73078537
0
0
11.50357628
23.00715256
0
0
0
0
0
0
0
0
0
0
0
0
12.730196
0
0
0
0
0
9.46995163
28.40985489
0
9.46995163
18.93990326
11.60686684
11.60686684
0
0
23.21373367
29.13574982
0
0
0
43.70362473
0
0
15.64294815
0
0
0
18.40011978
0
0
0
0
8.250617981
0
8.250617981
0
0
0
25.9249897
0
0
12.96249485
26.00247002
0
0
0
13.00123501
0
25.86725044
0
12.93362522
12.93362522
6.079303265
12.15860653
0
6.079303265
6.079303265
0
0
8.937012672
8.937012672
0
8.043128014
0
8.043128014
0
0
0
0
8.148647308
8.148647308
0
0
0
16.45174789
0
16.45174789
12.10904789
0
24.21809578
0
24.21809578
12.10904789
2.93904829
0
5.878096581
2.93904829
2.93904829
0
0
0
2.62920785
5.258415699
3.320794582
3.320794582
0
0
0
4.778835773
0
0
0
0
0
4.667480946
0
0
0
3.739406347
3.271980524
0
3.271980524
3.271980524
0
0
0
0
0
0
0
0
0
0
0
0
0
0
0
0
2.22805357
0
0
0
0
0
0
0
4.240067482
0
0
0
0
0
0
0.1
6.6
0
2.307758331
0
0
0
0
0
0
0
1.731296301
0
0
1.383859754
2.767719507
0
0
0
0
2.51229763
1.256148815
0
0
0
0
0
0
0
0
0
0
0
0
0
0
0
0
0
0
0
0
0
0
0
0
0
0
0
0
0
0
0
4.316870689
0
0
4.316870689
0
5.424565315
0
0
0
0
0
0
0
0
0
0
0
0
0
0
0
0
0
0
17.47665024
5.825550556
5.825550556
5.825550556
23.30220222
0
0
3.933833599
0
3.933833599
0
25.91082954
0
0
0
0
6.377095699
6.377095699
3.18854785
6.377095699
3.18854785
0
0
0
0
0
14.93953133
0
0
0
3.734882832
0
4.370220661
0
8.740441322
8.740441322
5.148332596
15.44499779
0
0
0
0
0
8.592173576
8.592173576
4.296086788
5.509792328
0
0
9.64213562
9.64213562
7.278430939
7.278430939
3.639215469
7.278430939
10.91764641
0
0
8.167503357
4.083751678
8.167503357
18.17937279
0
0
0
0
3.270891666
3.270891666
9.812675476
9.812675476
0
23.58136749
0
0
0
0
0
25.07295036
0
0
0
12.53647518
0
0
0
7.30308342
0
0
22.61055946
0
0
0
11.34915638
0
11.34915638
22.69831276
11.34915638
10.50868988
0
0
0
0
0
0
0
0
19.29729462
0
0
8.193722725
8.193722725
0
24.58102036
12.29051018
12.29051018
24.58102036
0
0
0
0
0
0
0
0
0
0
0
0
0
0
0
0
0
14.17920971
14.17920971
14.17920971
0
0
39.81967163
0
39.81967163
0
0
0
0
7.229334354
7.229334354
0
0
0
0
0
0
0
0
0
0
0
0
4.157210827
4.157210827
0
0
0
0
0
0
0
0
0
0
0
0
0
0
22.39227676
0
0
29.85636902
10.66149902
0
5.330749512
5.330749512
10.66149902
0
0
18.61657906
0
18.61657906
0
17.64523888
0
0
17.64523888
0
14.20912075
0
0
0
8.699776649
8.699776649
8.699776649
8.699776649
0
0
14.71674156
0
0
0
0
0
0
10.50477505
0
0
12.50785255
25.01570511
0
0
0
5.878650665
5.878650665
5.878650665
0
0
16.40228081
16.40228081
16.40228081
0
0
5.749832153
0
0
0
5.749832153
0
0
0
1.116554856
0
2.416545153
0
0
0
4.833090305
0
0
3.59769392
3.59769392
0
0
0
0
0
0
0
0
0
0
0
0
0
0
0
0
0
0
0
0
0
3.72781229
0
0
0
0
0
0
0
0
0
2.776633978
0
2.776633978
0
0
0
0
0
0
0
6.607809067
0.1
6.6
5.84703064
0
0
0
0
0
0
4.410680294
0
0
0
0
0
0
0
0
0
0
0
0
0
0
0
0
0
0
0
0
0
0
0
0
0
3.798491001
3.798491001
0
0
0
0
0
0
0
0
0
0
0
0
0
0
0
0
0
0
0
0
2.155087233
1.283569455
1.283569455
2.56713891
5.577162266
0
0
11.15432453
0
0
0
2.092091322
2.092091322
2.092091322
0
0
6.901136875
10.35170555
0
5.343156338
5.343156338
0
5.343156338
0
4.903645992
2.451822996
2.451822996
0
2.451822996
8.184380531
4.092190266
4.092190266
0
0
4.092190266
17.1159668
5.705322266
34.23193359
0
5.705322266
3.110467196
0
0
0
6.220934391
2.277115822
2.277115822
2.277115822
9.108463287
0
10.13610744
3.378702402
10.13610744
3.378702402
0
4.507751465
4.507751465
0
4.507751465
13.52325439
13.73107529
0
4.577024937
9.154049873
0
0
0
15.88616753
15.88616753
0
5.151750565
0
0
15.45525169
0
0
3.863095999
3.863095999
7.726191998
15.452384
4.773740292
0
0
9.547480583
4.773740292
0
0
0
15.59162712
15.59162712
0
12.98081017
6.490405083
19.47121429
19.47121429
0
9.477241516
0
0
0
18.95448303
0
5.538243294
5.538243294
0
0
5.556797981
5.556797981
5.556797981
5.556797981
0
0
8.672859192
17.34571838
0
0
0
9.83131218
29.49393845
0
9.83131218
11.57143688
0
11.57143688
23.14287376
0
0
0
0
0
26.43259048
0
0
0
0
0
0
0
0
0
0
0
0
0
0
0
17.0680027
0
0
0
0
0
0
0
8.695713043
0
0
0
0
0
0
0
0
0
0
0
0
0
14.18558311
0
0
0
0
0
0
0
0
0
0
0
14.95130062
0
0
0
0
0
0
0
0
0
0
0
0
0
0
29.23292351
14.61646175
0
10.33643532
20.67287064
0
10.33643532
0
0
0
0
0
0
22.40351868
0
0
0
0
0
0
0
0
26.17484283
18.74184418
0
0
0
0
0
6.542374134
0
0
0
2.774855614
2.774855614
0
0
2.774855614
0
12.22120953
10.69355774
0
0
0
8.134548187
0
8.134548187
0
0
7.519034863
0
0
0
0
4.531592369
0
0
0
4.531592369
10.07584095
0
0
5.037920475
0
3.741124868
3.741124868
3.741124868
0
0
1.819364429
0
0
0
0
6.282430649
6.282430649
0
0
0
0
0
0
0
0
6.641253471
4.427502155
0
0
0
0
0
0
0
0
0
0
0
0
0
0
0
0
0
0
0
0
0
0
0
0
0
0
0
0
0
0.1
6.6
0
0
0
0
0
10.6824131
0
0
0
0
2.426549435
0
0
0
0
0
0
0
0
0
0
1.744834661
0
5.234503746
1.744834661
0
0
0
0
0
0
0
0
0
0
0
0
0
0
0
0
0
0
0
0
0
0
4.940903664
0
0
0
2.500630617
0
2.500630617
2.500630617
0
1.544171572
0
3.088343143
0
0
3.142059803
0
0
5.728520393
2.864260197
5.728520393
2.864260197
5.728520393
0
4.617988586
0
0
2.308994293
6.102333069
3.051166534
3.051166534
0
0
0.81055975
0.81055975
0.81055975
0.81055975
0
0
8.176272392
8.176272392
12.26440811
0
4.088136196
0
0
3.486978054
0
6.973956108
5.208316326
15.62494946
17.85708618
15.62494946
0
3.724728346
0
11.17418575
0
11.17418575
6.573235989
6.573235989
0
19.7197094
0
0
0
0
0
0
5.512410164
3.149948835
0
2.756205082
2.756205082
12.7983799
19.19756889
0
12.7983799
0
7.795734882
0
0
15.59146976
0
9.286232948
4.643116474
0
9.286232948
0
7.11806488
14.23612976
7.11806488
14.23612976
7.11806488
0
12.90796757
6.453983784
0
0
0
22.96710777
7.655703068
0
0
0
0
6.331131458
12.66226292
12.66226292
6.331131458
43.61976242
0
0
17.44790459
34.89580917
0
9.575647354
0
10.94359779
0
12.97575951
0
12.97575951
12.97575951
0
5.97853899
0
0
5.97853899
0
0
48.73237991
0
0
24.36618996
0
0
40.20262527
0
40.20262527
0
0
5.723239422
0
0
8.059506416
16.11901283
0
0
8.059506416
14.38389397
0
0
0
0
11.35103035
0
5.675515175
0
0
0
0
0
0
0
16.55521202
0
0
0
0
0
0
0
0
50.14989853
0
0
0
0
0
0
0
0
0
0
0
22.63053322
0
0
0
0
0
0
0
0
0
0
0
6.820566654
0
6.820566654
0
17.64492035
0
8.822460175
17.64492035
0
0
0
0
0
0
0
0
7.037002087
8.04228878
0
0
0
0
27.63819313
0
0
0
0
11.76194096
0
0
4.722401619
4.722401619
0
0
0
0
0
18.66263771
0
0
20.91940689
0
10.45970345
10.45970345
0
18.96660042
0
18.96660042
9.483300209
10.26739502
0
10.26739502
10.26739502
10.26739502
0
12.49301624
24.98603249
0
0
0
2.364064693
0
0
4.728129387
4.728129387
0
5.186851025
0
0
10.37370205
0
2.473945856
0
0
0
3.987002611
0
3.987002611
0
0
0
0
2.018560171
0
2.018560171
0
0
0
0
4.35388422
0
0
0
1.892599821
7.570399284
2.289028883
0
0
2.289028883
2.289028883
0
0
0
0
0
0
0
0
0
0
0
0
0
0
0
0
0
0
0
0
0
0.1
6.6
0
0
0
0
0
0
0
0
0
0
0
0
0
3.875486374
0
0
0
0
0
0
0
0
3.936776638
3.936776638
0
0
0
0
0
0
0
0
0
0
0
0
0
0
0
0
7.320037365
1.463157415
0
0
2.926314831
1.463157415
6.219682217
0
0
0
0
9.205082893
0
3.682033062
1.841016531
3.682033062
4.274184227
1.424728155
0
6.502879143
2.167626381
4.335252762
0
0
0
0
0
10.40177345
0
2.201958895
0
2.201958895
0
0
0
0
7.978646278
9.308421135
7.978646278
0
0
0
0
5.940415859
0
5.046311378
0
5.046311378
5.046311378
0
5.807690144
5.081728458
15.2451849
0
0
4.800822735
0
2.400411367
0
0
8.429913521
8.429913521
0
4.817094326
29.50469971
7.698856354
3.849428177
3.849428177
11.54828453
7.698856354
0
0
0
0
0
0
14.28936386
0
3.572340965
4.082675457
0
0
0
0
9.575669289
4.629538059
0
0
0
0
10.23528767
20.47057533
0
0
0
0
0
0
12.35021877
0
0
0
0
0
0
0
3.090653658
6.181307316
9.271960258
0
3.090653658
9.958751678
13.27833557
0
3.319583893
0
14.93791962
14.93791962
0
14.93791962
14.93791962
9.147928238
0
0
0
9.147928238
0
0
55.96178436
18.65392685
18.65392685
4.945345402
9.890690804
0
0
0
0
0
0
0
0
0
0
0
0
0
0
0
0
0
0
0
0
9.999982834
0
0
29.68754768
14.84377384
14.84377384
0
0
0
0
0
0
0
0
12.85334873
0
0
0
0
0
0
0
0
0
0
0
0
0
11.00027847
23.74128151
0
7.913760662
0
0
0
0
0
23.28549385
0
0
9.002200127
0
0
0
0
0
0
0
0
0
0
0
0
24.40284729
10.67624474
0
0
0
0
0
0
0
0
0
17.35889053
9.708480835
9.708480835
0
19.41696167
0
0
0
0
12.22426319
12.22426319
30.70118332
0
0
0
30.70118332
0
7.648095608
0
7.648095608
7.648095608
0
0
12.69748592
12.69748592
0
0
0
21.67621422
65.02864075
0
23.8665123
17.89988327
0
5.966628075
0
6.127291203
7.002619267
6.127291203
6.127291203
12.25458241
6.741330624
0
13.48266125
6.741330624
13.48266125
6.741330624
0
0
6.075325966
6.075325966
0
6.773057461
0
3.38652873
3.38652873
6.773057461
4.892355919
0
4.892355919
0
0
0
7.14159441
7.14159441
7.14159441
0
0
0
0
3.119018316
0
0
0
3.800285578
0
0
0
3.987839937
3.987839937
1.993919969
0
2.618494272
0
0
0
0
0
3.298062086
6.596124172
6.596124172
0
0
0
0
0
0
0
0
0
0
0
0
0
0
0
0
0
0.1
6.6
0
0
0
0
0
0
0
0
5.626597404
0
0
0
0
0
0
2.133352041
0
0
0
0
3.819926739
3.819926739
0
0
0
0
0
0
0
0
0
0
5.336616516
0
0
0
0
0
0
0
0
0
0
0
8.765117645
8.765117645
0
0
0
0
0
7.877006531
0
0
0
3.938503265
0
5.636322498
5.636322498
5.636322498
7.439739704
0
2.479913235
0
0
0
0
0
0
0
0
3.204890966
0
0
3.204890966
8.968467712
4.484233856
0
4.484233856
4.484233856
2.268719673
4.537439346
2.268719673
0
4.537439346
1.69292295
1.69292295
1.69292295
3.3858459
6.771691799
1.69292295
10.36972046
3.456573486
3.456573486
0
3.456573486
0
12.59009266
6.295046329
0
0
0
5.123274803
2.561637402
0
5.123274803
0
0
3.168847084
0
0
0
8.615265846
0
0
0
0
10.11476517
10.11476517
5.057382584
2.528691292
0
0
0
4.748792648
0
12.89748192
0
5.158992767
0
0
0
11.33746338
0
22.67492676
22.67492676
0
0
0
9.313745499
4.656872749
0
6.408477783
6.408477783
0
6.408477783
37.509758
0
0
0
0
7.501952171
0
0
0
27.92208862
0
0
14.6223278
0
14.6223278
14.6223278
0
0
6.219216824
12.43843365
0
6.815828323
0
0
0
0
0
0
0
0
0
0
0
10.34093285
0
10.34093285
0
0
12.03480339
0
0
21.37482262
0
0
53.43705368
21.37482262
0
0
0
11.49072456
0
0
0
0
0
9.795600891
0
0
0
0
0
0
0
0
0
0
0
0
0
0
0
0
0
0
0
0
0
0
0
0
20.13389969
0
0
0
0
0
0
0
20.42314339
0
0
0
0
0
0
0
8.614552498
8.614552498
7.52468586
8.5996418
7.52468586
0
0
9.496696472
0
9.496696472
0
0
0
0
17.46536636
17.46536636
17.46536636
0
0
0
34.10777283
17.05388641
0
0
0
15.66824341
0
10.89762402
0
0
21.79524803
10.89762402
19.43893051
0
0
0
0
0
6.388945103
6.388945103
12.77789021
12.77789021
19.16645241
6.388817787
0
6.388817787
0
0
10.23643494
0
0
20.47286987
6.55322361
0
0
0
7.489398479
0
7.70595789
0
23.11787415
0
7.70595789
0
0
0
0
0
0
5.775852203
0
0
0
0
0
0
2.620414972
2.620414972
0
0
6.067574024
6.067574024
0
0
0
0
5.11375761
5.11375761
4.509089947
0
0
0
0
0
0
0
3.307185173
0
0
0
0
0
0
2.390102386
7.170307159
2.390102386
0
0
0
0
0
0
0
0
0
0
0
5.335615635
0
0
0
8.232513428
0
0
0.1
6.6
0
4.365491867
0
0
0
0
0
0
0
0
0
0
0
0
0
0
0
0
0
0
0
0
0
0
0
0
0
4.55193615
0
0
0
0
0
0
0
0
9.257649422
3.085883141
0
6.171766281
0
0
10.08433628
3.361445427
0
0
0
0
0
0
0
0
0
0
0
17.87468719
4.064577103
0
2.032288551
8.942615509
2.980871916
5.961743832
0
0
0
0
9.519215584
0
8.329313278
0
7.926431656
20.80688286
6.93562746
0
0
10.67934036
0
10.67934036
5.339670181
12.80822372
0
0
0
0
9.142077446
4.571038723
0
0
0
0
6.710016251
0
0
0
0
0
4.920291424
0
4.920291424
4.920291424
0
8.595732689
0
8.595732689
17.19146538
0
0
5.632826328
1.955281138
8.554354668
0
14.03742504
14.03742504
0
4.679141998
0
0
0
25.0605278
16.7070179
0
0
9.116172791
18.23234558
9.116172791
0
0
0
7.671281338
7.671281338
0
0
0
0
0
0
5.806577206
11.61315441
0
0
0
14.11255932
4.70418644
0
0
16.87956047
8.439780235
0
0
16.87956047
16.87956047
0
0
0
14.90843487
14.90843487
0
0
0
0
23.94456482
32.88639069
10.96212864
0
10.96212864
10.96212864
0
0
0
0
0
0
0
29.93437386
0
0
0
0
0
0
0
0
0
0
0
0
0
0
6.483953953
0
0
0
0
14.11812115
0
0
0
32.09716415
0
0
0
0
0
0
0
17.15380287
0
0
0
0
0
0
0
0
0
0
0
0
0
0
0
0
0
0
0
0
0
0
0
0
0
0
0
0
0
0
0
0
0
0
73.88774872
0
0
0
0
0
0
0
0
0
0
0
0
0
0
0
0
0
0
0
0
24.17644691
0
0
0
26.65900993
26.65900993
13.32950497
0
26.05047035
13.02523518
13.02523518
13.02523518
10.34198189
0
0
0
10.34198189
0
17.97801781
8.989008904
8.989008904
8.989008904
0
0
0
8.675724983
8.675724983
0
8.807745934
17.61549187
8.807745934
17.61549187
0
0
0
15.45467663
0
0
0
0
11.67151165
11.67151165
11.67151165
19.67713165
0
5.739163399
11.4783268
5.739163399
0
0
0
0
1.815403938
1.665509343
0
0
0
0
0
0
0
0
0
0
0
0
0
5.108726025
2.872392893
0
0
0
2.872392893
11.44856071
0
0
0
0
1.498638749
0
1.498638749
0
1.498638749
6.214166164
2.071388721
0
0
0
0
0
0
0
0
0
0
0
0
0
0
0
0
0
0
0
0.1
6.6
0
0
0
0
4.687420368
1.09649694
2.192993879
2.192993879
0
0
1.101376772
1.101376772
0
1.101376772
0
0
0
0
0
0
0
0
0
0
0
2.537740707
0
2.537740707
7.613223076
2.537740707
2.537740707
0
0
0
0
0
2.574197292
0
0
0
2.574197292
1.631624699
1.631624699
0
3.263249397
4.894873619
2.469641209
2.469641209
4.939282417
0
0
1.833504796
1.833504796
0
0
1.833504796
2.976563215
0
0
8.577459335
4.288729668
8.577459335
0
4.288729668
6.595843315
13.19168663
6.595843315
6.595843315
0
0
4.256316185
0
4.256316185
0
3.69411397
0
0
3.69411397
7.38822794
4.67761755
9.3552351
0
0
4.67761755
2.692191839
5.384383678
2.692191839
0
5.384383678
5.384383678
0
10.15148354
0
5.075741768
5.075741768
2.279397011
0
2.279397011
2.279397011
0
2.691154718
2.691154718
0
2.691154718
0
6.964067936
6.964067936
0
3.482033968
0
5.168043137
0
0
7.752064705
7.752064705
0
9.175380707
13.76307297
0
4.587690353
6.051751614
0
0
0
6.051751614
5.509565353
11.01913071
5.509565353
0
16.52869606
0
0
23.79424286
7.931414604
15.86282921
19.5861702
0
0
19.5861702
13.05744743
8.816791534
0
13.22518826
0
4.408395767
0
0
14.16718483
0
14.16718483
0
0
0
44.7091217
0
0
0
16.7363205
0
33.47264099
16.7363205
15.97804737
0
0
0
23.96707153
0
0
9.328152657
0
13.99222851
9.393650055
9.393650055
0
18.78730011
0
6.770124912
0
0
13.54024982
0
0
0
0
0
0
0
19.48750114
0
0
0
0
0
14.00483418
14.00483418
0
0
0
0
0
0
0
0
0
0
0
0
0
18.76041412
0
0
37.52082825
34.98183441
11.66061211
11.66061211
0
0
0
0
0
0
0
0
0
0
0
0
0
0
5.075059891
0
0
0
0
0
0
0
17.937006
0
0
0
8.968502998
0
19.53507233
0
19.53507233
9.767536163
0
15.49213791
15.49213791
15.49213791
7.746068954
0
0
14.18997574
0
0
14.18997574
0
0
0
0
11.13153648
0
34.83581543
0
0
0
0
9.377987862
9.377987862
0
0
0
0
14.78187561
14.78187561
0
0
0
0
16.33441734
0
21.71086884
10.85543442
10.85543442
10.85543442
0
12.66786003
0
12.66786003
12.66786003
0
0
10.00607681
0
0
10.00607681
0
0
0
11.75385284
11.75385284
0
6.874085426
0
0
6.874085426
0
1.320420861
0
1.320420861
0
0
0
0
0
0
0
0
0
0
0
0
0
0
0
0
0
0
0
0
0
0
3.923955441
1.96197772
1.96197772
0
0
0
0
0
0
0
0
0
0
0
0
0
0
0
3.017270803
0
0
0
1.700001001
0
0
0
0
0
0
0
0
0.1
6.6
0
0
0
3.290382862
0
0
0
0
0
0
0
0
0
0
0
0
0
0
0
0
0
0
0
0
0
0
0
0
2.829785347
2.829785347
0
0
0
0
0
0
4.053696632
8.107393265
8.107393265
8.107393265
0
0
4.182929993
0
0
0
0
0
0
0
5.540184021
1.694716454
1.694716454
5.084149361
0
0
0
0
0
3.143961191
0
0
0
0
0
0
2.509646416
2.509646416
5.019292831
4.132102489
0
0
0
0
8.252698898
0
8.252698898
2.750899315
0
0
0
6.635550976
0
0
19.56279564
0
0
0
19.56279564
0
5.823370457
11.64674091
5.823370457
0
29.11685181
0
26.08335686
0
0
0
2.014375448
0
8.057501793
0
4.028750896
7.639915943
0
11.45987415
0
0
0
10.25566006
5.127830029
0
0
9.222476006
3.074158192
3.074158192
6.148316383
6.148316383
0
23.99577713
7.998592854
7.998592854
7.998592854
0
0
5.866917133
0
5.866917133
29.56784439
0
0
0
19.71189499
2.896905184
2.896905184
0
0
2.896905184
14.03678226
4.678927422
4.678927422
0
9.357854843
0
11.9589529
0
0
0
0
0
36.57714081
0
18.2885704
18.2885704
17.10083961
8.550419807
0
0
8.550419807
0
0
9.704874992
0
0
0
6.327197552
0
0
18.98159218
0
0
16.5602951
16.5602951
0
0
0
32.67536163
0
0
0
0
0
0
14.84842491
0
0
0
0
0
0
0
0
0
0
27.70814323
13.85407162
13.85407162
13.85407162
27.70814323
34.33641815
0
0
0
51.50462341
0
44.30086899
0
0
0
0
0
0
0
7.001462936
0
0
0
0
0
0
0
0
37.87631607
0
0
0
0
0
0
0
0
0
0
0
0
0
17.19122887
0
8.595614433
17.19122887
34.38245773
18.91279411
0
12.60852909
18.91279411
25.21705818
0
0
0
45.96081543
0
14.25161457
14.25161457
0
0
0
27.95028305
0
13.97514153
27.95028305
27.95028305
14.92813396
0
14.92813396
0
14.92813396
0
0
32.72541428
0
0
0
0
0
0
5.69048357
12.48254204
0
24.96508408
0
0
4.153084278
0
12.45925236
0
0
0
5.962480068
11.92496014
11.92496014
0
0
0
8.594128609
4.297064304
8.594128609
0
11.7231369
0
11.7231369
11.7231369
11.7231369
5.274709702
2.637354851
0
2.637354851
2.637354851
0
0
0
5.969050407
0
0
2.600362301
2.600362301
0
2.600362301
4.874987602
0
0
0
2.437493801
3.603709698
0
0
0
0
3.478258371
0
0
0
0
0
6.769410133
6.769410133
10.15411568
0
0
0
0
0
0
0
0
0
0
0
0
0
0
6.060485363
0
0
0
0
0
0
0
0
0
0
0
0
0.1
6.6
0
0
0
0
0
0
0
3.619174957
0
0
0
0
0
0
0
4.182502747
0
0
0
0
0
0
0
0
0
0
0
0
0
0
0
0
0
0
0
0
0
1.487097979
0
0
0
0
0
0
0
0
0
0
0
0
0
0
0
0
0
5.920512676
1.713738203
1.713738203
1.713738203
1.713738203
0
2.541563272
0
5.083126545
5.083126545
1.787870169
5.363610744
0
3.575740337
3.575740337
0
5.292534351
5.292534351
0
0
2.262066603
4.524133205
2.262066603
4.524133205
0
5.55774641
2.778873205
2.778873205
2.778873205
0
3.825255156
3.825255156
7.650510311
11.47576618
0
11.47576618
2.452569485
7.357708454
2.452569485
0
4.905138969
3.029770851
6.059541702
0
0
3.029770851
0
0
5.995698929
5.995698929
0
0
12.02690887
0
0
0
0
7.586339474
15.17267895
0
7.586339474
0
9.888370514
9.888370514
4.944185257
0
3.330088139
3.330088139
9.990263939
0
6.660176277
0
0
6.077996254
0
0
12.29624748
0
18.44437027
6.148123741
0
10.12861919
0
10.12861919
10.12861919
0
5.053005219
0
0
15.15901661
20.21202087
0
0
20.303339
16.24267006
4.060667515
8.12133503
0
0
22.01973724
0
0
12.03496933
0
0
0
0
0
0
11.56414986
23.12829971
0
0
0
0
0
0
12.25029564
12.25029564
0
24.50059128
12.25029564
8.202559471
16.40511894
16.40511894
16.40511894
24.60767555
0
28.0241909
14.01209545
0
0
0
0
0
0
0
0
0
0
0
0
0
16.67512512
16.67512512
16.67512512
0
0
61.80177307
0
0
20.60059166
23.44511986
35.16767883
0
0
23.44511986
11.72255993
0
0
0
0
16.72423553
0
24.68369102
0
0
0
0
0
0
0
0
0
0
0
0
0
0
0
0
0
26.51556778
0
13.58524323
0
13.58524323
0
27.17048645
0
4.721402645
0
9.44280529
4.721402645
0
0
0
0
15.06720448
10.00023365
0
0
0
0
0
0
29.44487
0
14.722435
0
21.8441391
10.92206955
0
0
11.57870579
34.7361145
0
0
0
3.839696407
3.839696407
3.839696407
0
7.679392815
20.10249901
0
0
0
10.0512495
0
0
7.00293684
14.00587368
7.00293684
13.17335224
26.34670448
13.17335224
0
0
7.270721436
0
7.270721436
0
0
0
7.187066078
0
7.187066078
0
7.187066078
5.823083878
0
11.64616776
11.64616776
0
0
0
0
0
4.478316307
0
0
0
0
0
4.679346085
0
0
9.358692169
0
0
0
0
0
0
0
0
0
0
0
0
5.565481663
11.13096333
5.565481663
16.69644356
0.907971144
0
0
0
0
0
3.76575017
3.76575017
1.882875085
0
1.430422306
1.430422306
0
0
0
0
0
0
0
0
0
0
0
0
0
0
0.1
6.6
0
0
2.503921032
0
0
0
0
0
0
0
0
0
0
0
0
0
0
0
0
0
0
0
0
0
0
0
0
0
0
6.505341053
3.252670527
0
0
0
0
0
0
5.232053757
10.46410751
0
0
3.994248152
0
3.994248152
7.988496304
7.988496304
2.514109135
0
5.028218269
2.514109135
0
0
2.516925573
0
5.033851147
5.033851147
6.975863457
0
0
0
0
0
0
0
11.32335186
5.66167593
16.98502731
0
0
10.0098896
10.0098896
10.0098896
0
5.004944801
2.527878284
0
2.527878284
2.527878284
2.527878284
6.617893219
0
0
0
6.617893219
0
12.23478127
0
6.117390633
0
12.23478127
5.260748386
13.15187263
0
5.260748386
0
6.609178543
0
13.21835709
6.609178543
0
0
5.67273283
17.01819801
0
0
14.18072701
0
4.726908684
9.453817368
0
0
0
0
12.84384918
0
0
5.282915592
0
0
0
13.14221764
6.571108818
0
0
6.571108818
18.23229599
6.077432156
0
12.15486431
12.15486431
2.655322552
0
0
2.655322552
0
0
5.163098335
2.581549168
5.163098335
2.581549168
0
0
0
6.652946472
13.30589294
0
0
0
9.461447716
9.461447716
0
31.26233673
0
0
0
0
15.62589073
0
5.208630085
10.41726017
10.41726017
45.37147903
0
0
0
22.68573952
12.08137798
6.040688992
0
18.1220665
6.040688992
0
0
0
13.9347353
13.9347353
23.6510849
0
35.47662735
0
11.82554245
0
20.59719849
20.59719849
41.19439697
20.59719849
40.15610504
0
0
40.15610504
0
0
0
0
0
0
0
0
0
0
0
0
0
0
0
0
0
0
0
0
0
0
0
0
4.806556702
0
0
0
0
0
0
9.435836792
0
5.967734337
5.967734337
0
0
0
0
0
0
25.47308159
0
0
0
0
8.410639763
0
0
22.45272636
0
0
0
0
0
0
0
0
0
0
0
0
0
0
14.67315292
29.34630585
0
14.67315292
0
0
0
0
0
0
0
0
0
22.6670723
0
0
0
0
0
5.229938507
0
0
2.614969254
7.844907284
0
12.41453075
12.41453075
6.207265377
0
0
0
0
26.84025764
0
4.24657774
0
0
4.24657774
4.24657774
10.07906628
0
0
0
20.15813255
0
6.276433468
12.55286694
6.276433468
0
0
5.517327785
0
5.517327785
5.517327785
0
3.629500151
4.839333057
0
0
3.629500151
2.964919567
2.964919567
2.964919567
2.964919567
2.964919567
0
0
0
0
0
0
0
0
0
0
0
0
0
0
0
0
0
0
0
0
0
0
0
2.164239883
0
4.520733356
6.781099796
0
0
0
0
0
0
0
0
4.903515816
0
0
0
0
8.359576225
0
0
0
0
0
0.1
6.6
0
0
0
0
0
0
3.449969769
0
0
3.018723488
0
0
0
0
4.107182503
0
0
0
0
0
0
0
0
0
1.988583684
0
7.886966228
0
0
0
0
0
0
0
0
0
0
0
0
0
4.715770721
5.76253891
5.76253891
0
28.81269264
0
0
0
0
3.947644949
3.947644949
7.088176727
4.725451469
0
0
4.725451469
1.546083927
3.092167854
1.546083927
5.403152943
0
2.701576471
2.701576471
5.403152943
0
0
0
23.74230385
23.74230385
0
11.31841946
5.659209728
11.31841946
11.31841946
6.842552662
0
0
0
10.26382828
0
0
0
0
0
0
0
0
4.810399532
9.620799065
4.810399532
5.555117607
5.555117607
8.332675934
0
0
3.859146595
0
0
0
7.71829319
0
2.546583414
0
7.639750481
5.093166828
4.196822643
2.098411322
0
4.196822643
8.393645287
3.507567167
10.52270126
0
7.015134335
0
0
0
7.004301071
0
0
3.523571253
7.047142506
0
3.523571253
10.570714
0
0
10.68008423
0
0
0
0
4.505752087
0
4.505752087
10.78835583
10.78835583
0
0
10.78835583
4.813575268
0
4.813575268
0
0
20.74610519
6.915368557
0
6.915368557
13.83073711
6.915368557
0
6.387800694
0
12.77560139
0
17.06723213
51.2016983
17.06723213
0
17.06723213
8.239713669
8.239713669
8.239713669
0
16.47942734
13.33577156
0
0
0
13.33577156
0
12.63062096
12.63062096
0
0
0
0
0
0
6.147446156
41.18927383
13.72975922
13.72975922
0
13.72975922
0
14.31193829
0
28.62387657
0
0
0
0
0
0
0
0
0
0
0
0
0
0
0
0
0
0
0
0
2.982869148
0
0
0
0
0
0
0
0
0
12.55726242
0
0
0
0
0
0
12.33163929
12.33163929
0
0
12.33163929
0
0
0
46.19285202
0
0
0
0
0
0
0
0
0
0
0
10.45816422
0
14.60490704
0
14.60490704
29.20981407
13.19219398
4.397397995
0
8.79479599
4.397397995
0
0
0
0
55.63579941
0
15.49361324
15.49361324
23.24041939
0
0
9.566374779
9.566374779
0
0
10.86402416
0
10.86402416
5.432012081
5.432012081
0
21.8959465
0
10.94797325
32.84391785
5.273122787
10.54624557
5.273122787
5.273122787
0
0
0
0
0
49.39448547
7.183132172
0
0
14.36626434
0
4.68449831
4.68449831
0
0
9.36899662
9.36899662
24.38460541
0
0
0
0
0
0
7.127228737
7.127228737
0
0
2.248932838
2.248932838
0
2.248932838
0
10.94794464
5.473972321
5.473972321
0
9.375598907
4.687799454
0
0
0
0
3.841038704
0
0
0
0
4.375031471
0
0
0
4.043765545
0
0
0
0
0
0
0
0
0
0
0
0
0
0
0
1.217117786
2.434235573
0
1.217117786
7.77063036
0
0
0
0
0
0.1
6.6
0
0
0
0
0
0
0
0
0
0
0
0
0
0
0
0
0
0
0
0
0
0
0
0
10.1478281
0
0
0
0
0
0
6.726351261
3.363175631
3.363175631
3.363175631
0
0
0
0
0
15.01090717
0
12.62216091
12.62216091
6.311080456
6.311080456
0
0
14.82875919
0
0
0
17.62377167
17.62377167
0
17.62377167
0
14.05820274
0
3.549844027
0
0
0
0
0
0
3.223680019
6.447360039
3.223680019
1.754142404
5.26242733
0
1.754142404
3.508284807
5.422560692
2.372370243
2.372370243
2.372370243
0
8.747840881
0
0
4.373920441
8.747840881
3.039148092
0
3.039148092
6.078296185
0
0
1.993873358
3.987746716
3.987746716
1.993873358
0
0
0
0
5.463418484
5.463418484
0
3.672269106
0
1.224089622
0
0
9.271240234
4.635620117
0
4.635620117
9.348974228
6.232649326
6.232649326
3.116324663
3.116324663
0
0
19.88192368
19.88192368
0
0
12.03852654
0
18.05778885
0
0
0
14.15596581
0
4.718655109
0
0
0
18.73913956
0
0
6.286073685
6.286073685
6.286073685
0
4.264079571
0
0
0
0
12.50324154
6.25162077
6.25162077
0
12.50324154
0
5.80006218
0
5.80006218
11.60012436
5.80006218
0
11.70232868
11.70232868
5.851164341
0
22.01402855
0
0
0
0
7.246066093
7.246066093
21.73819923
0
0
9.31782341
0
9.31782341
4.658911705
0
10.82926941
10.82926941
0
10.82926941
10.82926941
0
0
37.98012924
0
0
11.69173717
0
0
11.69173717
23.38347435
22.68334579
0
0
0
34.0250206
0
0
36.92282486
0
36.92282486
36.97822189
0
0
0
0
0
0
0
0
0
0
0
0
0
0
0
11.3056736
0
0
0
0
0
0
0
0
0
0
0
0
0
0
0
25.1870575
0
0
0
0
15.59292316
0
0
31.18584633
0
0
8.06661129
0
0
16.13322258
0
0
0
0
0
0
0
8.164992332
0
0
6.569928169
19.70978355
0
0
6.569928169
0
0
12.57936954
12.57936954
0
0
22.83589172
0
11.41794586
0
7.989498615
0
7.989498615
7.989498615
7.989498615
0
8.587461472
17.17492294
17.17492294
17.17492294
10.81362343
21.62724686
21.62724686
0
10.81362343
6.640097141
13.28019428
13.28019428
6.640097141
13.28019428
0
54.46316528
0
21.78526497
21.78526497
45.92425537
0
0
0
15.30808544
0
2.897819996
0
2.897819996
0
0
0
2.658353329
0
0
5.316706657
0
0
2.942527771
0
0
0
0
0
0
0
0
6.019464016
0
0
0
0
0
2.127529383
0
0
0
0
0
0
0
0
0
0
0
0
0
0
0
0
0
0
0
0
0
0
0
0
0
0
0
8.347483635
0
0
0
0
0
0.1
6.6
0
0
0
0
0
0
0
0
0
0
0
0
0
0
0
0
0
0
0
0
10.27873325
0
0
0
0
0
0
0
0
0
0
0
0
0
0
0
0
0
0
0
0
0
0
0
0
0
0
0
9.673304558
9.673304558
0
11.61341667
5.806708336
5.806708336
0
0
1.288981676
1.288981676
2.577963352
2.577963352
0
6.330655098
0
6.330655098
3.165327549
0
0
0
5.038136959
10.07627392
0
0
0
0
0
0
3.023753643
3.023753643
0
0
0
0
0
2.003041267
4.006082535
0
0
4.098428249
0
12.29528618
0
0
8.81790638
13.22685909
0
0
7.134414196
0
10.70162106
10.70162106
3.567207098
0
5.140491486
10.28098297
0
5.140491486
1.988620281
7.954481125
0
3.977240562
1.988620281
0
0
0
0
10.22141457
0
0
0
0
5.506415844
0
0
5.765396595
5.765396595
0
0
0
3.249207497
3.249207497
0
0
0
19.40049553
19.40049553
0
9.26321888
9.26321888
0
9.26321888
0
3.158203363
0
0
3.158203363
3.158203363
6.631045341
0
6.631045341
13.26209068
13.26209068
0
8.06829834
24.20489693
0
0
8.06829834
0
0
9.42891407
0
0
0
0
0
0
9.825193405
17.36607361
17.36607361
0
0
17.36607361
21.42168427
0
0
10.71084213
10.71084213
9.723166466
19.44633293
0
0
0
23.49767303
11.74883652
23.49767303
0
0
0
13.43514347
13.43514347
0
0
0
0
0
9.084385872
27.25315857
0
0
0
0
0
0
0
0
0
0
0
0
0
0
0
12.2035799
0
0
0
0
0
0
0
0
0
0
0
0
0
0
0
0
0
0
0
0
46.26704025
23.13352013
0
0
0
0
0
0
0
0
0
4.025109768
0
0
0
0
34.33444977
0
0
0
0
0
0
0
0
0
0
0
0
6.419620514
6.419620514
10.93588066
10.93588066
0
10.93588066
0
20.18464088
40.36928177
0
10.09232044
0
0
0
0
5.259213924
5.259213924
11.66429996
0
0
0
11.66429996
4.569849491
0
0
0
9.139698982
6.306269169
12.61253834
6.306269169
12.61253834
0
28.89708328
28.89708328
14.44854164
28.89708328
14.44854164
10.64488602
10.64488602
0
10.64488602
10.64488602
0
0
3.18765831
3.18765831
0
0
0
0
6.249639511
6.249639511
6.249639511
3.003193617
3.003193617
0
3.003193617
0
0
2.499320269
0
2.499320269
0
2.236987829
2.236987829
0
0
1.118493915
4.615924358
0
0
0
0
0
3.313595533
0
0
0
2.36291194
0
2.36291194
0
2.36291194
3.371450901
3.371450901
3.371450901
0
0
1.822796464
0
0
0
0
0
0
0
0
0
0
0
0
0
0
0
0.1
6.6
0
0
0
0
0
0
0
0
0
0
0
0
0
0
0
0
0
0
0
0
0
7.02757597
7.02757597
0
0
0
0
0
0
0
0
0
0
0
0
0
0
2.508380175
2.508380175
0
0
0
0
5.642887592
0
0
0
0
0
0
0
7.265804768
0
0
0
7.265804768
0
0
0
4.793147564
4.793147564
2.396573782
7.189721584
7.189721584
0
0
2.275517941
9.102071762
0
0
0
2.008629084
2.008629084
2.008629084
3.341963053
0
1.670981526
0
1.670981526
3.691873789
0
3.691873789
0
0
6.045813084
0
12.09162617
0
0
3.022906542
0
0
0
3.800603867
3.800603867
0
1.931276917
1.931276917
1.931276917
0
0
0
2.446362257
1.223181129
0
0
0
9.671891212
0
2.417972803
0
4.761050701
4.761050701
0
0
8.368451118
0
2.789483786
0
0
13.773983
0
0
18.36531067
0
12.44052029
0
0
0
0
5.538426876
0
5.538426876
0
0
0
7.815472603
3.907736301
7.815472603
0
0
4.846283913
4.846283913
0
0
3.141539574
7.728496552
2.211426735
3.141539574
3.141539574
0
15.41437149
0
7.707185745
0
0
15.804389
0
10.53625965
15.804389
0
12.46729851
0
0
0
0
8.528794289
0
8.528794289
0
0
0
0
0
0
0
0
0
0
0
0
0
7.846084595
15.69216919
15.69216919
7.846084595
0
0
0
0
0
9.635113716
9.635113716
0
9.635113716
0
0
0
0
0
0
0
0
0
17.17531395
0
0
0
0
0
0
0
0
0
0
0
0
0
0
0
0
0
0
0
0
0
0
0
0
0
0
0
0
0
0
0
0
0
0
0
39.17479324
0
0
0
0
0
0
0
0
11.7233305
11.7233305
0
11.7233305
0
0
0
7.775029659
0
0
0
0
7.7566576
15.5133152
11.76562405
11.76562405
23.53124809
0
0
0
17.7308445
0
0
0
0
12.02151108
12.02151108
6.010755539
0
14.77881908
0
0
0
0
5.124346256
0
0
5.124346256
0
0
19.85435677
0
0
0
0
0
3.585868359
0
3.585868359
5.550433159
5.550433159
0
11.10086632
5.550433159
0
8.09131813
0
0
0
0
0
0
0
0
0
3.295433044
0
0
0
0
0
0
1.255388975
1.255388975
2.51077795
0
0
6.097163677
3.048581839
3.048581839
1.48454535
0
0
0
0
0
0
5.704141617
0
0
0
0
0
0
3.103723288
1.555297375
0
0
1.555297375
0
0
0
0
0
0
0
0
0
0
0
0
0
0
0
5.89457798
0
0.1
6.6
2.869334698
2.869334698
0
0
0
0
0
0
0
0
0
0
0
0
0
0
0
0
0
0
0
0
4.853115082
0
0
0
0
0
0
3.430237055
3.430237055
0
0
0
0
0
0
0
0
0
10.46175003
0
0
14.57389641
4.857965469
0
7.814795494
0
0
0
0
0
0
0
0
11.7018137
0
0
0
0
0
0
0
6.484945297
7.494435787
0
7.494435787
0
14.98887157
0
0
1.588328004
0
1.588328004
4.356239796
4.978559971
2.178119898
6.534359932
4.356239796
0
6.178976536
2.059658766
2.059658766
0
0
12.26861191
18.40291595
0
0
12.26861191
0
0
9.637465477
0
0
0
0
0
2.451267481
0
0
0
14.05521297
0
0
3.091780901
3.091780901
9.275342941
0
6.183561802
2.532267332
5.064534664
5.064534664
2.532267332
0
6.029269695
0
0
0
12.05853939
0
0
0
0
10.22425747
9.389015198
9.389015198
2.347253799
0
0
0
3.997539997
7.995079994
0
7.995079994
0
0
4.390797138
8.781594276
4.390797138
4.404235363
4.404235363
0
0
0
13.47385883
13.47385883
0
6.736929417
0
0
19.60528183
0
9.802640915
19.60528183
19.60528183
20.86032867
20.86032867
0
0
0
0
21.44747925
0
0
0
4.07416296
8.14832592
8.14832592
4.07416296
0
0
0
0
23.20934868
0
0
0
14.72683716
4.90894556
0
15.92616272
0
15.92616272
31.85232544
0
0
0
0
0
0
0
0
0
0
0
70.24353027
0
0
0
0
0
0
0
0
0
0
0
0
0
0
0
0
0
0
0
0
0
0
0
0
0
0
0
0
0
0
0
0
0
24.8345623
0
0
0
0
0
0
59.77761078
0
0
19.92586899
0
0
0
0
0
0
14.52645397
0
0
0
27.00464439
0
0
33.2468605
0
0
0
22.22765541
11.11382771
11.11382771
0
22.22765541
0
0
32.09859085
0
0
17.82590103
0
0
0
17.82590103
0
0
8.729946136
8.729946136
0
0
0
13.14541531
0
0
9.384978294
0
9.384978294
0
0
0
18.75592995
0
0
0
0
0
0
0
30.20846748
0
0
0
0
0
11.47507
0
0
0
8.14435482
8.14435482
0
0
1.739104271
3.478208542
1.739104271
2.220603466
2.220603466
0
0
0
0
2.49715662
2.49715662
0
2.49715662
0
0
0
0
0
0
2.716236591
0
0
0
0
0
0
0
0
0
0
0
0
0
0
4.531682968
0
0
0
0
0
0
0
0
0
0
0
0
0
0
3.501325369
0
0
0
0
0.1
6.6
0
0
0
0
0
0
0
0
0
0
0
0
0
0
0
0
0
0
0
0
1.708119273
1.708119273
0
0
3.416238546
5.205892086
0
0
0
0
2.602946043
0
0
0
7.414593697
0
1.574801326
1.574801326
0
0
0
5.185564041
5.185564041
0
0
0
12.79927826
0
6.39963913
0
0
0
0
0
0
0
0
0
0
0
0
0
4.263385296
2.131692648
3.596528769
0
0
3.596528769
0
0
6.380568981
19.14170456
6.380568981
0
19.97809219
11.98685646
3.99561882
0
7.99123764
9.978384972
9.978384972
0
9.978384972
19.95676994
3.672426701
3.672426701
7.344853401
0
3.672426701
11.01727962
0
0
0
0
0
0
6.521381378
6.521381378
13.04276276
0
15.38205338
10.25470257
0
0
0
0
4.05699873
0
4.05699873
0
0
4.271542072
4.271542072
4.271542072
0
8.721969604
0
8.721969604
0
0
2.112767458
2.112767458
4.225534916
6.338302135
6.338302135
0
0
0
0
10.71078873
2.821836233
0
2.821836233
8.465508461
2.821836233
0
9.451197624
18.90239525
0
9.451197624
0
5.017950058
15.05385017
0
0
0
2.50679636
0
2.50679636
0
7.520389557
0
14.82185364
14.82185364
7.410926819
29.64370728
0
24.78516579
0
8.261721611
0
0
0
0
0
0
0
0
24.87803268
0
24.87803268
0
0
0
0
0
0
9.166110992
9.166110992
0
0
0
36.95962906
0
0
0
0
0
0
0
43.37509537
7.429366112
7.429366112
0
0
7.429366112
0
0
0
0
5.77168417
0
0
0
0
0
0
0
0
0
0
0
0
0
0
4.428317547
0
0
0
0
0
0
0
0
0
0
0
0
0
0
0
0
0
0
13.54779243
0
0
0
0
0
0
0
12.7092638
0
0
0
0
9.602274895
0
0
0
0
0
19.79139709
0
0
0
0
0
0
0
0
0
0
0
0
16.87323952
16.87323952
7.763308525
0
7.763308525
0
15.52661705
0
0
0
7.713974476
0
0
24.52937889
24.52937889
12.26468945
0
8.786114693
8.786114693
8.786114693
17.57222939
0
11.44923115
0
0
11.44923115
5.724615574
16.47569466
8.237847328
0
8.237847328
0
0
18.5005188
0
18.5005188
9.250259399
9.250259399
0
0
5.033859253
0
5.033859253
0
0
0
6.491831779
12.98366356
0
0
0
0
0
11.37452316
0
0
0
0
0
0
0
0
5.439170361
0
7.474004745
0
0
0
0
0
0
0
0
0
0
0
0
0
0
0
0
0
0
0
0
0
0
0
0
0
0
0
0
0
0
0
0
0
0
0.1
6.6
0
5.333948135
0
0
0
0
0
2.685863972
0
0
0
0
0
0
0
0
0
0
0
0
0
0
0
0
0
0
0
0
0
0
0
0
0
0
0
0
0
0
0
0
0
0
0
0
0
0
0
3.92161417
0
0
0
0
0
0
0
0
0
0
4.180531025
4.180531025
6.903632164
0
0
0
13.80726433
3.914222002
0
0
0
0
0
6.680848122
20.04254532
33.40423965
0
0
15.05829716
15.05829716
0
15.05829716
5.174294472
0
5.174294472
15.52288342
0
0
35.44311905
7.088624001
7.088624001
0
0
2.568638086
7.705914497
0
0
5.137276173
5.263092518
0
5.263092518
5.263092518
2.631546259
0
0
0
6.384953976
6.384953976
2.656396866
0
0
0
0
0
0.897490144
0
1.794980288
0.897490144
0
0
7.155837536
0
0
3.759316444
3.759316444
0
0
3.759316444
21.44713402
0
0
7.149044514
7.149044514
0
13.31308651
0
0
26.62617302
26.96110535
8.987034798
8.987034798
0
0
11.47884369
22.95768738
11.47884369
0
0
0
0
0
0
0
0
0
0
0
0
18.01019859
15.11702251
7.558511257
0
15.11702251
7.558511257
0
20.74412918
0
0
13.82941818
16.15025711
0
0
8.075128555
0
0
0
0
6.778195858
0
0
13.76616859
6.883084297
0
0
7.783195496
0
0
0
0
0
0
0
8.549263954
4.274631977
0
0
0
0
0
29.96699333
0
0
0
0
0
8.103913307
8.103913307
16.20782661
4.051956654
0
0
0
0
0
0
0
0
0
0
0
0
0
0
0
0
0
12.17431736
0
0
0
0
0
0
0
0
0
0
0
0
0
0
14.83324718
0
0
14.83324718
0
0
5.784138203
5.784138203
5.784138203
0
0
7.892604351
7.892604351
0
15.7852087
0
8.363036156
16.72607231
0
0
0
0
0
0
34.77020264
19.17126274
0
19.17126274
0
38.34252548
23.71142387
23.71142387
0
23.71142387
0
16.67825508
8.339127541
0
0
0
0
0
16.22101974
16.22101974
0
14.88940716
0
0
14.88940716
0
0
0
17.16954613
0
0
9.119758606
9.119758606
0
0
0
0
0
0
0
0
21.53535271
7.761545181
7.761545181
7.761545181
0
0
0
0
5.293179035
0
0
0
0
0
0
0
0
0
0
0
0
0
0
8.215591431
8.215591431
0
0
0
0
0
10.14717484
0
0
1.396459937
1.396459937
4.189379692
0
0
1.004862189
0
0
5.551800251
5.551800251
0
2.775900126
5.551800251
0
2.46345973
1.231729865
0
0
0
0
0
0
0
0
0
0
0
0
0
0.1
6.6
0
0
0
0
0
0
0
0
0
0
0
0
0
0
0
0
0
0
0
0
6.882081509
6.882081509
0
0
0
0
0
0
0
0
11.21105957
2.637297153
0
0
2.637297153
0
0
0
0
0
0
0
0
0
0
0
0
0
0
0
0
0
0
0
5.407212734
5.407212734
2.737658978
0
1.368829489
2.90773797
0
4.361607075
4.361607075
0
5.652819633
2.826409817
0
5.652819633
2.826409817
5.194731712
0
0
0
0
0
0
0
3.385004282
3.385004282
5.442912579
0
0
5.442912579
2.721456289
3.632884741
3.632884741
0
0
7.265769482
3.632884741
4.277251244
0
8.554502487
4.277251244
0
0
0
11.69500637
11.69500637
0
0
3.229377747
0
9.68813324
6.458755493
6.273097515
0
18.81929207
12.54619503
12.54619503
5.754608154
0
0
5.754608154
17.26382256
0
0
0
0
0
0.1
6.6
0
0
0
0
0
0
0
0
0
0
0
0
0
0
0
0
0
0
0
0
0
0
0
0
11.42787075
0
0
0
0
0
0
0
0
0
0
0
0
0
0
0
0
0
0
0
0
0
0
0
0
0
3.862325191
0
0
3.026372433
9.079117775
6.052744865
5.108678341
0
1.702892661
5.215118408
0
0
2.607559204
2.607559204
0
0
0
4.391611099
2.19580555
9.347594261
9.347594261
0
0
0
1.289526701
2.579053402
2.579053402
0
0
3.192153692
3.192153692
6.384307384
3.192153692
3.192153692
0
0
0
0
4.741812229
0
0
0
0
1.766083598
3.532167196
5.146792889
0
0
0
7.720189095
0
0
0
2.549777269
2.549777269
2.86891818
2.86891818
0
0
8.606755257
0
0
4.253014565
0
0
0
0
0
4.805055618
2.402527809
0
3.777177095
3.777177095
3.777177095
7.554354191
12.432374
0
6.216187
0
12.432374
23.00854111
0
30.6780529
0
0
6.319576263
18.95872879
0
0
0
0
0
0
0
4.98238802
0
3.833812475
0
7.66762495
0
0
0
10.76638222
0
0
0
12.80670452
0
12.80670452
25.61340904
12.80670452
0
0
21.38642502
0
0
6.520766258
0
13.04153252
6.520766258
6.520766258
9.262699127
0
0
0
0
0
0
9.691902161
4.84595108
14.53785229
14.82034492
0
0
0
14.82034492
0
0
9.319998741
9.319998741
18.63999748
0
22.39454079
11.19727039
11.19727039
0
0
0
0
0
35.42223358
0
0
11.96836758
0
11.96836758
0
0
0
0
0
0
0
0
0
0
0
0
0
0
0
0
0
0
0
0
0
0.321885794
1.836786389
2.655511379
4.853832245
11.12324905
33.39662552
0
0
0
0
0
0
0
15.62017918
0
7.810089588
0
0
11.55186844
34.65560532
0
11.751091
0
11.751091
0
11.751091
0
0
27.92262077
0
0
5.260140419
0
10.52028084
0
5.260140419
6.414615154
12.82923031
25.65846062
6.414615154
12.82923031
0
0
0
0
11.60141659
20.13696671
0
13.42464256
13.42464256
0
7.775521278
0
23.32656479
7.775521278
0
11.55255318
11.55255318
0
0
11.55255318
16.40387344
0
0
0
0
0
6.741371155
3.370685577
10.11205769
0
0
0
4.433388233
4.433388233
0
4.433388233
0
2.699492931
0
2.699492931
5.398985863
3.426800489
1.713400245
0
0
0
1.868951201
0
0
0
1.868951201
0
0
0
4.786588192
0
0
0
0
0
0
1.730151892
1.730151892
0
0
0
0
0
0
0
0
0
0
0
0
0
0
0
0
0
0
0
0
0
0
0
0
3.26916194
0
0
0
0
0
0
3.53764677
0
0
