19790101
0.024
0
0.216
0
0
0
0
0.045
0
1.308
0.247
0.04
0.017
0.01
0
0
0
0
0
0
0
0
0
0
0
0
0
0
0
0.376
0.029
0.558
0.036
0
0.386
0.026
0
0
0
0.01
0
0.263
0.237
0.63
0.383
0.192
0.048
2.968
1.107
0
0
0
0
0
0
0
0.161
0
1.222
2.232
1.009
0.917
0.154
0.021
0
0
0
0.213
3.854
5.747
0.587
0
0
0
1.528
1.315
0.182
0.137
0.326
6.482
9.685
8.415
0.254
0
2.228
0.336
0.096
0.197
5.8
0.168
4.017
17.52
35.019
3.866
0.038
0.481
0.089
1.675
0.192
0
0.014
0.153
0.017
0
0.034
6.623
0.055
1.311
2.362
4.686
6.824
3.787
1.998
3.663
11.522
4.374
5.613
0.055
2.59
2.201
8.109
5.352
15.518
6.606
1.138
6.64
3.976
3.919
0.017
0
5.054
4.93
4.504
5.016
3.268
11.443
11.357
11.934
1.792
2.743
5.126
0.457
0.034
1.538
1.39
4.528
0.321
1.796
0.007
1.15
1.215
3.605
2.649
2.814
17.158
17.961
4.896
1.262
22.984
9.323
3.885
16.792
1.648
10.832
0.748
6.954
4.985
0.585
0.089
10.434
11.536
3.617
7.567
6.786
2.422
8.193
12.642
1.239
8.843
8.276
2.453
2.468
0.081
0.007
0.809
3.143
7.43
1.196
2.656
1.458
0.712
2.743
2.211
4.103
2.777
4.53
2.862
13.185
1.262
8.396
9.484
9.244
5.34
8.573
10.97
6.913
13.221
8.609
5.155
0.167
6.956
4.722
7.354
5.038
3.215
4.357
2.656
1.782
0.597
1.914
5.165
1.983
0.73
1.868
2.921
4.559
2.28
0.312
0.57
4.734
0.86
0.601
8.032
4.152
7.304
0.302
7.447
0.621
2.917
7.89
7.055
3.51
3.469
3.26
0.376
9.443
2.341
0.845
1.473
3.076
2.352
7.572
2.676
20.253
9.84
3.232
11.029
11.151
5.964
1.554
2.115
5.885
1.663
15.945
21.377
62.456
7.51
8.691
5.194
3.239
1.159
11.337
0.318
4.326
4.528
0.33
5.509
0.127
5.033
16.783
10.506
4.398
0.985
1.62
0.91
6.248
0.673
1.607
1.857
0.443
2.125
3.519
3.895
1.051
0.36
0.546
0.961
3.049
0.587
0.031
2.17
3.756
0.522
0.702
0.99
1.066
0.858
2.498
3.636
3.047
1.166
4.055
0.295
3.262
0.566
0.311
0.457
0.295
3.324
0.299
0
0
9.368
6.781
1.023
0.218
0.072
0
0
0.051
0.772
2.951
0.922
0.043
0.017
0.05
0
0
0.017
0
0
0.003
0
0
0
0
0
0
0.079
0
0
0
0
0
1.027
0.161
0.007
0
0
0
0.105
0.022
0
0
0
0
0
0
0
0
0.007
0.072
0
0
0
0
0.371
0.034
0.554
0.93
0
0
0.086
0.268
0.051
0
0
0
0
0
0
0
0
0
0.034
0
0
0
0
0
0.038
0
0
0.034
0
0.076
1.119
0.311
0
0.871
0.133
0
0
0
0
0.302
0.268
0.046
0.034
0.084
0
0.112
0
0
0
0
0.003
0
0.081
0.313
1.535
6.913
0.805
0
0
0.101
5.881
0.603
2.157
0.256
11.651
10.904
0.589
0.082
0.215
1.988
1.208
0.405
1.238
0.515
0.076
0
0.01
0
0
0
0
2.307
9.709
16.782
0
5.442
2.396
1.408
2.057
0.656
0.522
1.452
1.641
5.569
1.064
1.796
0.141
27.753
5.146
3.021
2.18
0.144
5.033
0.906
0
0.302
6.451
10.118
0
0
0.168
0.354
0.041
2.468
0.488
0.034
0.735
5.505
0.448
0.024
0.165
53.747
7.479
1.299
0.168
8.978
2.16
3.259
4.932
1.555
6.415
3.842
7.26
1.626
1.696
0.395
4.152
12.437
2.649
5.074
9.513
4.928
7.862
14.117
1.8
2.779
9.357
1.612
8.411
4.91
2.426
1.533
3.636
0.551
2.673
7.979
0.431
5.938
1.258
8.87
24.062
4.798
0.568
0.716
7.672
0.185
1.784
2.781
0.397
0.149
1.869
1.677
0.076
0.663
0.086
0.024
3.934
2.037
1.929
5.589
13.645
1.454
0.177
0.11
0.153
0.091
0.196
0.75
0.906
0.05
0.381
0.554
0.136
4.183
13.882
2.18
3.993
10.145
6.18
1.214
8.923
2.739
4.011
1.047
0.556
0.048
0.144
0.045
0.069
0.666
9.053
21.272
4.01
2.108
3.62
3.392
0.223
6.877
7.804
0.247
0.731
5.074
13.115
1.174
5.287
5.459
16.098
2.173
9.699
12.669
4.882
0.398
0.718
3.818
1.888
11.316
34.641
4.601
5.452
3.327
3.56
10.502
7.567
19.053
6.101
6.753
31.598
2.88
0.625
4.846
1.013
0.182
6.341
8.348
5.15
6.334
6.782
4.029
6.956
9.242
4.137
2.949
2.317
5.672
3.646
4.079
34.725
20.019
3.547
2.494
0.065
6.365
1.265
0.975
0.106
1.995
0.474
0.508
9.345
1.385
5.936
21.803
1.015
3.373
4.326
0.465
4.7
0.251
0.048
1.981
3.675
7.265
9.984
8.047
0.227
1.414
3.15
2.017
3.253
0.29
0.191
2.673
0.259
0.194
0
0
0
3.098
7.452
2.819
0.681
0.28
1.397
0.709
0.058
0
2.353
0
0.021
0.027
0
0.1
0.851
0.137
0
0
0.017
0
0.196
0.182
1.178
3.631
0.385
0
0.003
0.151
0
0.209
0
0
0.003
0
0.917
0
0
0
0
0
0
0
0
0
0
0
0
0.158
0
0
0.048
0
0
0
0.021
0
0
0.034
0.007
0
0
0
0
0.024
0.017
0
0
0
0
0.021
0
0
0
0
0
0
0
0
0
0.007
0
0
0
0
0
0
0
0
0
0
0
0.003
0.838
0.069
0
0.326
0.048
8.381
0.556
0.01
1.063
0.045
0.621
0
0.669
0.093
0
0.405
3.203
49.069
9.749
1.564
4.116
0.956
11.124
9.774
7.575
14.066
16.213
1.323
32.72
69.835
0.172
4.127
9.247
9.965
0.922
0
0.069
0.628
2.256
3.268
0.53
8.6
8.59
0
0
24.445
18.656
1.263
0.357
0.999
22.755
6.317
0.422
0.41
1.693
28.067
4.666
0.003
0.017
0.882
0.282
0.072
0.917
3.684
1.905
0.687
11.086
1.233
0.35
2.041
2.245
0.319
1.219
24.082
12.909
2.887
11.608
8.434
0.99
5.854
4.437
2.412
4.082
2.717
9.58
2.238
1.708
1.643
0.069
1.229
0.73
0.755
6.525
8.077
3.734
6.545
10.21
10.107
1.287
7.982
5.555
3.674
0.805
1.353
1.514
1.591
0.443
0.072
7.22
0.127
1.888
1.861
7.92
1.665
0.91
2.245
6.566
1.078
4.237
4.746
0.076
2.074
5.455
4.807
11.402
6.945
9.704
5.339
4.779
8.35
6.006
2.395
2.551
4.144
1.888
2.108
2.012
1.95
0.446
8.624
1.566
9.117
2.129
23.837
12.916
4.875
3.186
2.499
3.241
11.074
2.149
6.583
2.482
2.376
1.188
1.624
0.494
1.116
7.603
7.474
0.728
1.49
3.43
1.679
0.151
3.038
0.56
3.547
4.34
6.279
8.643
7.656
6.866
0.137
7.402
3.32
7.553
1.528
5.96
3.093
0.076
0.165
3.509
1.257
11.364
7.416
1.984
3.073
0.642
1.277
1.645
2.939
1.693
1.167
3.1
1.665
5.246
5.227
10.149
3.056
7.093
1.864
4.855
16.504
5.5
20.527
11.01
8.55
5.04
4.364
2.554
0.038
12.593
21.238
3.996
10.276
9.949
3.124
4.245
40.833
0.4
10.454
7.275
0.306
1.984
5.16
0.237
4.528
7.155
2.39
12.725
4.498
1.481
5.955
0.663
11.518
10.3
5.843
0.934
9.325
3.605
10.458
2.929
7.103
3.462
0.072
0.381
2.949
1.95
2.819
2.324
3.972
2.451
1.988
1.535
1.723
2.451
0.604
2.644
0.584
0.282
0
0.13
0.062
0
0
0
6.626
0.36
0.184
0.086
0.048
0.233
0
0.062
0
0
0.003
0.045
0
0
0
0
0
0
0
0.003
0
0
0
0
0
0
0.014
0
0
0
0.069
0.01
0.041
0.041
0.271
0.027
0
0
0
0.007
0
0.007
0
0
0
0
0.103
0.027
0
0
0
0
0
0
0
0
0.769
0.106
0
0
0
0
0
0
0
0
0
0
0.1
0.007
0.467
0.103
0.003
3.859
0.096
0
0
0
0
0
0
0
0
0
0
0
0
0.007
0.106
0
0.003
0
0
0
0
0
0
1.159
0.141
1.54
0.97
3.401
20.05
0.271
0.048
0.151
0
0
0
0
0
0.912
0.122
0
0.011
0.075
0
0
0
0
0.17
3.82
1.215
0.076
2.474
0.065
0.034
2.086
0.52
1.794
25.052
0.039
0.043
15.228
8.01
0
0
0.003
0.074
0.021
0
0.441
0.172
0
0.01
0.271
0.345
0.048
0.403
0.51
4.53
0.304
1.454
3.318
0.154
0
0.021
0.167
0.074
0.007
9.905
0.601
21.164
4.46
5.572
2.188
3.234
0.822
3.457
2.474
0.518
0.355
4.108
6.763
1.36
9.294
0.01
0.714
0.134
2.554
2.269
33.745
0.034
0
4.161
0.587
1.37
0.635
0.199
0
2.249
0.227
0.038
0
0.621
5.596
2.87
12.109
0.628
3.165
0.319
2.376
4.254
3.275
0.103
5.821
1.959
6.872
4.92
4.118
0.708
1.693
4.87
12.919
0.24
10.204
6.032
2.525
0.496
3.377
8.379
11.548
5.169
0.932
1.598
6.367
1.924
6.389
10.53
4.222
0.322
0.462
4.637
5.203
0.352
0.264
2.41
4.961
4.147
4.298
2.044
3.474
2.057
1.378
3.185
10.231
15.472
5.792
4.396
1.94
9.531
5.884
4.158
6.073
4.443
2.365
2.628
0.585
0.431
0.014
0
3.419
0.989
0.482
6.969
3.667
4.916
0.275
0.546
0.106
1.023
0
1.058
1.736
0.034
0.776
6.853
4.209
1.569
2.434
7.359
5.751
1.287
4.757
0.304
0.546
0.258
1.43
3.212
0.606
3.777
20.139
2.245
2.308
5.304
2.681
17.12
53.332
13.251
10.533
2.708
5.215
0.436
0
6.861
12.645
9.175
3.699
4.702
10.871
6.978
1.337
2.078
2.079
3.787
67.557
9.083
3.837
1.778
7.165
3.258
2.089
0.994
1.101
0
2.063
7.201
4.467
4.462
1.921
0.526
12.739
24.774
6.772
2.048
11.22
18.032
0.45
0.58
5.894
4.218
1.554
6.012
0.851
1.592
1.248
2.041
4.058
4.898
2.768
3.713
0.739
3.226
2.829
1.326
4.08
4.325
2.45
4.039
2.788
0.079
0.288
6.154
6.585
1.325
0.302
0.34
0.031
0
0.446
0.151
0.11
0.065
0.051
0.007
0.57
0.373
0.148
0.158
0
0
0
0.017
0
0
0
0
0
0
0
0
0
0.17
1.538
0
0
0
0
0
0.007
0.01
0
0
0
0
0
0.017
0.021
0
3.608
0.405
0.027
0
0.085
0.007
0
0.003
0
0
0
0
0
0
0
0
0
0
0
0
0
0
0
0
0
0
0
0
0
0
0
0
0
0
0
0
0
0
0
0
0
0
0
0
0
0
0
0
0
0
0
0
0
0.172
0
0.414
0.043
0
0.027
0.594
0.045
0
0
0
0.021
0
0
0
0
0
0
0
0.01
0
0
0
0
0
0
0
0
0.072
1.528
0.117
0
0
0
0
1.945
0.154
0
0
0.003
0.088
2.225
3.351
0.821
0.656
0.618
0.836
0.591
0.027
0.072
0.007
0.275
2.846
2.92
0.735
0
0
0
0
0
0.007
0.003
1.428
0.93
3.069
0.216
0
0.117
0.36
0.055
0.017
1.826
0.158
1.638
0.024
3.413
0.742
0.536
0.045
1.198
1.723
0.161
0.33
0.951
0.058
1.332
0.082
0.124
0.347
0.419
12.789
6.722
3.56
4.786
1.311
0.941
4.525
6.303
0.165
1.899
1.006
8.432
8.604
1.895
0.093
2.839
6.54
3.821
0.817
1.658
2.293
4.395
3.426
4.247
3.495
10.145
20.716
5.129
9.067
0.505
10.355
4.892
0.728
6.212
2.541
4.995
11.117
1.401
0.948
8.099
3.746
7.55
0.24
2.28
8.973
1.586
0.11
2.874
4.738
1.988
1.727
0.8
1.469
1.164
4.209
3.365
2.321
2.8
5.703
0.233
2.496
0.47
0.076
30.003
0.034
0.045
0.027
2.228
2.101
7.814
0.687
0.948
2.628
0.192
0.216
0.182
0.786
0.306
0.021
0.072
2.211
0.11
2.688
8.971
4.82
4.628
0.01
0.017
0.244
0.024
0
0.003
0.141
0.01
0.127
0.24
0.402
9.17
2.455
0.858
0.184
1.311
10.169
10.186
0.484
4.316
2.716
3.845
0.615
2.17
0.227
1.536
0.914
1.485
2.553
0.13
2.846
0.094
0.917
14.78
0.826
13.358
2.82
1.169
7.479
1.725
3.201
2.537
2.723
2.074
3.665
3.232
4.559
5.013
0.017
4.201
2.132
3.88
6.784
0.879
0.079
0.247
7.364
1.212
1.162
1.899
0.096
0
0
0
0.807
3.819
17.353
0
0
0.007
0.014
0
0.048
0.017
0.376
0.8
0.051
0.814
1.301
0.122
0.072
2.089
1.027
0.053
0
0
0
0.913
0.291
0.074
0.266
0.118
0
0
0
0
0.345
0.05
2.596
0.273
0
0
0
1.136
0.141
0
0.067
0.003
0
0.038
0.031
0
0.158
0.062
0.069
0.488
2.39
0.264
0.048
0.257
0.209
0.007
0
0.055
0
0.505
0.051
0.003
0.024
0.007
1.995
0.216
0
0
0
0
0
0.01
0.223
0.014
0
0
0
0
0
0.007
0
0
0
0
0
0
0.031
0.031
0.003
0.003
0
0
0
0
0
0
0
0
0
0
0
0
0
0
0
0
0
0
0
0.263
0.043
0
0
0
0
0
0
0
0
0
0
0
0
0
0
0
0
0
0
0
0
0
0
0
0.34
1.054
0.093
0.007
0
2.352
0.257
0.227
0.038
0.065
0.096
0.082
0.021
19.786
1.765
2.489
3.687
0.474
1.136
30.587
4.415
3.512
0.481
0.429
3.457
0.288
1.181
9.84
0.24
0
0
0
0
0
0
0
0
0
62.828
23.342
2.523
39.001
37.233
0.076
1.191
0.089
0
0.045
1.346
0.704
0.752
0.079
2.086
0.233
2.75
0.433
0.172
0
6.324
0.79
0.113
0.014
0.045
0
0.288
0.374
0.027
0.086
0.302
1.921
0.141
0.051
0.024
0.003
0
0.01
0.014
0.172
4.815
0.295
0.076
3.323
4.424
0.426
0.01
0
0.161
0.007
0.014
0.003
5.128
0.465
0
0
0.067
0.003
15.621
3.682
0
0
0
0.827
0.182
6.818
8.37
2.364
1.864
0.652
24.414
26.942
1.085
5.088
9.016
2.594
4.891
5.529
5.098
9.853
7.797
2.676
3.447
0.457
4.971
10.118
0.257
0.007
6.695
0.23
0
7.502
2.918
3.073
4.408
1.442
3.715
4.058
19.365
4.293
1.148
3.699
7.871
20.29
0.213
1.39
4.633
5.792
1.863
13.153
0.975
3.648
7.999
2.194
1.44
2.947
2.044
0.827
12.694
10.21
12.42
10.145
5.496
5.835
3.553
3.462
2.45
4.175
3.229
5.55
0.101
3.912
7.23
3.339
5.208
11.385
6.808
10.149
5.244
9.573
7.278
4.064
1.742
0.69
0.007
6.006
10.937
5.467
8.621
13.338
0.247
1.864
2.905
8.007
0.877
8.144
1.028
4.767
12.521
3.55
9.908
11.314
13.723
7.442
26.803
2.51
3.512
74.731
5.95
16.967
4.692
1.047
0.268
10.348
4.106
1.519
8.952
9.271
13.063
3.574
9.081
10.168
15.668
9.919
2.779
11.178
1.744
1.38
2.513
7.91
12.918
7.822
4.314
2.45
0.332
0.937
101.584
18.313
2.642
0.493
4.098
0.63
0.658
2.364
0.161
0.228
6.727
1.2
0.107
0.134
1.14
0.072
0.017
0.062
0.01
0
0
0.01
0
0
0.573
0.053
0.034
0.251
0.051
0
0.041
0.048
0.324
0.12
0.021
0.01
0.017
0
0
0.23
0.065
0.065
0.088
0.017
0
0
0
0
0
0
0
0
0.021
0
0
0.051
0.014
0.831
0
0
0
0
0
0
0
0
0
0.046
0
0
0
0
0.062
0
0
0
0
0
0
0
0
0
0
0
0
0
0
0
0.079
0.017
0
0.151
0.797
0
0
0.041
0
0
0
0.611
0.076
0
0.055
0.007
0
0.055
0
0
0
0
0
0
0.027
0
0
0
0
0
0
0
0
0
0
0
0
0
0
0
0
0.055
0.007
0
4.319
3.682
0.252
0.311
0.05
0
0
0.017
0.354
0.872
0
0
0.948
4.473
3.54
4.745
1.284
4.051
0.034
0.879
0.484
8.484
0.306
2.039
3.474
7.936
0.68
0.233
0.577
1.542
0.151
1.984
4.7
0.69
2.232
13.987
3.674
1.96
0.893
31.009
0
0
0.165
11.158
90.589
0.055
5.591
1.449
3.457
0.553
1.768
1.521
0.117
1.109
9.558
1.789
0.021
0.494
0.113
4.604
1.033
2.276
16.129
2.853
25.282
14.241
0.05
0
0.209
0.925
17.604
7.999
13.707
3.806
4.631
12.701
0.809
2.479
13.141
6.564
7.879
5.205
104.317
20.634
5.213
10.212
0.007
0.173
5.739
0.891
0.869
4.866
24.671
4.425
0.103
1.826
0.003
3.304
0.4
2.166
1.938
1.095
0.007
1.174
7.586
5.668
3.586
10.377
8.985
0.287
8.975
1.858
0.427
7.093
10.322
4.494
6.921
1.32
4.334
3.706
9.328
0.704
5.749
6.034
3.996
0.596
22.673
19.988
1.315
2.194
5.116
1.73
5.895
5.26
5.919
3.282
2.99
2.52
13.323
10.638
10.135
3.728
0.206
0.477
9.151
4.601
0.718
5.926
4.11
0.01
0
5.313
3.983
13.235
14.65
2.287
9.651
6.463
6.305
3.383
6.382
10.193
8.157
10.502
4.633
9.721
23.528
6.775
13.973
14.953
8.547
4.889
12.186
7.764
9.599
32.508
4.354
2.949
2.426
13.666
2.132
3.564
2.359
3.047
7.601
9.481
4.166
4.48
12.648
7.29
7.309
4.786
5.581
1.914
7.575
10.284
6.401
14.79
3.662
12.926
32.663
16.33
4.45
9.784
14.397
0.987
24.508
16.416
9.477
2.709
0.441
17.631
29.313
6.993
3.02
9.902
8.087
1.682
1.717
9.079
3.068
7.73
2.023
3.854
1.446
0.712
6.944
8.211
5.824
1.257
0.597
1.576
0.319
1.694
1.96
1.636
0.363
3.789
1.033
0.108
2.982
1.296
0.17
0.048
0.086
5.639
6.449
3.842
3.68
0.309
0
0
2.053
2.266
0.893
0.755
10.207
1.15
1.737
0.227
0.336
0.944
3.258
0.196
0.326
0.766
6.599
3.392
0.766
0.395
0.065
0.003
0.924
0.175
0.031
0.045
0
0.244
0.058
0.003
0
0.007
0
0
0
0
0
0
0.01
1.099
0.106
0.01
0
0
0
0
0
0
0
0
0
0
0.045
0
0
0.106
0
0
0
0
0
0.051
0
0.034
0.089
0
0
0
0
0
0
0.405
0
0
0
0
0
0
0
0
0
0
0
0
0
0
0
0
0
0
0.038
0.017
4.625
0.381
0
1.627
0.113
2.225
4.831
0.021
0.069
0
0
0
5.105
1.521
1.469
0.199
0.978
0.134
1.174
0
0.076
0.127
0.017
0
1.48
63.827
0.144
0.257
1.246
0.189
1.416
0.27
2.038
0.151
0.474
3.432
2.693
0.615
0.034
0
0
0.687
13.972
5.28
0.014
0
0
0.918
2.499
2.612
0.877
0
0.419
3.138
3.617
0.247
0.029
0.821
0.192
0.093
0.282
9.555
2.959
0.635
1.384
0.247
0.549
0.762
0.357
1.432
1.655
1.603
1.208
0.117
0
1.233
5.569
3.45
0.282
0.021
0.494
2.002
0.196
0.01
7.151
11.23
0.385
3.1
0.306
0.271
14.09
33.024
0.065
0.11
0.57
2.024
0.709
0.457
3.722
0.563
0.158
2.571
0.34
6.492
0.477
1.727
0.179
3.165
3.938
0.321
2.843
15.189
16.694
29.893
1.816
0.288
0.058
-99
2.259
-99
0.433
0.268
0.051
0
10.065
19.537
0.244
1.504
4.559
1.844
0.173
3.921
1.902
2.266
1.112
3.037
4.34
0.031
4.535
0.179
0.175
0.007
0
0
0.031
0
0
0
0.405
2.911
10.31
5.198
3.124
11.656
5.591
0.419
3.993
4.298
9.366
3.78
9.843
5.342
7.187
6.441
6.784
5.013
1.863
0.096
7.737
1.387
0.106
4.312
5.557
2.372
0.556
0.512
0.961
0.594
0.065
0.978
8.375
0.463
3.667
7.388
2.307
8.192
6.988
9.435
0.501
0.124
2.601
2.496
4.724
1.083
0.35
2.525
16.72
11.532
11.141
11.556
1.833
7.318
2.496
0.74
2.101
8.909
8.063
1.645
11.299
3.766
2.362
2.024
1.042
1.732
6.818
3.821
0.704
0.021
1.385
1.631
6.113
23.657
8.885
3.291
6.369
8.974
4.946
9.404
3.181
1.62
1.986
3.718
9.267
1.096
1.923
20.413
14.03
1.723
3.837
6.841
1.952
7.105
0.424
2.266
0.45
0.999
21.331
2.671
0.669
0.247
0.136
3.543
0.391
5.26
1.346
0.848
0.264
0.251
0.058
7.46
0.124
0.048
1.208
0.738
1.662
2.297
0.975
0.017
1.456
11.11
3.668
6.54
3.828
4.74
3.444
3.2
0.14
0.992
1.037
7.866
1.215
0.094
0.01
0.014
0.014
0.017
0
0
0
0.017
0.01
0
0
0.064
0.003
0
0
0
0
0
0.597
0.176
0
0
0.294
0.069
0
0
0
0
0
0
0
0
0
0
0.014
0
0
0
0
0
0
0
0
-99
-99
-99
-99
-99
-99
-99
-99
1.315
0.096
0.512
0
0
0
0
0.017
0.017
0
0
0
0
0
0
0
0
0.124
0.055
0.021
0
0
0
0
0.027
0
0
0
0
0.01
0
0
0
0
0
0.079
0.007
0.031
0.237
0.172
0.033
0.166
2.401
0.329
2.955
0.141
0.024
0
0
0
0.716
0.862
0.118
0.805
3.718
0.972
0.419
0.033
0
0
0
0.072
0.259
0.065
0.003
2.805
0.205
6
13.858
3.175
0.24
0
0
4.118
7.769
0.017
0.051
0.187
0.467
5.996
0.659
4.456
0.357
0
0.156
2.278
1.818
6.628
1.126
0.038
8.736
16.703
13.724
5.457
25.591
0.295
0.766
1.413
0.191
0
0
2.974
3.73
2.768
1.372
1.202
4.851
1.284
0.355
0
0
0.024
0.021
2.973
0.285
36.428
95.816
14.845
0.793
1.066
0.479
1.679
2.383
1.39
3.299
0.683
0.137
0.391
0.041
0.879
4.546
23.425
6.362
0.295
0.57
3.43
0.834
0.124
7.852
7.371
5.696
0
8.648
9.335
0.402
0.027
3.715
0.669
1.675
0.8
11.44
4.243
2.98
7.371
7.742
2.819
1.73
0.086
3.272
19.209
0.776
6.674
1.512
2.341
1.081
13.293
0.144
2.616
2.343
13.153
5.078
5.782
1.923
7.941
29.121
4.398
5.476
7.217
3.514
0.79
7.653
0.718
0.01
4.319
0.268
0.051
0.378
0.191
0.154
0.64
1.21
0.974
2.944
14.353
30.751
5.143
6.115
7.533
12.102
8.647
0.797
4.092
8.629
0.989
6.219
13.148
0.204
0.47
5.145
0.668
6.671
12.961
2.287
6.254
53.364
0.799
6.077
1.169
11.791
17.441
9.1
6.631
13.359
7.263
15.233
8.302
5.208
0.56
45.694
20.436
2.252
0.098
8.387
6.037
8.913
4.586
18.507
9.821
12.203
3.311
2.266
2.333
7.955
8.316
1.99
2.474
5.651
15.204
14.729
2.018
0.39
16.619
11.396
6.17
3.49
2.929
12.572
8.141
3.819
3.801
11.275
5.197
4.721
29.629
51.608
2.882
3.847
5.294
5.237
10.373
11.004
4.881
0.517
3.057
6.66
8.09
0.637
0.158
74.48
8.065
0.817
4.858
8.813
10.67
4.364
6.721
0.826
2.062
4.92
2.231
8.057
3.832
2.046
1.505
3.298
1.797
0.75
0.994
0.003
0.906
0.278
6.182
2.407
3.674
4.477
4.395
4.573
0.409
3.952
0.45
1.167
6.595
1.305
0.007
0
0.082
0.113
0
0.048
0.027
0
0.481
0.093
0
0.079
0.048
0.295
0.185
0.148
0.041
0.076
0.069
0
0
0.127
2.381
0.373
3.317
0.086
0.814
0.666
0
0.017
0
0.134
0
0
0
0
0.041
0.003
0
0
0.082
0.007
0.027
0
0
0
0
0
1.473
0.151
0
0
0
0
0
0
0
0
0
0
0
0
0
0
0
0
0.014
0
0
0.01
0.003
0.034
0.266
0.065
0
0.692
3.414
0.887
0
1.063
2.688
1.411
2.343
0.311
0.038
0.115
0.017
0.333
0.041
0.093
0.378
8.588
7.32
0.021
0
0
0
0
0
0
0
0
0
0
0
0.134
0.022
0
0
0.433
0.086
0.007
0.591
0.082
4.116
3.399
0.474
50.475
10.059
3.972
5.885
0
9.836
1.758
0.079
0
0.014
0.007
0
0.161
3.591
25.475
0.086
16.184
2.396
0.024
1.96
7.543
18.78
6.911
0
0.398
1.493
1.183
1.239
2.807
2.305
0.151
0.302
0
0.865
0.47
0.065
1.904
0.33
0.058
0
0
0
0.316
0
16.613
3.696
14.962
8.636
17.046
4.11
2.059
0.031
16.589
5.174
9.268
3.44
25.55
5.613
4.484
0.007
0
0.024
0.003
0.283
0.391
0.033
2.596
0.23
0
3.155
8.312
2.568
2.287
1.871
3.107
7.466
0.403
0.93
0.076
7.531
0.072
0
5.483
3.341
20.603
2.523
4.834
10.42
11.131
0.694
7.69
4.836
8.502
3.557
12.146
3.886
5.576
0.451
0.898
1.232
1.476
2.075
3.694
10.013
13.484
1.08
5.471
6.468
9.857
0.81
2.561
3.277
3.998
0.079
1.76
3.797
3.619
2.393
4.209
13.523
1.854
5.637
5.569
0.68
8.916
9.623
2.477
6.678
6.897
6.901
8.044
3.361
3.262
0.944
4.044
4.817
1.959
1.785
2.891
3.181
2.935
8.051
0.845
0.453
6.829
5.225
6.678
4.031
1.382
3.171
0.551
0.242
2.76
3.27
2.907
1.608
1.754
7.754
3.85
0.597
1.753
5.078
2.886
2.52
7.816
7.181
0.201
2.889
2.007
5.318
1.5
1.617
11.939
0.215
0.268
4.946
0.651
0.084
7.596
0.845
1.435
1.445
2.307
3.9
1.394
11.189
2.184
1.775
9.229
2.798
3.224
11.34
10.794
9.61
14.265
15.858
1.548
2.692
3.382
6.111
1.476
68.795
5.493
2.983
0.673
6.348
0.168
6.77
2.599
5.897
4.834
48.565
26.379
1.917
0.391
2.143
3.979
33.567
2.274
0.864
3.291
1.202
3.744
2.316
0.863
0.776
3.011
2.395
2.082
0.273
1.619
0.067
0.266
0.007
0.076
9.96
4.326
0.501
0
2.573
2.935
0.089
1.907
0
0.187
0.196
0.101
0.01
0
0
0
0.105
0.249
0.024
0.12
0.707
0.089
0.186
0.024
0.055
0.072
2.489
0.34
0
0.889
0.053
0.554
0.23
0.903
0.086
0.034
0
0.007
0.01
0
0.01
0
2.611
0.244
0
0
0
0
0
0
0.003
0
0
0
0.007
0
0
0
0
0
0
0
0
0
0.093
0
0
0
0
0
0
0
0
0
0
0
0
0
0
0
0
0
0
0
0
0
0
0
0
0
0
0
0
0
0
0
0
0
0
0
0
0
0
0
0
0
0
0
0.141
0.024
0
0
0
0
0
0
0
0
0
0
0
0
0
0
0.812
0.168
0.024
0
0
0
1.14
0.12
3.516
3.028
0.463
10.729
3.619
1.325
3.241
0.233
2.012
0.038
40.787
0.237
44.992
117.166
0.433
0.968
0
0
0
0.051
1.954
0.81
2.472
2.915
0
0
0.021
0.566
0.216
0.021
3.241
0.314
1.39
0.961
2.232
0.409
0.048
0.1
3.165
3.014
3.797
18.821
9.459
19.741
2.64
0.045
0.045
0.807
8.034
0.515
0.117
0.148
0.014
0.697
0.35
4.084
7.854
0.021
0.124
0.185
3.519
0.446
5.816
0.942
2.225
1.636
0.798
0.259
0.098
0.003
0.093
0.124
0.669
0.062
0.756
2.761
0.723
3.167
0.805
0.069
0.113
0.283
0.924
6.2
0.421
1.249
0.003
6.302
0.021
0
1.32
0.12
0.069
6.346
0.076
0.017
1.174
62.322
83.043
0.01
1.729
6.12
2.648
0.158
6.536
2.704
0.747
1.935
5.705
0.436
8.248
7.151
11.649
7.591
5.177
6.09
0.285
0.184
16.033
3.064
9.005
1.802
0.275
4.334
3.971
3.665
2.467
13.958
9.85
4.075
9.127
0.464
12.317
5.45
8.229
4.815
1.123
3.21
1.208
7.67
0.543
2.335
9.167
6.925
6.947
7.054
3.238
10.602
2.941
2.757
2.396
0
0
1.353
0.168
0
6.386
0.216
10.818
49.301
17.825
8.029
1.195
8.078
3.708
0.766
1.686
34.47
62.447
25.166
58.255
6.722
11.827
12.758
2.719
1.081
20.469
0.934
9.883
4.779
2.235
2.278
2.968
1.27
1.057
4.752
11.398
2.021
10.458
55.553
1.475
7.581
6.633
3.332
6.008
12.892
6.425
3.84
0.034
2.621
0.423
0.831
1.797
2.105
0.754
5.265
9.453
7.059
2.098
13.802
21.701
4.46
12.504
12.667
5.603
12.634
0.027
0.8
0.13
2.898
1.428
16.658
6.427
0.481
1.439
2.554
0.213
1.878
3.862
4.91
3.148
0.484
0.065
1.772
0.79
0.554
0.539
0.91
1.308
0.345
0.651
0
0
1.533
0.282
0.076
0.333
1.584
0.206
0.021
0.048
0.093
0.391
0.106
0.003
0.359
0.026
0.253
0.553
4.692
0.917
0.031
0.034
0
0.031
0.173
0
0.096
3.133
0.364
0
0.007
0.252
0.051
0.003
0
0
0.01
0
0
0.027
0.007
0.033
0.901
0.073
0
0.007
0
0
0.01
2.765
0.197
0
0
0
0
1.044
1.772
0.203
0.591
0
0.014
0
0.13
0.101
0.597
0.542
0.039
1.833
0.058
0
0.193
0.007
0
1.03
0.154
0
0
0.201
1.186
2.716
0
0
0
0
0
0
0
0
0
0
0
0
0
0
0
0
0
0
0
0
0
0
0
0
0
0.044
4.321
10.332
2.407
0.197
0
0
0
0.027
0
0
0
0
0
0
0
0
0
0
0
0
0
0
0
0
0
0
0
0
1.36
0.11
0
0
0
0
0
0
0
0
0
0.333
0.98
3.057
12.21
1.751
0.041
0
0.639
34.844
14.147
0.209
0.237
2.935
11.264
0.488
0.055
0.553
0.041
0.031
0.666
14.426
21.101
0.1
0.463
1.437
6.128
3.375
0
0.467
0.343
2.911
2.764
3.155
6.279
0
1.473
0.206
10.99
0.996
0.003
0.319
0.034
0
0.048
0.893
3.533
7.117
0.282
2.541
0.875
0
0
0.992
0.11
0.175
0.014
1.995
3.845
0.621
0.649
3.636
5.04
0.288
8.013
1.29
0.055
0.007
0.319
3.679
0.326
0
0
0.041
0.17
3.212
0.354
0.093
1.075
0.24
5.806
7.236
0.484
0.282
0.017
0.385
0.051
0.003
47.494
0.603
4.248
5.488
3.016
0.051
1.124
6.497
3.524
7.49
3.073
2.178
17.135
7.313
0.323
2.999
0.079
0.132
1.082
2.487
7.527
0
6.504
11.27
2.101
5.655
10.464
5.061
3.979
0.007
0
5.486
8.895
11.412
3.045
2.146
0.683
0.156
9.871
5.469
8.823
4.879
10.537
4.679
1.408
5.72
3.15
4.861
0.192
0.488
8.738
3.088
2.06
0.058
2.283
6.025
2.487
0.46
0.179
0
0
0.103
7.11
3.358
1.748
6.77
13.17
11.029
12.686
3.481
2.671
8.408
17.535
9.84
1.368
8.871
7.912
0.648
2.747
6.217
4.14
8.106
18.375
2.781
2.786
10.67
0.082
18.237
18.998
0.853
1.579
0.944
1.813
0.28
85.104
0.544
4.391
6.065
0.211
0.048
7.388
12.933
0.522
1.291
9.059
5.95
0.031
0.827
3.368
7.828
2.547
2.06
3.979
5.284
0.189
0.172
11.388
0.024
0.003
1.202
0.158
1.243
0.154
0.065
0.103
0
0.29
0.378
4.717
1.71
1.188
3.606
0.929
0.062
0
0.728
0.089
2.829
0.538
0.263
0.338
2.36
0.913
7.888
1.16
0.021
0.027
0.457
5.069
0.582
2.425
0.233
0.007
0
0.014
0
0.018
0.015
0
0.687
0.22
0
0.007
0.014
0.014
0
0.038
0.563
0
0.021
1.555
0.106
0.048
0.961
0.328
3.056
2.304
0.182
0
0.621
1.662
0.838
0.841
0.058
0
0
0.034
0
0
0
0
0
0
0
0
0
0
0
0
0
0
0
0
0
0
0
0.01
0
0.144
0.017
0.192
0.165
0.007
0.357
0.053
0
0
0
0
0
0
0
0
0.048
0
0.038
0.007
0
0
0
0
0
0
0
1.401
0.189
0
0.161
0.175
0.463
0.12
0.209
0.062
0.587
0.439
47.059
51.464
2.214
5.618
9.671
0.137
0
0.031
0
0
0
1.179
0.101
0
0
4.297
3.742
0.704
0
0.845
0.046
0.084
0
0
0
0.343
2.365
0.506
0.444
0.199
0.798
0.069
0
0.192
0.106
4.061
4.07
6.224
0.577
15.223
2.424
0.172
2.005
0.587
12.449
51.007
0.048
0.731
11.155
6.842
0.055
0
0.7
0.069
0
0.498
0.443
0.027
0.491
0.9
1.068
0.082
2.105
0.34
3.694
6.116
0
0.35
3.938
2.026
2.846
0.587
0.01
1.208
2.544
2.197
0
16.946
6.748
3.217
8.7
6.128
6.705
8.93
5.558
18.134
4.982
19.298
20.163
11.958
3.897
2.129
5.201
8.326
2.757
0.007
5.102
15.079
0.439
0.216
0
1.538
0
0.192
0.419
1.823
0.154
0.948
7.673
14.358
4.655
0.247
6.952
0.395
0
0.343
3.078
0.151
4.642
2.846
0.546
0.906
2.681
3.069
9.06
2.359
10.403
4.637
9.101
9.28
2.633
8.569
5.133
7.321
0.103
6.564
0.393
0.616
10.918
9.334
8.332
5.445
0.503
0.094
1.305
11.108
8.442
12.703
3.71
4.381
0.278
4.077
9.48
0.106
0.007
3.892
3.514
3.658
18.807
13.139
0.299
1.832
2.45
1.897
0.664
0.589
0
0
4.863
1.427
2.409
9.444
14.596
3.866
4.268
1.921
4.702
1.497
0.625
0.391
2.063
3.02
5.842
5.84
0.607
0.017
3.146
5.383
0.678
0.089
6.69
16.195
12.864
11
10.549
5.16
0.124
0.089
3.068
11.702
17.63
0.839
2.685
6.674
2.82
4.192
9.967
6.465
4.786
3.004
3.444
124.218
3.838
1.188
0.474
0.587
0.117
0.247
0.041
1.548
6.784
10.818
0.227
7.086
5.479
10.533
3.437
0.01
1.191
1.263
2.304
1.006
0.336
0.536
0.051
6.207
0.13
0.065
3.488
5.531
28.578
6.357
7.615
2.163
5.28
1.912
6.575
1.088
5.282
0.525
1.717
0.776
0.069
1.178
3.244
0.975
1.699
0.759
0.419
2.194
0.982
0
0.079
0.041
0
0
0
0.027
0
0.041
0.103
0.003
0.003
0
0.034
0.024
0.051
0.082
0.024
0.072
0.021
0.034
0.024
0.021
0.007
0
1.483
0.163
0
0
0
0
0.041
0.007
0.027
0
0
0
0
0
0.021
0.031
0
0
0.34
0.069
0
0.027
0.057
0
0.01
0.014
0.041
0
0
0
0
0
0
0
0
0
0
0
0
0
0
0
0
0
0
0
0
0
0.003
0
0
0
0
0
0
0
0
0
0
0
0.014
0
0
0
0
0
0
0
0
0
0
0
0
0
0
0
0
0
0
0
0
0
0
0
0
0
0.007
0
0
0
0
1.267
0.252
0.319
0.052
0
4.237
0.551
0.956
0
0
0
20.756
5.96
1.538
1.384
0
0
0
0.637
2.963
3.644
0
0
0
0
0
0
1.614
0.748
0.549
58.231
30.556
0.364
2.039
0.161
5.929
0.051
0.513
0.024
0.199
0.656
0.048
4
4.158
1.844
3.883
0.7
0.045
0
0
2.594
0.869
4.463
56.703
2.057
4.166
2.094
0.166
66.079
34.937
0.191
2.547
4.015
0.259
0.021
1.136
38.605
18.763
4.417
0.889
13.154
2.982
0.51
8.188
1.808
12.543
9.628
0.021
0.003
1.538
0.45
0.821
0.079
5.44
1.348
0.13
0.214
10.811
45.945
0.556
0.692
0.043
1.933
3.097
0.376
7.416
0.724
5.194
1.801
2.438
6.305
6.434
0.065
0.884
0.633
0.041
0.017
0
0.007
0.171
4.935
0.872
7
2.959
0.446
0
0.003
0
4.662
1.363
10.76
6.369
4.753
3.706
3.392
0.834
0.106
1.995
2.06
4.728
1.423
6.036
5.847
1.481
0.992
4.106
6.884
0.422
1.342
0.134
3.584
5.126
7.893
3.049
0.1
1.236
0.11
2.212
0.128
0.662
5.471
2.029
3.44
3.893
0.153
0.007
0.283
0.812
0.419
0
0.486
0.074
0.276
0.117
4.717
4.59
1.011
0.137
0.007
0.106
0.031
0
9.045
0.657
0.007
0
0
0.117
0.11
0.484
0.117
1.248
5.755
46.864
0.85
0.446
0.292
14.679
0.029
0.115
11.391
15.11
0.094
0.288
8.359
7.596
14.895
12.993
2.944
19.387
0.191
3.456
3.95
0.414
2.623
4.901
25.553
20.566
7.548
2.48
0.343
2.753
1.617
0.342
2.699
2.105
19.166
13.257
12.532
4.055
0.922
4.115
2.779
6.957
2.012
1.71
0.079
3.328
1.239
0.373
2.41
0.285
0.13
0.022
0
0.021
0.041
0.285
5.026
0.53
0.206
0.165
0.082
0.1
5.246
0.086
8.48
11.038
1.796
2.407
0.635
0.021
0
0.048
0.385
0.024
0
0
0.027
0
0
0.117
0.11
0.134
0
0
0
0
0
0
0
0
0
0
0
0.003
0.003
0
0
0
0
0
0.051
0.01
0
0.021
0
0
0.076
0.034
0
0
0.003
0.021
0
0
0
0.007
0.014
0.007
0
0.003
0.003
0
0.146
0
0
0
0
0
0
0
0
0
0
0
0
0.024
0
0
0
0
0
0
0
0
0
0
0
0
0
0
0.268
0.089
0.003
0
0
0
0
0
0
0
0
0
0.448
0.086
0
0.014
0.359
0.065
0
0.014
0
0
0
0.839
0.201
0
15.13
24.865
3.147
0.233
0.165
2.985
11.055
0.735
9.256
5.744
5.763
0.68
0.017
3.493
1.612
3.377
0.223
0.038
0.014
0.209
0.031
0.031
0
0
0
0
0
0
0.01
1.277
3.675
0.318
0.07
0
0
2.824
0.216
0.9
0.069
0
0
0
0
1.705
0.206
0.003
0.994
4.798
0.405
1.485
8.072
0.062
0.264
0.089
18.629
0.065
0.003
1.059
5.328
0.5
0.038
0
0.288
1.802
0.257
0.007
0.021
3.286
2.589
0.553
6.324
4.487
0.213
6.056
1.071
75.97
10.863
0.124
0.615
0.065
3.797
7.11
0.501
0.206
0.196
0.625
0.838
0.323
0.076
10.722
0.323
2.434
8.099
0.014
0.247
0.048
1.408
11.654
6.097
8.163
2.63
0.282
24.927
0.453
1.753
0.245
5.665
0.961
0.12
0
3.042
6.157
1.758
2.426
21.519
1.227
1.78
0.336
0.7
0.039
0.704
3.169
9.709
11.764
13.511
5.32
1.058
2.391
2.038
0.218
0.003
4.232
1.068
1.231
0.996
6.317
2.281
0.668
8.858
12.518
5.585
1.823
1.43
3.15
1.44
2.094
4.75
18.436
4.292
3.002
2.396
1.777
6.048
4.573
17.607
6.264
0.127
0.263
1.816
2.07
0.158
0.034
0.027
2.026
0.626
0.941
6.698
0.354
1.31
8.676
0.16
0.407
0.136
8.039
10.375
1.806
0.482
2.791
3.933
8.344
4.446
8.665
3.299
11.069
5.751
5.679
4.127
13.194
9.438
5.919
18.04
8.432
7.014
5.28
2.712
0.632
0.031
0.003
2.201
0.525
33.742
6.434
2.983
16.867
9.319
13.094
4.683
0.391
3.976
9.562
0.958
0.182
1.303
2.929
8.228
4.391
0.405
3.787
50.721
3.5
1.531
0.027
25.663
14.196
0.179
0.034
0.233
3.025
1.226
0.223
0.851
3.557
1.95
0.199
0.405
0.082
1.294
5.359
0.803
0.034
0.354
4.951
2.929
2.029
0.302
0
0.388
2.115
0.209
0
0
0
0
0
0.405
0.072
0.003
4.844
0.848
3.574
0.772
0.051
0.139
0.01
0.017
0.13
0.014
0.003
1.363
0.244
0.103
0.007
0.213
0.024
0.312
0.336
0.165
17.132
21.384
0.544
0.369
0.049
0.065
0
0
0.117
0.206
0.045
0
0
0.031
0
0
0
0
0
0
0
0.041
0
0
0.103
0
0
0
0
0
0
0
0
0
0
0.034
0.814
0.11
0.003
0
0
0
0
0.378
0.409
0
0
0
0
2.87
0.34
0
0
0
0
0
0
0
0
0
0
0.484
0
0
0
0
0
0
0
0
0
0.621
0.093
0
0
0
0
0
0
0
0.041
0
0
0
0
0
0
0
0
0.302
0.079
0.724
3.509
0.618
0.034
0
0.117
2.081
0.409
0.422
0
0.978
2.01
1.226
0.271
0.014
0
0
0.082
3.629
0.268
0.072
0.769
0
0.051
0.007
0
0
0.055
0.007
3.119
7.225
2.587
7.129
0.01
0.247
0.064
0.415
0.014
0
0
0
0
0
0.901
4.683
0.575
0.007
0
0
0.137
0.057
1.164
1.427
0.192
0.41
2.402
0.151
0
0.203
0.039
8.418
3.619
0.772
0
2.973
0.163
0.007
0.003
0.177
0
0.168
0.161
0.121
1.493
0.027
0.096
22.694
1.608
0.245
3.437
7.337
1.955
0.165
3.136
1.832
13.965
1.124
1.78
0.276
7.878
7.321
0.879
3.059
2.771
1.905
2.898
0
4.988
5.847
3.006
11.876
2.441
0.055
1.226
4.137
2.238
5.534
6.623
2.408
2.053
1.08
8.054
4.851
4.384
2.671
1.775
11.676
0.027
0.017
0
0.065
1.368
0.512
0
0.853
4.18
0.326
0.034
1.396
2.16
0.082
5.843
6.377
13.898
0.046
0.86
2.086
0.654
0.067
4.395
1.921
5.967
0.103
1.641
0.258
5.507
0.939
0
4.433
7.083
2.182
0.039
0
0.182
0.239
0.01
0.024
0.096
0
1.816
6.59
1.298
0.055
0
2.275
2.39
1.332
3.727
16.956
7.21
5.467
0.445
0.021
3.631
8.13
2.997
1.728
36.981
21.7
7.893
24.687
13.505
15.377
44.841
92.626
5.404
0.161
0.434
0.585
2.369
0.014
0.737
7.912
0.448
0.513
0.007
1.248
8.168
1.809
1.317
15.815
24.765
11.623
11.144
3.329
38.595
0.834
1.059
2.384
1.53
10.087
3.905
3.892
8.291
18.315
3.737
0.855
1.751
5.455
13.158
13.106
3.13
4.4
4.537
0.283
2.695
10.456
12.008
21.725
15.595
20.079
11.706
2.992
0.321
0.051
1.202
1.851
6.14
3.816
1.48
0.264
0.331
3.856
0.853
0.05
0
0.326
0.608
0.213
0.323
0.144
0.045
0
0
0
0
0.027
0.021
0
0.13
0.007
0
0
0.235
0.328
0.403
0.113
0.007
0.01
0
0
0.003
0
0
0
0.017
0.034
0.003
0.065
0
0
0
0
0
0
0
0
0
0
0
0
0
0
0
0
0
0
0
0
0.038
0.007
0.081
0
0
0.007
0
0
0
0
0.076
0.089
0
0
0
0
0
0
0
0
0
0
0.007
0
0
0
0
0
0.014
0
0
0
0
0
0
0
0
0.01
0
0
0
0
0
0
0
0
0
0.058
0.089
0.024
0.003
0
0
0.144
0.021
0
0
0
0
0.072
0
0
0
4.333
0.809
0.382
0
12.293
2.017
0.319
0.039
0.879
3.177
0.273
1.911
0.821
1.356
0.542
0.457
0.039
0
1.976
0
0
7.012
0.807
2.003
0.204
0
0.01
0.003
0
0
0.503
0.129
1.607
0.494
0.362
1.202
1.329
0.096
0.154
0.251
1.586
1.219
4.779
5.668
4.422
0.257
2.753
0.752
13.675
5.236
3.004
0.254
0
0.694
0.048
8.243
0.096
0
0.106
2.444
2.266
2.558
5.72
0.089
0.924
6.592
0.213
0.189
1.83
0.137
0.652
2.304
12.497
17.097
11.069
0.539
0
0
0.014
2.225
0.23
0.007
0.728
0.319
0
15.731
0.494
0.731
8.95
0.405
6.145
1.648
1.751
3.73
0.306
0.34
0.737
4.046
15.874
4.973
1.86
8.569
1.226
0.027
4.582
6.413
0.5
0.045
0.076
23.902
0.112
6.669
9.107
3.905
0.058
3.133
7.891
27.598
1.334
3.631
1.651
8.829
19.621
7.491
16.287
7.797
15.443
3.56
1.191
1.114
5.915
6.214
0.165
3.296
0.647
2.415
11.735
2.791
1.562
8.504
0.405
1.13
2.951
7.148
3.926
1.507
4.637
8.961
4
3.279
0.216
11.63
7.395
4.48
11.216
2.458
8.447
12.392
24.913
1.464
6.209
7.836
1.499
0.381
7.613
0.282
5.685
3.353
5.201
3.438
5.013
2.097
2.285
10.264
7.278
0.415
8.569
8.271
7.953
5.222
6.544
3.124
4.302
10.72
6.772
1.648
95.066
2.541
3.571
6.77
26.202
0.395
1.734
1.243
6.812
5.692
5.188
3.241
2.458
5.634
6.345
0.463
0
6.71
10.636
0.477
5.067
0.738
8.741
6.581
15.089
14.886
1.954
5.311
8.065
2.736
6.646
0.558
0.146
1.258
1.289
3.001
16.257
1.475
3.756
2.666
4.949
4.106
3.662
4.199
1.615
1.96
0.457
0.398
6.17
3.932
5.376
0.1
0.62
2.084
4.947
1.006
0.154
0.175
2.335
0.007
0.216
0.261
1.593
5.909
11.54
2.468
4.922
2.057
0.532
0.05
0
0.421
0.309
0.007
0.868
0.158
0.003
0
0.045
0
0.07
0
0
0.007
0.017
0.014
0
0
0.003
0.045
0.621
0.064
0.476
0
3.112
5.977
0.802
0.033
0.01
0
0
0
0
0
0
0
0
0
0.014
0
0.663
0.436
0.048
0.027
0
0
0
0
0
0.024
0.007
0
0
0
0
0
0.072
0
0
0
0.031
0
0.065
0.031
0
0
0
0
0
0.034
0.007
0.014
0
0
0
1.713
0.227
0.014
0
0
0
0
0
0.613
2.53
0.364
0.017
0
0.007
0.846
0.003
0.045
2.015
0.783
1.846
0.774
2.089
2.254
0.201
0
0
0
0
0
0
0
1.648
0.168
0.252
14.943
13.115
0.594
0.072
1.01
1.974
0.22
0.889
2.118
1.286
0.941
0.089
0.474
0.215
5.991
63.88
7.629
0
0
0.223
0.027
0.106
10.004
3.241
9.86
2.997
35.592
0.031
0.017
1.073
0.953
13.692
14.986
87.936
33.04
0.774
0.601
0.041
0.276
0.036
0
1.375
0.748
11.199
18.871
0
0.18
0.163
5.964
28.3
0.031
0.12
0.003
0.014
4.444
40.564
0.106
0.039
0
3.486
1.105
0.4
0.178
0.371
0.079
6.453
15.558
7.375
2.918
0.542
0.096
10.195
0.263
8.612
1.207
2.058
0
0
0
0.17
0.007
0.306
0.156
0.007
1.855
0.319
0.039
0.041
0.017
12.107
11.87
3.521
9.743
0.299
4.867
0.021
2.201
2.678
11.927
8.782
8.459
11.04
3.962
17.329
3.579
9.658
1.574
1.831
8.375
12.88
0.072
0
2.702
0.021
0.858
4.453
2.381
2.997
0.481
3.876
7.133
2.738
3.607
1.239
8.126
10.547
2.379
7.007
0.031
4.891
5.095
0.223
3.287
3.111
3.677
3.354
7.701
6.197
2.499
9.949
6.461
1.353
0.093
0.041
0.058
0.161
1.603
1.912
2.146
0.086
0.46
0
0.007
3.382
0.975
7.522
0.101
9.965
6.6
3.998
0.263
11.328
8.681
3.553
7.615
1.003
3.711
13.36
1.844
7.402
6.571
2.549
1.341
2.304
5.914
1.227
4.482
8.135
6.262
1.356
1.412
0.129
4.781
0.568
8.502
4.724
1.901
4.007
3.689
0.096
0.712
11.496
0.062
4.133
6.691
3.972
12.297
14.044
1.475
0.688
3.833
4.065
0.128
0.915
2.34
0.22
0.915
4.235
0.245
3.679
9.307
13.698
0.215
1.705
4.643
0.034
0.118
0.039
8.583
0.021
0.391
1.092
1.904
0.901
1.008
0.704
0
6.539
16.261
3.284
3.838
0.386
2.472
1.205
0.548
0.074
3.552
0.537
0.288
0.282
0.033
0.024
1.126
0.282
0.091
0.017
0.014
0
0
0.062
0
0
0
0
0
0
0.055
0.055
0.069
0.007
0.199
0.189
0.031
0
0.041
0.103
0.021
0.069
0.076
0.014
0.007
0.007
0.031
0.275
0.476
0.05
0.051
3.086
0.007
0
1.495
0.26
0.038
0.007
2.472
0.233
0.349
0.165
0.021
0
0
0.007
0.017
0.003
0
0
0
0
0
0
0
0
0
0
0
0
0
0.194
0.316
0.007
0
0.027
0
0
0
0
0.062
0
0
0.134
0.017
0
0
0.024
0.007
0
0
0
0
0
0
0
0.038
0
0.027
0.01
0
0.058
0.007
0.003
0
0
0
0
0
0.048
0
0
0
0
0.021
0
0.014
0
0
0
0
0
0.017
0
0
0
0
0
1.318
0.223
0.01
10.585
40.967
0
0
0
0
0
0
0
0.022
0.033
0
0
0
0
0
0.014
0
0.482
0.043
0
0.167
5.258
24.043
3.85
15.419
1.099
0
0.031
2.252
1.013
21.638
14.037
0
0.168
0.007
0
0
0
0
0
8.006
17.369
0
1.564
0.987
10.619
1.073
0
0.007
0.137
2.206
0.223
2.364
2.172
0.027
0
6.695
3.224
2.383
0.73
1.808
12.006
0.239
7.498
8.813
6.269
14.341
2.027
0.139
0.688
0.039
0.051
0.922
0.233
1.511
0.1
1.823
8.566
1.128
3.423
0.053
0.889
6.715
8.542
1.294
0.089
0.944
8.154
13.141
4.157
4.659
2.18
4.188
6.132
8.415
1.236
8.997
4.868
2.194
1.56
82.277
27.522
8.595
0.196
14.626
16.497
19.839
13.29
5.697
3.267
6.3
1.387
0.194
5.857
4.788
2.209
5.845
0.724
10.759
5.507
0.118
12.931
1.27
1.167
3.756
0.385
0.134
0.024
2.046
4.151
2.541
5.122
2.468
2.391
1.789
1.311
3.471
0.141
3.052
0.326
0.632
3.48
5.232
2.45
5.586
4.281
3.698
1.567
1.119
2.709
2.585
11.573
0.259
0.355
0.556
5.122
0.76
0.173
0.433
0.079
1.269
9.766
1.157
0.34
4.374
3.183
7.999
3.013
1.334
0.716
2.741
0.161
10.296
13.967
0.999
6.631
3.632
3.695
0.154
6.051
68.28
1.328
4.441
0.282
0.611
0.481
10.832
9.108
17.705
5.747
9.057
3.341
8.202
14.217
6.31
1.988
14.167
4.611
4.717
23.635
18.828
1.442
1.26
0.148
0.034
10.035
0.151
1.483
2.06
0.247
1.833
49.693
0
0.87
0.024
3.275
21.481
3.114
0.141
0.051
0.474
1.157
2.348
1.214
5.356
2.338
2.28
0.214
2.392
1.753
0.22
0.148
3.006
0.431
0.136
0.659
2.578
6.179
0.203
0.021
0.704
0.069
0.045
0.925
0.065
0.623
0.033
0.86
0.096
1.454
2.367
0.445
0.003
0.062
0
0.265
0.017
0.007
0
0.003
0.007
0.681
1.481
0.206
0.781
0.271
0.076
0
0.211
3.687
0.671
0.034
0
0.007
0
0
0
0
0.034
0
0
0.027
0
0.137
0.038
0.062
4.324
0
0.041
0.007
0
0
0
0
0
0
0
0
0
0
0
0
0
0
0
0
0
0.024
0
0
1.78
0
0
0
0
0
0
0
0
0
0
0
0
0
0
0
0
0
0
0
0
0
0
0
0.247
0.017
0
0
0
0
0
0
0
0
0
0.417
0.728
2.908
0
0
0
0
0
0
0
0
0
0
0
0
0
0
0
0
0
0
0
0.1
0
0
0
0
0
0
0
0
1.124
2.12
6.24
0.793
0
0
0
0
0.029
0.026
0.017
0
0
0.388
0.031
0.003
0
0.958
0.117
0.103
0
0.017
0.045
0.24
0.031
0
0.034
0.003
0
0.182
0.7
7.841
5.747
0.429
0
0.225
4.374
0.36
0
0
0.474
0.168
0
0.22
0.096
17.029
1.813
5.236
18.879
3.162
9.287
5.366
12.49
7.011
2.544
2.812
5.455
1.631
1.978
0.323
0.01
0.069
0.233
0.13
1.047
0.027
0.024
0.838
0.082
2.063
0
0
0.817
0.103
0.288
0.079
0.742
0.316
0.831
0.941
12.253
10.241
17.552
8.465
1.2
33.143
0.197
0.01
6.31
0.759
0.007
0
0.493
7.564
15.736
2.091
1.073
0
0.891
3.859
1.773
2.886
0.335
0.894
2.194
0.9
9.792
0.591
5.734
5.797
1.995
2.211
3.519
0.12
0.91
6.739
1.119
10.856
1.198
1.284
7.57
3.835
3.272
23.531
0.072
0.831
2.606
2.585
0.824
0.508
4.885
6.406
5.878
10.801
16.256
3.612
2.647
8.15
10.396
0.985
0.065
6.465
4.522
20.412
2.635
2.724
1.969
0.189
0.989
7.294
3.902
8.212
6.319
9.435
2.547
1.516
0.551
3.866
0.694
5.917
0.211
0.886
1.208
0.261
7.414
9.539
0.034
0
0.039
1.25
6.556
1.931
0.391
3.625
4.741
0.469
0
0.079
0
0.192
0.556
0.036
2.499
7.778
12.82
3.869
0.276
4.328
9.641
0.304
9.752
9.766
3.323
5.548
10.482
8.549
0.688
28.382
1.069
8.284
0.345
0.726
0.058
2.3
1.727
7.187
0.733
0.302
1.584
0.321
0.822
0.034
6.64
14.833
1.871
0.112
0.462
1.375
1.332
61.736
21.35
1.758
0.453
5.562
32.363
6.185
0.45
1.13
0.106
0.093
0.034
0.01
0.048
0.051
0.051
0.285
0.237
0.072
0.254
0.014
0.065
0.034
0
0
0.024
0
0
0.058
0.12
0.045
0.432
0.152
0.01
0.034
0.007
0.045
0.003
0.017
0.117
0.13
0.007
0.043
0.003
0
0
0
0
0.017
0.01
0.031
2.01
0.218
0
0
0.18
0.029
0.141
0
0
0
0
0
0
0
0
0
0
0
0
0
0
0
0
0
0
0.024
0.113
0.024
0.034
0.343
0
0
0
0
0.017
0.031
0.062
0.041
5.414
0.604
0
0.11
0
0
0
0
0
0
0
0.007
0
0
0
0
0.261
0.051
0.024
1.133
0.082
0
0
0
0
0
0
0
0
0
0.076
12.313
3.059
1.796
1.257
0.027
0
0.017
0
0
0
0
0.072
0.045
3.639
0.302
0.142
0.064
5.071
0.702
0
1.634
0.118
1.465
0.87
0.863
0.062
0.891
0.014
0
0.233
0.014
22.467
15.865
0.419
0
0
0.094
0.045
2.692
0.81
0.735
0.072
0.17
0.024
0.062
15.202
10.976
0.01
0.003
0
1.069
0.134
0
0
0
0
0
0.79
1.198
0.553
0
0.096
2.081
0.268
2.644
2.832
0.79
0.453
0.034
0
3.876
6.808
10.574
0.041
0.357
0.155
2.197
0.561
0.35
1.282
0.338
0.022
0
0.357
1.181
0
12.284
0
10.679
2.724
2.232
0.12
4.18
0.572
7.965
0.476
0
0
0
131.692
24.139
0
2.123
5.26
0.817
0.201
0.003
0.017
4.817
13.965
0.199
0
0.048
0
9.451
0.208
5.085
0.405
0
0.594
0
1.591
6.264
3.802
6.581
3.37
1.555
0.108
1.217
4.556
3.416
0.585
6.746
84.683
0.385
0.621
6.794
74.8
0.144
0.065
0.189
4.851
8.308
14.203
4.511
1.782
9.112
3.722
11.633
0.014
0.192
23.892
15.705
2.359
3.629
2.856
0.295
3.629
2.317
1.591
3.789
2.142
0
0.712
0.352
8.422
3.021
3.492
0.288
0.453
0.048
0.014
0
2.156
0.24
0.007
0.003
2.693
0.584
8.078
0.014
0
0
6.056
5.088
6.722
4.58
10.945
8.748
12.391
19.832
209.286
11.295
7.735
6.903
3.382
3.639
7.896
4.17
3.967
7.603
3.777
3.074
2.074
22.251
1.615
7.314
11.091
2.096
4.768
5.873
8.671
3.09
11.151
8.677
2.127
1.508
0.208
0.561
0.524
15.972
5.007
2.449
0.367
8.977
1.021
2.304
22.73
0.01
0.046
43.97
1.583
4.935
3.861
13.754
1.581
0.132
3.759
4.19
1.09
0.874
1.372
4.116
5.66
0.53
4.407
0.125
0.017
2.244
2.063
0.968
0.712
0.309
0.978
0.201
0.645
2.07
4.036
2.81
0.604
0.848
0.706
1.535
0.27
0.142
0.029
0.222
0.454
0.522
0.127
0
0.4
0.043
0.01
0
4.988
2.181
0.323
0.014
0.336
0.139
0.196
0.091
0.172
0.154
2.453
0.929
0.079
0
0
0.01
0.017
0.027
0
0
0
0.038
0
0.076
0
0
0
0
0
0
0
0
0
0.031
0
0
0.117
0.055
0.086
0.257
0.072
0.031
0
0
0
3.189
0.508
0.082
0.999
0.144
0.941
0
0
0
0
0
0
0
2.527
0.508
0.065
0.007
0.137
1.986
1.361
0.106
0
0.014
0.285
0.306
0.058
0
0
0
0.082
0.051
0
0
0
0
0
0
0
0
0
0
0
0
0
0
0
0
0
0
0
0
0
0
0
0
0
0
0
0.021
0
0
0
0
0
0
0
0
0
0
0
0
0
0
0
0
0
0
1.109
2.05
0.154
0
0.007
0
0
1.507
4.309
0.56
0.045
0.003
0.189
0.038
0.122
0.292
0.379
0.031
0.045
0.118
2.623
1.495
0.098
0.501
0.328
0.091
0.13
0.522
0.039
1.051
2.915
0.268
0.007
0
1.512
0.112
0
0
0.268
0.527
0.064
2.079
4.831
0.549
0.381
0.017
0
0.007
0
0.027
0.225
1.888
0.247
0.038
0.003
0.003
1.521
4.13
0.367
0.247
0.024
0.24
0.144
0.014
0.014
0
2.232
4.669
0.211
0.01
0
0
0
1.202
0.076
0
0.402
0.007
1.387
2.115
15.642
0.031
0
0.014
0.295
2.685
0
0
1.617
6.104
4.601
14.317
0.11
2.41
1.748
0.13
13.33
5.668
0.086
0
0.103
0.01
1.804
6.983
4.728
4.879
0.115
0.541
2.818
0
2.405
0.045
0.711
3.509
0
0.146
7.153
1.001
0.819
0.113
0.028
1.178
0.17
0.041
0.421
0.046
0
0.092
0
0.437
0.011
0.017
0.56
1.46
9.567
0.32
0
5.85
1.929
7.826
4.218
9.568
2.652
1.995
57.761
2.959
0.039
0.21
0.045
5.582
7.641
0.254
0.196
3.83
5.728
0
0.01
0
6.073
9.225
1.813
4.304
2.132
5.673
0.385
0.051
5.206
3.776
2.214
0.34
0.154
0.015
5.146
3.576
4.139
10.535
0.154
10.113
5.657
6.233
1.493
5.122
1.23
4.048
7.685
0.261
0.311
0
0.627
1.725
1.337
1.231
0.079
2.968
3.04
1.1
0.003
0.017
0.287
0.407
11.531
0.142
0.113
3.198
2.772
0.036
0.889
0
0
0.22
1.766
0.453
0.048
1.459
0.893
1.638
0.165
0.231
0.469
0.407
0.433
0.735
0.003
3.806
3.033
0.281
0.198
0.391
5.201
0.64
0.017
0.069
0.021
1.241
0.086
0
0
0
0.089
0
0.604
0
0.048
0
0
0.007
0.003
0
0.072
0
0
0.007
0
0
0
0
0.021
0.051
0
0
0
0
0.01
0.01
0
0
0
0.031
0.003
0
0.034
0.048
0
0.027
0
0
0
0
0.148
0
0
0
0.055
0.003
0
0
0
0
0
0
0
0
0
0.017
0
0
0
0
0
0
0
0
0
0
0
0
0.048
0.165
0.01
0.021
0
0
0
0
0.069
0.007
0
0
0
0
0
0.051
0.01
0.014
0
0.111
0.043
0.031
0.003
0.045
0
0
0
0
0
0
0
0
0
0
0
0
0
0
0
0
0
0
0
0
0
0.014
0.1
0
0
0
0
0.846
0.161
0.007
2.884
0.831
0.039
0.827
0.062
0.843
0.226
0.01
0
1.16
0.206
0.003
0
0
1.305
0.266
0.719
0.163
0.022
15.994
90.39
45.641
0.742
3.648
0.397
0
0
0
0
0.038
0.366
0.421
0.041
1.425
1.258
0.082
1.332
0.348
0.034
0.924
0.237
0.003
0.915
0.076
0.007
0
0.996
0.103
0.034
0.041
0.084
0.364
0.479
0.108
0.014
0
0
0.113
0
0.036
0.021
0.336
1.138
0.127
0.405
0.026
0.007
6.672
0.491
0.034
0
0.345
0.311
0.477
0.1
0
0.106
0.064
0.003
10.265
3.547
0.482
1.562
0.163
0.242
0.35
0.031
0.851
0.062
0.644
0.795
1.203
0.924
0.206
0.232
2.075
28.585
5.323
0.378
0.045
0.965
27.862
5.421
6.952
0.5
2.609
6.869
12.818
4.75
3.833
11.793
0.158
0.038
7.754
6.412
11.731
0.072
5.497
8.442
3.217
3.183
0.103
0.649
2.702
0.553
9.124
0.415
0.031
0
0.199
0.793
1.003
3.323
0.354
0.007
0.089
0.014
0.055
1.66
3.794
1.215
0.718
0.779
0.01
0
0.065
3.775
0.01
0.978
1.806
0.261
0.065
0.633
2.316
9.06
0.728
5.807
3.914
0.28
0.637
0.189
1.045
1.842
0.021
3.08
8.24
0.065
1.402
0.479
0.35
0.319
4.278
1.257
0.07
3.26
0.573
0.917
2.549
0.225
7.484
2.292
1.049
2.486
1.324
7.237
1.526
3.876
0.891
0.276
0.096
7.603
0.261
0.132
3.687
9.464
0.208
0.537
0.112
5.699
6.979
0.22
0.057
0.753
0.867
5.842
0.757
0.603
0.728
7.09
0.518
0.534
0.604
1.487
0.324
6.193
33.362
3.138
0.038
3.375
0.891
0.525
0.743
0.124
0.027
3.365
0.244
0.587
0.051
0.01
0.024
0.045
0.051
0.038
0.072
0.076
0.158
0.014
0.058
0.474
0.165
0.069
0
3.526
1.868
0.347
0.038
0
0.17
0.069
0.065
0.124
0.786
0.117
0.076
1.675
0.148
0.264
0.132
2.726
0.357
0.038
0
0.875
0.759
0.216
0.034
0.01
0.038
0.021
0.158
0.245
0
0
0
0.079
0.398
0
0.007
0.034
0
0
0
0
0
0
0
0.038
0
0
0
0
0
0
0
0
0
0
0
0
0
0.024
0.141
0.007
0.584
0
0
0
0
0
0
0
0
0
0
0
0
0
0
0
0.027
0.031
0.051
0
0
0
0
0
0
0
0
0
0
0
0
0
0.031
0
0
0
0
0
0.081
0.01
0
0
0
0.01
0
0
0
1.878
0.223
0
0
0.084
0
0
0
0
7.237
26.382
8.981
6.251
1.504
0.022
0
0
0.98
0.021
0
0
0
0
0
0
1.488
0.917
0.187
0.01
0.031
3.447
0.331
0
0.702
0.053
0
0.137
0.587
0.103
2.523
0.886
6.454
5.775
0.611
0.034
0
0.034
0.014
0.179
14.299
11.742
44.721
0.738
1.174
0.13
0
0.158
2.983
0.477
0.288
0.731
0.055
0.786
1.057
0.106
0
0
0.096
0.007
2.043
0
0
3.107
0.089
3.378
0.524
0.398
0.457
0.371
1.837
0.323
0.326
0.031
0.814
0.076
3.732
0.536
0.172
0.56
0.165
0.477
0.525
0.022
0.359
2.347
0.223
0.01
5.088
8.47
0.271
0.251
0
0
0.91
3.986
0.041
0
0.282
4.875
2.764
0.838
1.542
1.995
3.344
2.596
0.233
0.144
0.014
0.132
0.031
8.707
3.148
0.206
0.271
9.417
14.543
8.9
2.278
0.139
2.379
0.249
0.007
0
3.692
7.352
2.966
0.233
2.815
0.067
3.423
6.933
0.426
5.028
5.68
1.593
6.812
26.619
1.064
4.582
0.043
1.234
1.844
0.592
4.626
1.421
0.257
0.407
5.977
0.438
0.076
9.146
4.134
4.122
0.299
0
5.126
0.103
3.196
4.734
0.908
1.524
7.68
5.929
13.324
2.438
13.376
16.641
0.058
0
2.105
31.867
8.597
2.156
0.312
0.093
2.75
0.625
0.314
2.175
0.206
28.547
6.641
1.945
1.078
0.034
0.062
0.821
0.578
0.034
1.208
0.041
0.034
0.752
1.414
0.082
5.04
3.907
0.161
0.915
0.151
1.971
0.257
0
0.072
0.069
1.281
4.183
0.136
3.883
4.001
4.879
4.772
4.791
12.136
2.087
0.395
1.826
0.082
0.347
2.207
0.645
0.031
7.531
0.587
0.481
0.235
3.627
0.034
0.187
0.683
2.443
0.252
0
1.081
0.094
0.003
0.003
0
0
0
0.422
3.16
3.962
3.169
0.024
0
0.233
0.127
0.048
0
0.031
0.065
0.124
0
0.058
0.034
0
0.007
0
0
0
0
0.048
0
0.034
0.065
0
0
0
0.027
0
0.089
3.61
1.904
0.367
0
0
0.295
0.058
0.261
0.161
0.017
0.003
0
0.041
0.003
0
0.024
0
0.038
0
0
0
0
0
0
0
0
0
0
0
0
0
0
0.017
0
0.01
0
0
0
0
0
1.897
0.027
0
0
0.257
0.003
0
0
0.031
0.003
0.192
0
0
0
0
0
0
0
0
0
0
0
0
0
0
0
0
0
1.511
0.494
0.036
0.529
0.007
0.271
0.072
0.003
0
0
0
0
0.014
0
0
0.055
0.23
0
0
0
0
0
0
0
0
0
0
0
0
0
0
0
0.051
0
0
0
1.713
0.117
0.089
0.233
0.024
0
0
0.007
0
0
0.124
2.424
0.227
0
0
1.581
0.137
2.043
2.493
3.979
0.817
0.051
1.208
0.539
0.082
0
0.13
7.938
0.076
0.007
0.034
0.045
1.047
1.607
0.906
0.522
0.065
0.003
4.741
0.117
0.213
1.15
0.144
0
0
0
0
1.181
0.251
0.091
0.021
1.009
0.165
0.014
4.058
0
0.003
0.05
0
0.118
1.228
0.23
0.014
0
0
0
0.024
0
0.206
0.017
6.218
2.067
3.924
0.139
3.983
12.274
1.092
4.985
3.286
2.877
2.403
2.633
6.334
1.263
10.056
15.601
0.481
2.647
0.003
0
0
0.278
0.021
4.288
2.105
0.858
6.494
0.093
46.541
0.896
0
1.167
0.841
0.807
0
0.041
0
0
0
0
0.077
0
0.017
0.374
1.046
0
1.782
12.428
1.639
0.518
16.192
17.857
18.055
1.008
4.712
8.236
0.038
0.014
0.034
1.476
0.359
0.007
0.01
2.556
4.51
0.117
0.01
6.351
0.694
1.205
0.409
9.776
0.553
0.007
0.711
17.039
1.315
12.02
7.478
3.006
3.663
11.148
2.527
0.209
15.474
0.196
0.463
2.235
0.117
0
0.089
0.096
6.434
2.19
8.525
0.467
0
0.558
0.251
66.639
1.88
9.436
18.506
4.381
24.176
5.284
4.144
0.661
3.1
8.18
0.393
3.912
3.55
1.684
10.006
12.154
0.391
33.831
0.596
0.158
0.824
4.976
3.081
0.124
0.633
3.675
0.017
0.254
1.463
0.391
0.635
1.263
4.086
1.063
0.972
0.148
0.021
4.666
1.102
7.244
7.146
3.78
18.577
0.093
3.928
1.215
1.325
0.323
0.041
0.7
0.797
0.13
0.201
0.007
0.086
0.055
2.819
1.293
0.699
0.111
0.014
0
0.216
2.719
3.486
1.081
0.12
0
2.912
2.773
3.057
0.374
0
0.003
0
0.136
0.031
0.031
0.045
0.007
0.035
0.003
0
0.021
0
0
0
0
0
0.045
0.034
0.007
0
0
0.031
0
0
0
0
1.025
0.156
0.003
0
0
0
0.003
0.01
0.113
0.142
0.007
0
0
0.039
0.048
0
0
0
0
0
0
0
0
0.024
0.024
0.113
0.199
0.014
0
0
0
0
0
0.029
1.178
0
0
0
3.854
13.245
0
0
0
0
0
0
0
0
0
0
0
0.034
0.031
0
0
0
0
0
0
0
0
0
0
0.148
0.024
0.014
0
0
0
0.055
0.007
0.47
0.048
0
0.209
0.051
1.957
1.741
2.101
4.211
6.26
3.121
17.513
0
0
0
0
0
0
0
0
0
0
0.591
0.462
0
0
0.148
2.865
0.212
0
0
0.051
0.003
0
2.899
0.22
0.791
0.079
14.845
90.941
24.247
0
0
0.048
2.05
0.81
0.496
0.258
0.06
0
0.034
0
1.414
0.206
1.181
0.929
0.862
0.136
0.021
0
0.683
1.699
0.158
0
0
3.477
0.158
0.141
0.24
0.027
0.01
0
0.007
1.116
2.585
0.045
0
0
11.464
0.014
1.112
0.223
8.418
0.127
0.913
0.185
0.831
1.459
0
0
0.196
1.734
0.158
5.164
0.762
0.014
0
1.542
0.168
6.228
0.182
0
2.015
3.979
0.295
0.082
0.422
0.076
1.89
0.779
0
8.837
4.625
11.079
0.845
1.078
1.641
0.872
0.069
0
0.592
3.03
0
0
0
0
3.111
18.67
2.005
1.545
6.385
1.684
2.341
3.229
1.184
13.019
6.89
2.225
6.262
60.984
20.062
0.391
0.977
2.335
4.777
1.112
3.092
5.237
1.986
0.1
6.655
0.594
1.04
3.492
2.311
0.014
0.621
5.63
5.715
2.886
16.08
0.285
0.242
0.079
0.01
0.111
13.664
0
3.978
0.372
3.186
8.232
0.184
0
7.525
0.007
2.051
0.094
3.157
11.349
1.397
0.268
16.595
7.098
2.477
3.952
4.072
12.166
2.961
0.312
2.032
9.507
9.895
9.406
0.87
0.284
1.272
7.379
0.901
0.283
0.072
0.628
3.567
13.597
0.12
3.078
30.961
3.598
3.301
6.185
0.024
2.089
0.822
0.258
0.764
3.794
0.144
7.526
0.52
0.681
1.298
0
0.051
0.003
3.843
7.055
11.791
3.279
0.149
0.314
1.536
1.004
4.365
0.69
0.594
0.103
0.01
0.089
0.003
0
0
1.614
0.762
0
0.807
0.094
0.06
0.096
0.051
0.685
5.315
0.065
0.021
0
0.211
0.076
0.014
0.024
1.066
0.103
0
0.017
0
0.558
7.164
0.927
0.045
0.01
0.112
0.135
0.16
0.014
0.003
0
0.01
0.034
0
0.021
0.007
0.003
0.007
0.045
0.031
0.115
0.129
0.045
0
0
0
0
0.014
0
0
0
0
0.007
0.051
0.027
0
0.007
0.007
0
0
0
0
0.01
0
0.021
0.017
0.062
0.003
0
0.072
0.024
0
0.038
0
0
0
0
0
0
0
0
0
0
0
0
0
0
0
0
0
0
0
0
0
0
0
0
0.031
4.91
0.429
0
0
0
0
0
0.1
1.995
0.096
0
0
0.656
0.082
0.076
1.274
0
0
0
0
0
0.429
0.096
0.168
0
0
0
0
0.014
0
0
0.024
0
0.122
1.778
0.117
0.014
0.196
0.124
0.168
0
0
0.017
1.995
0.371
0.027
0
0
0.055
0
0
21.966
13.874
0
3.354
0.573
0
0
0
0.096
0.069
0.007
0.556
0.216
0.266
0.029
0
0.045
0.112
0.249
1.051
3.265
1.377
0.179
1.281
2.649
1.54
0
0
0
0
0
0.585
0.01
0.007
2.535
0.319
0
0
0
0
0
1.047
0.802
0
1.317
13.817
5.013
10.346
4.956
1.826
0
0
0.003
1.713
0
0
0
0
0.491
8.653
6.333
0
0.151
0.512
0.115
0.051
0.007
3.483
0.084
0.003
0.863
11.853
27.746
0.441
2.189
15.129
2.35
5.718
19.278
0.575
5.364
0.69
1.083
2.915
2.44
0
0
7.567
1.514
2.331
0.034
0.504
0.462
2.666
3.065
0.392
0.387
15.192
11.484
5.205
0.254
0.7
0.532
8.153
6.267
4.371
0.802
0.381
0.428
0.045
1.634
11.773
6.042
0.352
4.69
8.842
4.137
0.062
8.312
14.947
2.086
0
0.429
4.773
0.999
2.439
2.645
11.97
4.081
1.217
2.937
9.255
0.252
0.055
0
0.247
0.312
0.36
3.581
2.592
1.133
2.747
0.113
0.003
0.197
0.639
0.467
0.01
0.113
5.263
0.57
0.192
0.127
1.572
0.343
0.014
0.615
3.042
0.014
14.088
7.375
0.041
8.858
4.065
0.573
5.146
23.147
1.289
0.12
5.883
1.584
0.463
3.395
0.474
2.535
4.327
1.016
0.115
8.877
1.627
1.538
4.5
0.419
0.767
32.653
22.417
0.818
1.617
7.395
16.631
10.265
9.064
0.742
5.925
0.732
2.868
14.461
2.563
2.887
5.349
0.251
0.216
3.008
1.878
3.444
0.173
0.477
0.237
0.086
0.154
4.698
1.964
0.498
0.172
4.271
0.065
0.989
0.369
0.254
0.168
4.199
0.165
0
0.045
0.082
0.076
3.486
0.01
0
0.918
2.796
0.13
0.007
0.139
0.045
1.83
0.031
0.136
0.053
0.105
0.007
0.137
0.062
0
0
0.038
0.132
0.151
0.132
0.175
0
0
0.027
0.117
0.089
0.058
0.367
0.179
0.065
0.041
0.086
0
0
0
0.003
0.134
0.027
0.652
1.881
0.038
0.086
0.055
0
0.021
0.297
0.048
0.179
0
0
0
0
0
0
0
0
0
0
0.01
0
0
0
0.158
0.014
0.216
6.571
0.453
0.017
0.357
0
0.117
0
0
0
0.034
0.021
0
0
0
0
0
0
0
0.021
0.048
0.196
0.024
0
0
0.061
0
0
0
0
0
0
0
0
1.033
0.367
0
0
2.083
0.161
0
0
0.137
0.003
0
0
0
0
0
0
0
0
0
0.041
0
0.395
0
0
0.051
3.862
3.045
1.342
0.12
0
0
0
0
0
0
0
0
0
0
0.007
0
0
0.055
0.007
1.13
0.333
0.007
0
0.463
0.161
0
0.007
0
13
0.906
0
0
0.003
0
0
0
0.01
0
0.045
0
0.01
0
0.251
0.043
0.112
0
0
1.116
0.165
0.086
1.035
2.281
0.168
0.003
0
0.348
1.437
0.259
0
0
0
0.032
0.003
0
0
0
0
0
1.154
0.323
0.041
0
0.034
0.807
0.442
0.122
0.355
5.479
0.078
0
1.502
0.221
1.363
0.065
0.62
0.086
0.13
0.093
9.798
2.534
0.841
0.051
4.171
5.071
0.439
0.014
66.615
7.986
0.007
2.949
5.696
6.609
0.56
0
2.317
13.98
26.987
0.793
4.841
0.573
0.017
0
0.034
0.017
0
6.801
0.003
0
0.003
5.461
9.8
2.656
8.211
7.026
0.253
0.003
9.002
0.481
1.555
8.539
12.711
3.907
0.874
11.321
7.021
7.644
0.73
4.245
0.388
1.735
4.547
0.038
0.031
0.163
14.835
5.06
4.331
6.217
7.943
2.329
4.37
0.942
8.343
6.951
0.24
1.135
1.098
1.25
12.979
2.166
0.542
3.996
9.527
8.745
0.125
0.779
0.53
0.201
0.23
1.559
0.385
0.007
25.974
38.983
0.503
5.076
6.063
11.246
11.124
6.176
7.903
81.071
6.444
5.402
2.057
1.286
3.487
10.173
7.098
2.009
9.01
0.409
7.242
5.188
8.054
2.343
4.254
3.509
2.026
9.209
2.741
0.257
3.682
1.348
4.087
3.085
5.215
1.527
8.667
19.315
7.673
4.46
2.382
7.766
5.019
7.464
24.587
6.552
1.15
2.958
0.318
0.433
0.469
1.512
1.998
4.451
2.319
0.292
3.22
0.007
2.929
3.174
0.18
0.328
4.444
0.122
0.11
0.084
0
4.944
1.066
0
2.729
1.099
0.13
0.038
0.021
0
0
0.058
0
0.007
0.086
0.003
0
0
0
0
0
0.051
0
0
0
0
0.051
0.077
0
0
0
0
0
0.048
0.041
0
0
0
0
0
0
0
0
0.007
0
0.007
0
0
0.055
0.003
0
0
0
0
0.021
0
0.014
0
0
0.038
0.007
0
0
0
0
0
0
0
0
0
0
0
0
0
0
0
0
0
0
0
0
0
0
0
0
0
0
0
0
0
0
0
0.034
0.003
0
0.027
0
0
0
0
4.508
63.956
11.987
0
0
0
0
0
0
0
0
0
0.003
0
0
0
0
0
0
0
0
0.014
0
0
0
0
0
0
0
0
0
1.037
0.007
0
0
0.053
0.007
0
0
0
0
0
0
0
0.072
0
0
0
0
0
0
0.276
2.761
0.407
0
0.612
0.062
0.4
0.039
0.526
0.015
0.003
1.134
0.151
0.27
0
0.263
2.336
3.747
0
0
0
0
1.262
0.378
0.007
0.007
0
2.301
0.675
0.034
0.025
0
11.223
0
0.072
0.038
0.244
0
0
0.22
4.834
2.98
0.453
1.013
1.463
1.263
3.516
0
0.003
0.182
0.244
3.715
0
0
0
0.031
0
0.81
0.113
0
1.542
0.213
0
1.651
4.789
5.503
3.567
0.577
2.585
5.751
0.769
0.838
2.582
2.393
0.374
2.554
0.477
0.848
4.247
3.753
4.724
6.437
1.622
0.915
3.323
4.255
8.147
7.793
8.789
0.179
9.321
0.11
0.021
0.01
2.256
0.309
6.614
1.137
2.743
1.468
0.017
0
0.077
0.167
7.653
0
3.31
2.266
12.49
13.244
10.054
7.431
0.429
6.269
7.274
4.746
1.356
23.991
20.791
3.801
8.012
0.491
0.561
0.393
1.231
26.441
1.076
0.314
0.68
0.039
3.064
5.735
9.447
22.873
11.311
11.525
8.798
3.588
0.29
2.29
8.077
0.417
1.221
5.591
7.648
1.435
2.278
9.898
1.778
4.178
15.377
5.225
14.023
20.198
4.316
1.387
9.725
24.573
60.689
5.406
9.658
5.146
5.164
8.633
2.69
9.304
1.251
4.451
1.76
5.794
3.581
5.9
4.35
0.089
0.161
1.378
6.206
0.89
3.318
3.667
0.47
1.203
0.34
0.065
0.913
3.516
0.223
0.81
1.682
0.752
4.371
0.501
3.536
0.295
1.023
1.603
1.291
0.165
0.154
0.982
1.358
0.192
4.621
1.703
2.053
0.642
2.602
0.663
0.048
0.182
1.543
0.086
0
0.124
0
0.096
1.022
0.165
0.017
0.148
0.671
1.171
1.663
0.108
3.79
0.146
0.343
0.06
0.122
0.759
0.233
0
0
0.031
0.045
2.577
0.362
0.045
0.055
0.007
0.912
4.434
0.581
0.094
1.269
0.06
0.1
1.318
2.502
0.441
0.046
0
0
0.051
0.007
0
0.027
0.045
0
0.034
0
0
0.003
0
0
0.163
0
0
0
0
0
0
0
0
0.034
0.306
0.051
0
0
0
0
0
0
0
0
0
0
0
0
0
0
0
0
0
0
0
0
0
0
0
0
0
0
0
0
0
0
0
0
0
0
0
0
0
0
0.01
0
0
0.1
0
0
0
0
0
0
0.07
0
0
0
0
0
0
0
0
0.525
0.126
0
0.659
0.093
0
0
0.383
0.036
0
0
0
0.017
3.622
0.299
0
0
0.07
0
0.24
0.045
0.7
0.088
0.036
0.494
0
0
0
0
0.142
5.462
0.508
100.024
13.939
4.31
2.299
3.287
0
0.611
0.112
0
0
0
0.108
0
0
2.223
0.259
0.053
0.003
0.191
0.036
0
0.431
0.68
2.817
1.919
0.283
0.318
0.003
0.132
0.225
0.348
0.336
0
0
0
0
0.321
0.124
0.065
0.117
0.038
0
0
15.268
0.618
0.982
1.315
0.597
0.11
0.525
0.072
0
0
2.451
11.234
2.293
0.199
0.9
4.793
1.851
2.798
0
0.656
0.076
0.034
0.021
0.776
0.082
3.711
0
2.125
23.49
2.187
0
2.523
4.91
0.093
0.165
10.358
0.055
0.014
0
3.934
4.683
1.789
6.76
5.287
4.34
1.878
16.71
2.911
49.147
18.381
2.599
0.031
2.448
1.967
0.053
5.798
0.611
0.28
0.003
0
3.275
1.863
3.954
6.583
3.829
3.753
7.991
19.046
0.553
5.704
22.651
65.183
2.654
4.906
10.569
2.355
0.602
0.343
4.492
9.435
7.709
9.112
4.525
2.75
1.451
0.654
17.144
5.206
0.388
0
0.488
15.307
7.004
7.696
5.687
6.451
2.166
0.669
0.611
1.109
0
12.651
1.705
0.623
3.828
12.035
2.525
6.389
15.924
0.954
0.141
13.51
18.217
6.801
1.868
2.201
4.202
0.494
3.214
5.775
9.081
0.865
0.793
0.185
1.672
6.334
0.271
1.238
10.719
7.203
0.364
1.71
7.048
11.082
10.67
6.691
5.565
3.457
0.989
10.222
1.586
2.429
5.224
3.353
3.193
1.322
6.178
0.318
0
2.221
4.964
4.152
1.315
0.031
3.692
0.778
3.274
3.123
0.189
0
0.158
0.094
0.515
0.158
1.497
0.218
0
0.041
0.74
2.647
0.97
0.493
0.017
0.034
0.208
0.034
0.003
0.038
0
0
0
9.762
5.419
0.042
0.003
0.081
0
0.048
0.003
0
0.062
1.605
0.639
0
0.034
0.014
0.017
0.017
0.051
0.003
0
0
0.154
5.747
2.596
8.243
5.219
5.617
0
0
0
0.024
0
0.041
0.027
0.003
0
0.041
0.003
0.316
0.051
0
0
0
0
0
0.141
0
0
0
0.048
0.065
0
0.13
0.01
0
0
0
0
0
0.024
0.007
0.007
0
0
0.007
0.01
0.093
0
0
0
0
0
0
0
0
0
0
0
0
0
0
0
0
0
0
0.031
0.045
0.079
0
0
17.714
1.43
0.027
0
0
0
0
0.172
4.573
0.378
0.506
0.209
0.038
0
0
0
0
0
0
0
0.021
0.103
0
0
0
0
0
0
0.227
0.24
0
3.759
1.081
0.058
0
0
0
0.003
0.357
0.494
0
0
0.003
0.172
0.137
0.92
0.148
0
0.261
0.948
1.181
0
2.372
17.084
1.16
2.877
3.265
0.082
2.626
1.178
0
0
0
0
0.233
0
0
0
0
0
0
0
1.188
5.256
0
0
0.014
0.172
0.498
0
0.027
0.192
1.559
6.475
0.206
1.009
1.6
7.419
8.195
0.615
4.863
16.212
6.26
2.328
0.144
1.535
0.175
0.055
0.336
0.093
0
0
0
0
0
2.039
0.474
0.161
0
0
3.358
20.362
0.045
0
0
0.034
5.749
0.721
0
0.014
0.021
2.16
0.338
1.392
7.726
8.599
0.35
1.289
1.76
0.476
0.581
7.131
3.55
0.127
4.231
1.356
3.723
2.874
1.393
0.182
12.66
3.876
0.414
0.481
0.809
1.842
8.32
3.708
2.335
5.831
7.153
1.88
7.852
1.224
0.089
4.396
6.561
0.136
0.017
4.275
4.435
0.345
4.027
9.9
3.403
0.596
1.648
7.396
0.184
0.934
6.048
0.055
1.55
5.231
1.208
7.416
11.869
7.821
1.614
7.914
9.167
2.709
1.181
0.115
0.245
6.369
16.821
5.164
9.201
6.07
3.226
6.151
4.762
11.234
6.247
5.156
5.957
0.984
1.572
5.318
0.846
10.222
15.599
8.593
4.919
1.95
1.126
1.14
0.673
7.052
13.839
1.267
0.767
3.274
4.281
4.017
0.467
7.29
10.48
7.347
46.41
0.151
0.161
1.373
4.274
4.652
0.367
0.556
0.158
2.551
2.057
0.1
0.1
4.134
0.312
0.422
3.251
1.167
2.3
7.086
33.651
0.237
9.39
0.961
0.625
0.488
0.93
2.122
3.395
5.605
0.309
0.096
1.885
0.096
0.089
8.133
15.906
4.365
0.125
0.611
0.333
1.607
5.397
8.957
12.566
8.724
3.835
0.031
0.027
0
0.017
0.003
1.735
0.311
0.343
0
0
1.15
3.248
6.386
0.867
0
0.003
0.048
1.366
0
0
0
0
0
0
0
0.021
0.082
0.021
0.045
0
0
0.055
0.062
0.007
0.038
0.045
0.082
0.199
0.01
0
0
0.048
0
0
0
0.045
0
0
0.01
0
0.027
0.058
0.182
0.027
0.01
0.014
0.007
0
0.041
0
0.034
0.021
0.034
0.041
0
0
0
0
0
0.007
0
0.045
0.079
0
0
0
0
0.048
0.038
0
0
0.007
0
0
0
0
0.491
0
0.007
0
0.132
0.017
0
0.01
0
0
0.144
0.034
0.077
0
2.071
0.467
0.558
15.479
13.136
0
0
0
0.18
0.024
0.548
0.657
0.834
0.079
0.003
0.175
0
0
0.014
0.031
0
0
0
0.017
0.024
0
0.345
17.17
7.944
0
0.223
0.027
0.034
0
0.086
0.103
3.292
2.647
0.223
0
0
0
0
0
0
0
0
0
0
0
0
0
0.273
0.026
0.292
0.062
0
0.027
0.06
0
0
0
0.161
3.875
0.618
0
1.035
0.01
2.412
0.774
0.233
1.027
0.716
0.199
2.493
0.985
4.391
1.018
0.115
0
6.669
20.778
0.014
0.443
0
0
0
4.652
4.384
0.323
1.813
0.23
0.069
0.453
0.896
0.041
0
1.322
0.467
1.991
1.998
0.045
0
0.01
0
0
0
0.014
2.829
1.162
2.026
2.42
1.658
0.474
7.84
1.212
0.139
0.168
15.324
3.255
1.076
2.144
7.229
8.501
1.128
3.114
10.849
0.975
0.68
0.886
4.161
3.73
5.778
2.364
0.336
0.245
16.437
1.737
2.184
0.051
0.577
14.921
16.558
0.597
0.106
0.106
4.125
7.737
3.742
11.492
6.215
3.402
0.031
0.062
3.711
7.699
6.631
2.038
1.267
0.213
0
0.027
0.101
0.014
0.014
0.045
0.575
10.416
0.197
0
0.144
0.621
0.167
0.24
3.948
0.625
0.062
0
1.181
8.501
5.782
4.298
8.377
7.155
7.938
1.723
8.243
7.957
3.871
9.215
0.549
6.915
21.104
6.52
3.049
4.178
6.757
7.114
5.819
7.917
2.089
2.911
1.147
5.83
1.054
4.913
4.048
2.465
7.33
1.466
1.871
10.386
5.359
7.364
2.602
7.824
6.444
10.286
13.264
11.886
17.662
2.273
0.906
4.237
5.411
11.601
1.957
9.558
1.349
2.479
17.521
1.248
4.408
1.689
2.463
8.672
7.275
10.15
10.916
22.865
7.855
0.379
4.266
0.225
4.407
4.382
0.373
3.303
1.517
2.365
0.508
1.143
0.53
0.194
0.108
0.996
2.814
6.8
2.081
0.513
0.62
1.104
3.37
3.718
0.007
3.392
0
0
0.58
2.709
0.058
0.079
0.766
0
0
0
0.47
3.797
0.076
0
0.055
0
0.11
0.058
0.1
0.113
0.196
0.055
0.062
0.055
0.216
0.082
0.021
0.096
0.076
0
0.285
0
0
0.127
0.165
0.003
0.041
0.021
0
0
0
0
0
0
0.041
0
0
0.007
0.13
0.055
0.003
0
0
0.007
0
0
0.045
0
0.062
0
0
0
0
0.003
0
0.014
0
0
0
0
0
0
0
0
0
0
0
0
0
0
0
0
0
0.148
1.53
0.154
0.069
0.271
0.354
0.062
0.062
1.296
5.982
1.241
0.433
0
0
0.048
0
0.101
0.009
0
1.176
0.944
0
0.021
0.082
0.065
0
0
0.021
13.915
0.887
0.014
0
1.346
14.67
1.907
0.012
2.705
0.113
0.014
0.031
0.003
0.012
0.869
0.213
0.01
0.015
0.003
0.367
0.003
0
1.178
0.089
0.237
0
0
0.154
0.673
1.227
0.24
0.022
0.01
0.002
0.003
0
0
0.002
0.918
0.415
0.144
2.383
0.172
0
0
0
0.01
0.017
0.003
0
1.045
0.093
0
0
13.366
1.394
0
0.01
0
0.108
0.002
0.546
0
3.607
0.694
3.186
2.429
0.058
0.024
1.751
0.124
0.024
0
4.367
0.347
0.017
0.151
0.35
0.014
0.367
0
2.829
0
0
0.007
0
0.134
0.118
1.281
0.1
0.802
0.146
1.195
1.809
6.097
2.592
1.087
1.076
9.386
0.031
0
1.188
6.544
1.772
0.13
1.945
5.243
1.645
0.185
3.255
4.758
0.347
0
4.815
3.262
1.725
3.318
6.693
4.455
4.225
4.831
0.56
5.315
6.082
4.939
4.082
0.01
3.172
9.884
2.671
3.172
8.245
0.409
0.319
2.486
4.455
4.278
1.693
2.671
4.319
0.661
1.768
0.112
2.414
7.296
3.258
6.784
0.395
1.639
4.535
2.129
0.609
0.302
0.261
0.12
0
0.191
0.027
2.743
0.563
5.277
7.265
2.108
10.535
1.126
0.36
1.02
0.429
2.324
4.144
0.275
2.441
0.551
0.412
0.264
2.168
0.36
6.763
0.81
1.033
0.886
2.632
4.089
6.231
10.918
7.052
1.655
15.086
10.289
12.646
2.062
12.511
4.14
5.685
0.038
2.17
9.215
5.754
10.607
2.954
8.278
4.796
3.904
7.409
1.325
9.768
5.09
6.491
4.271
3.66
7.481
9.948
1.603
5.953
8.209
7.007
9.383
2.335
22.536
34.418
5.349
24.433
0.247
5.071
1.524
3.603
4.06
15.783
17.602
9.15
21.787
0.446
9.716
24.285
10.298
8.274
0.197
1.339
0.724
0.628
0.9
0.8
4.393
0.378
5.349
3.481
0.388
0.264
0.007
0.002
0.027
0.649
1.025
0.318
0.216
0.292
0.328
0.048
0.079
0.144
0.142
0.024
0.707
0.357
2.359
0.144
0
0.064
0.003
0.021
0.003
0.005
0.136
0.048
0.065
0.064
0.086
0.002
0
0
0.082
0.089
0
0
0
0
0.021
0.019
0
0.053
0
0.031
0
0
0
0
0
0
0
0
0
0.003
0.043
0.01
0.082
0.179
0
0
0.021
0.381
0.027
0
0
0
0
0
0
0
0
0
0
0.003
0
0
0
0
0
0
0.002
0
0.002
0
0.036
1.267
0.01
0.021
0
0.014
0
0.017
0.01
0.021
0.007
0
0
0
0.014
0.124
0
0.105
0
0
0
0
0
0
0
0
0
0.002
0.336
0.41
0.285
0.003
1.353
0.36
2.578
0.68
0.003
0.63
0.869
2.201
0.175
0.132
0.954
0.113
2.329
8.047
0.549
0.012
0
2.493
5.534
2.578
0.009
0
0
0
0.003
0.012
0.069
0.017
0
0
0.003
0
0.106
16.325
57.699
0
0
0
0.463
0.031
0
1.353
0.865
0.007
0
4.075
6.798
0.556
3.577
0
0
5.538
8.664
0.1
0
0
12.93
0.041
1.358
0.256
0.007
0.086
0.093
1.298
2.311
0.007
0.021
0.457
4.432
1.095
0.371
0.185
0.292
0.33
0.941
3.193
1.195
0.639
5.871
0.364
0.048
0
2.487
10.14
8.511
14.54
0.237
0.012
8.681
0.144
1.936
0.213
0
0.52
2.122
0.573
1.157
2.367
3.056
6.283
3.934
7.405
4.704
0.661
0.01
0.199
1.174
2.403
1.559
1.665
1.94
0.831
4.134
1.105
4.789
10.736
2.029
3.78
13.589
3.214
2.781
24.62
7.175
5.181
16.661
5.078
4.336
1.991
3.052
1.54
0.098
5.576
3.117
9.465
5.387
0.077
0.117
4.322
4.559
4.027
0.058
0.802
3.179
1.651
0.038
2.989
0.12
0.213
0.051
0.474
1.476
6.056
2.659
5.806
0.089
0.086
0.5
0.148
0.203
0.007
0
4.158
0.206
1.342
0.103
0.206
0.704
0.204
0.027
0.862
0.146
0.45
19.381
0.185
0.122
0.051
0.209
0.084
0.378
2.427
7.327
1.16
1.689
2.134
3.976
0.29
0.007
3.195
6.554
1.584
0.297
0.024
0.034
0.051
1.923
3.684
0.285
6.315
14.914
6.812
4.123
3.972
0.536
7.775
7.248
0.014
0.776
4.439
2.408
0.192
8.267
2.853
6.688
12.461
4.297
11.649
1.105
5.692
6.963
9.733
3.004
9.156
0.913
10.756
6.389
0.22
7.316
5.862
3.624
0.666
14.222
7.378
4.213
6.873
3.062
7.182
3.069
8.36
3.746
6.29
1.83
4.446
0.227
6.911
3.607
5.967
3.172
1.974
7.11
2.135
2.111
0.97
1.722
0.354
0.103
1.37
3.886
2.551
0.402
1.79
2.434
4.688
1.444
0.009
2.086
0.45
0.038
2.022
0.326
0.002
0.055
0.12
0.405
4.367
3.126
0.536
0.707
1.071
0.407
0.893
0.213
0.117
0
0
0.031
0.12
0.003
0.017
0.072
0.288
0.038
0.484
0.264
2.214
1.497
0.338
0.242
0.062
0.13
0.051
0.045
0
0.22
0
0
0
0
0.007
0.057
0.002
0.041
0.014
0
0
0
0
0
0
0
0
0
0
0
0
0
0
0
0
0
0
0
0
0
0
0
0
0.477
6.42
0.01
0.002
0.051
0.112
0
0
0
0
0
0
0
0
0
0
0
0.101
0
0
0
0.045
0
0
0
0
0.003
0
0.017
0.065
6.135
0.704
0.017
0.003
0.585
1.191
0.522
0.12
0.058
1.71
0.336
4.271
1.116
0
0
0
0.992
0.076
0.065
0.022
0.934
1.71
4.604
0.623
0.209
0.027
0.065
0.244
0
0
0.002
0
0.089
0.409
0.096
0.33
0.692
0.002
2.333
2.563
0.549
0.793
1.188
3.135
1.421
0.065
0
0
0.027
0
2.654
0.524
0.288
1.003
0.103
3.715
0.587
0.144
0.257
0.027
2.041
0.318
0.003
8.882
1.123
0
0.735
0.405
0.467
6.533
0.512
1.397
0.249
2.063
1.373
0.144
0.278
0.153
0.172
4.379
2.123
0.292
0.048
0.051
0.007
0.391
0.302
43.108
0.124
0.014
0
0.759
0.019
0.501
10.609
12.66
8.998
2.142
0.886
2.86
5.718
1.09
3.056
0.357
1.919
71.607
1.833
0.575
2.218
0.921
1.824
4.033
2.293
0
0.875
0.354
0.013
3.789
3.009
0.548
3.443
0.038
0.058
0.236
0.002
0.038
0.179
11.342
6.746
2.305
0.01
0.038
3.876
1.387
6.959
1.157
3.658
0.915
0.027
2.276
0.786
3.282
5.589
0.742
3.117
11.009
4.738
2.123
9.256
0.402
5.397
8.236
0.055
1.174
1.773
3.409
0.666
0.875
0.312
0.124
0.254
0.488
0
0.889
1.957
1.205
1.04
1.164
0.113
0.017
0.055
0.007
0.003
0.003
0.1
0.007
0.512
0.851
0.072
1.542
0.28
0.412
0.845
9.41
5.546
0.603
5.524
5.902
2.057
10.509
4.547
2.671
5.217
2.829
3.344
2.25
4.722
8.72
4.704
14.339
24.536
4.877
3.133
9.96
4.992
21.636
7.74
3.883
6.786
2.218
3.979
3.32
10.382
5.782
22.807
31.527
7.042
2.723
1.081
11.666
0.113
0.141
2.137
2.069
44.484
6.012
1.406
7.927
1.212
3.536
2.649
3.416
10.834
0.333
5.253
4.511
7.028
2.307
7.56
5.112
4.528
3.303
1.936
2.074
1.926
1.171
3.615
1.675
2.702
1.452
1.713
7.704
2.747
1.44
4.918
0.39
0.23
0
0
0.179
7.407
1.833
0.433
0.482
0.254
2.396
3.344
2.609
3.028
2.771
2.505
3.413
0.894
0.699
1.543
1.598
1.766
2.038
2.087
3.172
0.185
0
0.185
0.323
4.976
1.281
8.439
0
0.498
0.144
0.002
0
0
0
0.003
0
3.227
0.757
0
0
0.002
0
0
0
0
0
0
0
0
0.002
0
0
0.944
0.833
1.892
0.175
0.093
0
0.079
0.014
0
0
0.089
0.1
0.024
0.031
0.021
0.079
0
0.203
1.207
1.748
0.838
0.175
0.312
0.1
0.086
0
0.055
0.323
0.045
0.022
0.01
0.172
4.391
4.796
0
0
0
0
0
0.088
0.58
0.065
0.079
0.199
0.29
0.027
0.069
0.034
2.019
0.076
0.165
0.017
0.058
0.088
0.01
0.014
0.185
0.192
0
0.536
3.062
6.412
0.209
0.002
0
0.089
1.246
0.453
0.033
0.007
0.007
3.866
1.287
1.418
0.798
1.342
0.251
10.938
0.069
1.267
1.672
2.743
4.252
6.017
0.656
0.103
0.017
0.003
0.05
0
1.607
0.221
0.079
0.1
0.014
0.003
0.002
0
0
0.034
1.545
0.357
2.326
0.017
6.65
0.525
0.455
0.113
0.055
0.822
1.548
1.816
0.833
9.596
0.522
3.636
0.68
1.596
0.094
0.003
0.57
1.693
4.415
0.168
0.009
0.007
5.019
3.807
4.643
11.712
1.648
0.1
0.474
0.34
2.791
3.85
9.98
1.236
0.081
0.027
1.59
0.168
5.013
0.886
1.061
1.332
1.14
5.232
6.952
3.608
9.929
0.055
0.029
2.431
0.419
0.003
7.804
4.698
3.674
4.721
0.153
0.306
4.82
4.353
3.265
0.237
3.399
0.855
3.914
10.859
5.428
4.528
5.263
3.711
7.148
6.77
0.319
0.412
0.34
6.556
4.956
3.795
7.445
2.98
4.395
9.362
14.909
3.521
0.048
0.199
0.862
1.672
12.59
5.888
1.106
0.972
0.041
2.235
18.447
0.312
6.31
0.151
0.027
0.11
0
2.336
1.408
0.697
1.39
5.042
2.22
0.247
0.92
3.231
-99
-99
-99
-99
-99
-99
-99
-99
-99
-99
-99
-99
-99
-99
-99
-99
-99
-99
-99
-99
-99
-99
-99
-99
-99
-99
-99
-99
-99
-99
-99
-99
-99
-99
-99
-99
-99
-99
-99
-99
-99
-99
-99
-99
-99
-99
-99
-99
-99
-99
-99
-99
-99
-99
-99
-99
-99
-99
-99
-99
-99
-99
-99
-99
-99
-99
-99
-99
-99
-99
-99
-99
-99
-99
-99
-99
-99
-99
-99
-99
-99
-99
-99
-99
-99
-99
-99
-99
-99
-99
-99
-99
-99
-99
-99
-99
-99
-99
-99
-99
-99
-99
-99
-99
-99
-99
-99
-99
-99
-99
-99
-99
-99
-99
-99
-99
-99
-99
-99
-99
-99
-99
-99
-99
-99
-99
-99
-99
-99
-99
-99
-99
-99
-99
-99
-99
-99
-99
-99
-99
-99
-99
-99
-99
-99
-99
-99
-99
-99
-99
-99
-99
-99
-99
-99
-99
-99
-99
-99
-99
-99
-99
-99
-99
-99
-99
-99
-99
-99
-99
-99
-99
-99
-99
-99
-99
-99
-99
-99
-99
-99
-99
-99
-99
-99
-99
-99
-99
-99
-99
-99
-99
-99
-99
-99
-99
-99
-99
-99
-99
-99
-99
-99
-99
-99
-99
-99
-99
-99
-99
-99
-99
-99
-99
-99
-99
-99
-99
-99
-99
-99
-99
-99
-99
-99
-99
-99
-99
-99
-99
-99
-99
-99
-99
-99
-99
-99
-99
-99
-99
-99
-99
-99
-99
-99
-99
-99
-99
-99
-99
-99
-99
-99
-99
-99
-99
-99
-99
-99
-99
-99
-99
-99
-99
-99
-99
-99
-99
-99
-99
-99
-99
-99
-99
-99
-99
-99
-99
-99
-99
-99
-99
-99
-99
-99
-99
-99
-99
-99
-99
-99
-99
-99
-99
-99
-99
-99
-99
-99
-99
-99
-99
-99
-99
-99
-99
-99
-99
-99
-99
-99
-99
-99
-99
-99
-99
-99
-99
-99
-99
-99
-99
-99
-99
-99
-99
-99
-99
-99
-99
-99
-99
-99
-99
-99
-99
-99
-99
-99
-99
-99
-99
-99
-99
-99
-99
-99
-99
-99
-99
-99
-99
-99
-99
-99
-99
-99
-99
-99
-99
-99
-99
-99
-99
-99
-99
-99
-99
-99
-99
-99
-99
-99
-99
-99
-99
-99
-99
-99
-99
-99
-99
-99
-99
-99
-99
-99
-99
-99
-99
-99
-99
-99
-99
-99
-99
-99
-99
-99
-99
-99
-99
-99
-99
-99
-99
-99
-99
-99
-99
-99
-99
-99
-99
-99
-99
-99
-99
-99
-99
-99
-99
-99
-99
-99
-99
-99
-99
-99
-99
-99
-99
-99
-99
-99
-99
-99
-99
-99
-99
-99
-99
-99
-99
-99
-99
-99
-99
-99
-99
-99
-99
-99
-99
-99
-99
-99
-99
-99
-99
-99
-99
-99
-99
-99
-99
-99
-99
-99
-99
-99
-99
-99
-99
-99
-99
-99
-99
-99
-99
-99
-99
-99
-99
-99
-99
-99
-99
-99
-99
-99
-99
-99
-99
-99
-99
-99
-99
-99
-99
-99
-99
-99
-99
-99
-99
-99
-99
-99
-99
-99
-99
-99
-99
-99
-99
-99
-99
-99
-99
-99
-99
-99
-99
-99
-99
-99
-99
-99
-99
-99
-99
-99
-99
-99
-99
-99
-99
-99
-99
-99
-99
-99
-99
-99
-99
-99
-99
-99
-99
-99
-99
-99
-99
-99
-99
-99
-99
-99
-99
-99
-99
-99
-99
-99
-99
-99
-99
-99
-99
-99
-99
-99
-99
-99
-99
-99
-99
-99
-99
-99
-99
-99
-99
-99
-99
-99
-99
-99
-99
-99
-99
-99
-99
-99
-99
-99
-99
-99
-99
-99
-99
-99
-99
-99
-99
-99
-99
-99
-99
-99
-99
-99
-99
-99
-99
-99
-99
-99
-99
-99
-99
-99
-99
-99
-99
-99
-99
-99
-99
-99
-99
-99
-99
-99
-99
-99
-99
-99
-99
-99
-99
-99
-99
-99
-99
-99
-99
-99
-99
-99
-99
-99
-99
-99
-99
-99
-99
-99
-99
-99
-99
-99
-99
-99
-99
-99
-99
-99
-99
-99
-99
-99
-99
-99
-99
-99
-99
-99
-99
-99
-99
-99
-99
-99
-99
-99
-99
-99
-99
-99
-99
-99
-99
-99
-99
-99
-99
-99
-99
-99
-99
-99
-99
-99
-99
-99
-99
-99
-99
-99
-99
-99
-99
-99
-99
-99
-99
-99
-99
-99
-99
-99
-99
-99
-99
-99
-99
-99
-99
-99
-99
-99
-99
-99
-99
-99
-99
-99
-99
-99
-99
-99
-99
-99
-99
-99
-99
-99
-99
-99
-99
-99
-99
-99
-99
-99
-99
-99
-99
-99
-99
-99
-99
-99
-99
-99
-99
-99
-99
-99
-99
-99
-99
-99
-99
-99
-99
-99
-99
-99
-99
-99
-99
-99
-99
-99
-99
-99
-99
-99
-99
-99
-99
-99
-99
-99
-99
-99
-99
-99
-99
-99
-99
-99
-99
-99
-99
-99
-99
-99
-99
-99
-99
-99
-99
-99
-99
-99
-99
-99
-99
-99
-99
-99
-99
-99
-99
-99
-99
-99
-99
-99
-99
-99
-99
-99
-99
-99
-99
-99
-99
-99
-99
-99
-99
-99
-99
-99
-99
-99
-99
-99
-99
-99
-99
-99
-99
-99
-99
-99
-99
-99
-99
-99
-99
-99
-99
-99
-99
-99
-99
-99
-99
-99
-99
-99
-99
-99
-99
-99
-99
-99
-99
-99
-99
-99
-99
-99
-99
-99
-99
-99
-99
-99
-99
-99
-99
-99
-99
-99
-99
-99
-99
-99
-99
-99
-99
-99
-99
-99
-99
-99
-99
-99
-99
-99
-99
-99
-99
-99
-99
-99
-99
-99
-99
-99
-99
-99
-99
-99
-99
-99
-99
-99
-99
-99
-99
-99
-99
-99
-99
-99
-99
-99
-99
-99
-99
-99
-99
-99
-99
-99
-99
-99
-99
-99
-99
-99
-99
-99
-99
-99
-99
-99
-99
-99
-99
-99
-99
-99
-99
-99
-99
-99
-99
-99
-99
-99
-99
-99
-99
-99
-99
-99
-99
-99
-99
-99
-99
-99
-99
-99
-99
-99
-99
-99
-99
-99
-99
-99
-99
-99
-99
-99
-99
-99
-99
-99
-99
-99
-99
-99
-99
-99
-99
-99
-99
-99
-99
-99
-99
-99
-99
-99
-99
-99
-99
-99
-99
-99
-99
-99
-99
-99
-99
-99
-99
-99
-99
-99
-99
-99
-99
-99
-99
-99
-99
-99
-99
-99
-99
-99
-99
-99
-99
-99
-99
-99
-99
-99
-99
-99
-99
-99
-99
-99
-99
-99
-99
-99
-99
-99
-99
-99
-99
-99
-99
-99
-99
-99
-99
-99
-99
-99
-99
-99
-99
-99
-99
-99
-99
-99
-99
-99
-99
-99
-99
-99
-99
-99
-99
-99
-99
-99
-99
-99
-99
-99
-99
-99
-99
-99
-99
-99
-99
-99
-99
-99
-99
-99
-99
-99
-99
-99
-99
-99
-99
-99
-99
-99
-99
-99
-99
-99
-99
-99
-99
-99
-99
-99
-99
-99
-99
-99
-99
-99
-99
-99
-99
-99
-99
-99
-99
-99
-99
-99
-99
-99
-99
-99
-99
-99
-99
-99
-99
-99
-99
-99
-99
-99
-99
-99
-99
-99
-99
-99
-99
-99
-99
-99
-99
-99
-99
-99
-99
-99
-99
-99
-99
-99
-99
-99
-99
-99
-99
-99
-99
-99
-99
-99
-99
-99
-99
-99
-99
-99
-99
-99
-99
-99
-99
-99
-99
-99
-99
-99
-99
-99
-99
-99
-99
-99
-99
-99
-99
-99
-99
-99
-99
-99
-99
-99
-99
-99
-99
-99
-99
-99
-99
-99
-99
-99
-99
-99
-99
-99
-99
-99
-99
-99
-99
-99
-99
-99
-99
-99
-99
-99
-99
-99
-99
-99
-99
-99
-99
-99
-99
-99
-99
-99
-99
-99
-99
-99
-99
-99
-99
-99
-99
-99
-99
-99
-99
-99
-99
-99
-99
-99
-99
-99
-99
-99
-99
-99
-99
-99
-99
-99
-99
-99
-99
-99
-99
-99
-99
-99
-99
-99
-99
-99
-99
-99
-99
-99
-99
-99
-99
-99
-99
-99
-99
-99
-99
-99
-99
-99
-99
-99
-99
-99
-99
-99
-99
-99
-99
-99
-99
-99
-99
-99
-99
-99
-99
-99
-99
-99
-99
-99
-99
-99
-99
-99
-99
-99
-99
-99
-99
-99
-99
-99
-99
-99
-99
-99
-99
-99
-99
-99
-99
-99
-99
-99
-99
-99
-99
-99
-99
-99
-99
-99
-99
-99
-99
-99
-99
-99
-99
-99
-99
-99
-99
-99
-99
-99
-99
-99
-99
-99
-99
-99
-99
-99
-99
-99
-99
-99
-99
-99
-99
-99
-99
-99
-99
-99
-99
-99
-99
-99
-99
-99
-99
-99
-99
-99
-99
-99
-99
-99
-99
-99
-99
-99
-99
-99
-99
-99
-99
-99
-99
-99
