19790101
-99
-99
-99
-99
-99
-99
-99
-99
-99
-99
-99
-99
-99
-99
-99
-99
-99
-99
-99
-99
-99
-99
-99
-99
-99
-99
-99
-99
-99
-99
-99
-99
-99
-99
-99
-99
-99
-99
-99
-99
-99
-99
-99
-99
-99
-99
-99
-99
-99
-99
-99
-99
-99
-99
-99
-99
-99
-99
-99
-99
-99
-99
-99
-99
-99
-99
-99
-99
-99
-99
-99
-99
-99
-99
-99
-99
-99
-99
-99
-99
-99
-99
-99
-99
-99
-99
-99
-99
-99
-99
-99
-99
-99
-99
-99
-99
-99
-99
-99
-99
-99
-99
-99
-99
-99
-99
-99
-99
-99
-99
-99
-99
-99
-99
-99
-99
-99
-99
-99
-99
-99
-99
-99
-99
-99
-99
-99
-99
-99
-99
-99
-99
-99
-99
-99
-99
-99
-99
-99
-99
-99
-99
-99
-99
-99
-99
-99
-99
-99
-99
-99
-99
-99
-99
-99
-99
-99
-99
-99
-99
-99
-99
-99
-99
-99
-99
-99
-99
-99
-99
-99
-99
-99
-99
-99
-99
-99
-99
-99
-99
-99
-99
-99
-99
-99
-99
-99
-99
-99
-99
-99
-99
-99
-99
-99
-99
-99
-99
-99
-99
-99
-99
-99
-99
-99
-99
-99
-99
-99
-99
-99
-99
-99
-99
-99
-99
-99
-99
-99
-99
-99
-99
-99
-99
-99
-99
-99
-99
-99
-99
-99
-99
-99
-99
-99
-99
-99
-99
-99
-99
-99
-99
-99
-99
-99
-99
-99
-99
-99
-99
-99
-99
-99
-99
-99
-99
-99
-99
-99
-99
-99
-99
-99
-99
-99
-99
-99
-99
-99
-99
-99
-99
-99
-99
-99
-99
-99
-99
-99
-99
-99
-99
-99
-99
-99
-99
-99
-99
-99
-99
-99
-99
-99
-99
-99
-99
-99
-99
-99
-99
-99
-99
-99
-99
-99
-99
-99
-99
-99
-99
-99
-99
-99
-99
-99
-99
-99
-99
-99
-99
-99
-99
-99
-99
-99
-99
-99
-99
-99
-99
-99
-99
-99
-99
-99
-99
-99
-99
-99
-99
-99
-99
-99
-99
-99
-99
-99
-99
-99
-99
-99
-99
-99
-99
-99
-99
-99
-99
-99
-99
-99
-99
-99
-99
-99
-99
-99
-99
-99
-99
-99
-99
-99
-99
-99
-99
-99
-99
-99
-99
-99
-99
-99
-99
-99
-99
-99
-99
-99
-99
-99
-99
-99
-99
-99
-99
-99
-99
-99
-99
-99
-99
-99
-99
-99
-99
-99
-99
-99
-99
-99
-99
-99
-99
-99
-99
-99
-99
-99
-99
-99
-99
-99
-99
-99
-99
-99
-99
-99
-99
-99
-99
-99
-99
-99
-99
-99
-99
-99
-99
-99
-99
-99
-99
-99
-99
-99
-99
-99
-99
-99
-99
-99
-99
-99
-99
-99
-99
-99
-99
-99
-99
-99
-99
-99
-99
-99
-99
-99
-99
-99
-99
-99
-99
-99
-99
-99
-99
-99
-99
-99
-99
-99
-99
-99
-99
-99
-99
-99
-99
-99
-99
-99
-99
-99
-99
-99
-99
-99
-99
-99
-99
-99
-99
-99
-99
-99
-99
-99
-99
-99
-99
-99
-99
-99
-99
-99
-99
-99
-99
-99
-99
-99
-99
-99
-99
-99
-99
-99
-99
-99
-99
-99
-99
-99
-99
-99
-99
-99
-99
-99
-99
-99
-99
-99
-99
-99
-99
-99
-99
-99
-99
-99
-99
-99
-99
-99
-99
-99
-99
-99
-99
-99
-99
-99
-99
-99
-99
-99
-99
-99
-99
-99
-99
-99
-99
-99
-99
-99
-99
-99
-99
-99
-99
-99
-99
-99
-99
-99
-99
-99
-99
-99
-99
-99
-99
-99
-99
-99
-99
-99
-99
-99
-99
-99
-99
-99
-99
-99
-99
-99
-99
-99
-99
-99
-99
-99
-99
-99
-99
-99
-99
-99
-99
-99
-99
-99
-99
-99
-99
-99
-99
-99
-99
-99
-99
-99
-99
-99
-99
-99
-99
-99
-99
-99
-99
-99
-99
-99
-99
-99
-99
-99
-99
-99
-99
-99
-99
-99
-99
-99
-99
-99
-99
-99
-99
-99
-99
-99
-99
-99
-99
-99
-99
-99
-99
-99
-99
-99
-99
-99
-99
-99
-99
-99
-99
-99
-99
-99
-99
-99
-99
-99
-99
-99
-99
-99
-99
-99
-99
-99
-99
-99
-99
-99
-99
-99
-99
-99
-99
-99
-99
-99
-99
-99
-99
-99
-99
-99
-99
-99
-99
-99
-99
-99
-99
-99
-99
-99
-99
-99
1.516357183
0
0
0
0
0
0
0
0
0
0
0
0
0
0
0
0
0
0
0
0
0
0
0
0
5.056613445
0
0
0
0
0
0
0
0
1.044332623
0
0
0
1.893579721
0
0.946789861
0
0
0.730752051
0
2.77685833
0
0
1.583386779
0.683735251
17.12936783
0
3.940454245
3.201619148
0
2.216505766
0
2.260230064
0
0
0
0.981329978
27.09872818
1.275728941
0.954552293
2.144071341
1.26294601
7.107743263
3.788838148
4.033196926
13.19303608
6.273861885
0.752863467
37.60732269
25.87203979
0
1.757075667
1.568817616
3.487257242
0.463689774
0
2.627575397
5.203629494
2.627575159
4.092094421
1.263735175
7.40187788
8.725790977
0
0
21.05109024
3.915036917
0
0
0
11.85303497
0.836029053
0
1.51414156
2.238699913
8.725217819
0
0
0
0
0
0
1.834016562
3.105601788
1.7117486
0
4.57183075
1.381416559
0.550922155
0.509808481
2.252799988
3.351727009
0
11.79972649
10.78322029
10.17209339
33.81656265
22.06214142
8.544558525
13.74362946
3.076215267
5.647866249
4.834052563
3.727265835
9.342579842
2.727353334
3.957335472
1.497370243
1.550847888
2.459965706
2.163454771
5.233221531
7.192024231
9.267771721
5.788703442
11.10638714
17.48505402
13.58281136
3.114291191
14.63341427
9.09946537
7.229712009
1.651615262
5.827397823
3.646018744
4.425082684
0
0
11.58576775
0
6.585223675
4.745790005
8.004565239
4.745790005
0
4.587596893
15.59883976
0
7.918676853
9.874492645
0
0
6.111684799
5.732665062
14.63961983
11.58377647
20.03491402
9.430353165
9.06341362
14.16387653
10.45778465
0
11.53562164
13.74020958
9.58738327
0
0
0
0
22.16134834
0
9.998400688
0
24.49824333
11.18868542
0
0
0
0
23.62217712
0
12.49216366
0
0
0
0
0
0
7.260745049
5.025147915
0
0
9.957404137
0
0
9.876119614
0
3.867425203
0
6.208235741
5.481275558
6.513558865
7.109295845
0
8.596342087
0
8.453748703
0
7.772789478
8.735791206
0
0
0
0
16.7429924
12.65178967
0
0
0
0
0
0
0
0
0
0
0
16.84680367
13.06051826
10.17844772
14.55627346
0
9.63121891
20.7380619
9.77341938
25.82782173
15.89196014
12.5078125
9.226491928
0
12.73363876
0
41.60014343
3.87701416
0.689018428
1.524581909
1.082376003
0.848418236
1.152184129
5.522538185
0
1.998443484
1.35878253
0
0
0
0
0
3.666348934
0
4.310564995
1.980017781
2.103176594
8.975422859
0
8.975422859
0
0
0
8.674790382
0
10.34974957
0
0
0
0
0
0
0
5.748273373
5.724019527
5.360205173
5.117661476
9.41688633
5.625671864
10.02837372
5.870266914
0
10.88445282
5.52029705
0
0
0
0
0
0
0
7.00586462
0
0
0
0
0
0
0
0
0
0
0
0
0
0
0
0
0
2.959842205
0
0
0
0
0
0
0
0
0
0
0
0
0
0
0
14.3760891
0
0
0
0
0
0
0
0
0
0
0
0
0
0
0
0
0
0
0
0
0
1.463353634
0
0
0
0
0
0
0
0
0
0
0
0.462688506
0
0.335449219
0
0
4.566086292
0
0
0
0
0
0
0
0
0
0
0
0
0
1.532122254
0.65662384
0
0
2.987102747
0
0
0
0
0
8.307276726
0
0.835662186
0
4.752828598
17.67947769
0
5.049823761
35.76958466
0
0
0
0
2.785439014
3.183358908
1.108218074
0
4.063466072
0
0
0
0
0
0
0
1.044635177
0
7.356900215
0
1.244671941
2.75659132
1.488559246
8.352470398
32.88613129
1.350729346
0.831541836
9.895346642
8.4817276
0
0
0
0.41415745
0.455573171
0
2.236450195
1.035393476
0
0
0
2.345006466
6.821836948
2.14545536
0
6.685837746
9.030871391
14.56913757
15.50094986
0.84244293
0
0.786280036
0
0
0
3.364019394
1.614236355
6.75268364
0
13.78691292
4.595637321
2.297818661
2.297818661
3.905170202
0
0
13.38915539
8.926103592
13.14603996
0
0
0
0
6.024341583
12.04868317
5.271298409
15.81389523
0
0
5.876018524
0
8.522173882
3.774660826
0
0
0
13.73577213
0
0
0
2.531052113
1.807894349
8.524918556
2.515884161
4.193140507
0
4.255260468
3.913597584
3.043909788
15.31884384
30.63768768
0
0
0
2.031121969
0
0
3.051542044
4.528722286
0
0
0
14.51702976
0
4.452671051
6.218385696
8.751801491
5.373913288
0
6.175464153
8.106995583
0
4.271136284
12.56856441
14.84102821
14.84102821
0
0
0
0
0
9.82891655
8.342592239
10.06864738
0
0
0
0
0
22.03162766
0
0
12.58950233
0
0
0
0
0
0
13.29792404
0
0
0
0
0
0
0
0
0
0
0
0
0
0
0
0
0
0
0
0
0
10.62681198
10.62681198
0
0
0
15.06078434
0
0
0
0
0
10.66512108
0
0
13.14204884
13.14204884
0
0
0
0
15.8942728
0
0
0
0
0
0
0
0
0
4.432965755
2.843213081
3.006264448
4.086481094
1.926047206
0
0.914111197
0.82456553
0.985001385
9.129918098
0
0
0
0
0
0
0
0
0
30.2442627
0
0
21.17757797
0
0
5.459867477
17.04756355
7.971986771
2.947747231
8.160758972
17.01161194
0
0
3.742228508
4.673700333
20.22397995
0
0
0
0
0
5.563706875
5.563706875
5.563706875
11.12741375
13.91142273
0
0
0
12.17249393
0
6.240550995
0
0
10.92096424
0
0
0
5.52194643
0
0
0
0
0
11.30171013
0
0
10.07200909
15.10801411
0
0
0
0
0
0
0
0
0
0
0
6.67138958
0
3.846922636
0
0
0
0
0
0
0
0
0
0
0
0
0
0
0
0
1.200946093
0
0
0
0
0
4.236892223
0
0
0
0
0
0
-0.5
6.9
0
0
0
0
0
0
0
0
0
0
0
0
0
0
0
0
0
0
0
0
0
0
0
0
0
0
0
0
0
0
0
0
0
0
0
0
0
0
0
0
0
0
0
0
1.554273129
0
0
0
2.547613859
2.229162216
4.458324432
3.920820951
0
0
0
0
0
0
0
0
2.389498472
0
0
0
2.305993319
0
0
0
0
0
0
0
0
0
0
1.707667232
0
0
0.56922245
10.77739143
0
0
0
0
0
8.079786301
13.05693436
0.711021245
4.201488972
2.973361731
4.805392742
5.491878033
4.805392742
0
0
1.355591059
11.99698257
1.152252436
1.016693354
0
6.012785912
0
0
0
0
10.75792408
10.75792408
4.706591129
14.11977386
9.413182259
0
0
8.810588837
0
0
8.629511833
8.629511833
4.314755917
0
0
3.190935373
0
0
0
3.190935373
4.68026638
0
0
0
0
0
0
0
6.413534164
12.82706833
11.84855938
5.393136978
5.597423077
7.027421474
0
0
0
0
6.353518486
3.176759243
5.48943615
0
25.09456444
0
6.273641109
6.273641109
7.632974148
22.89892578
38.16487503
0
7.632974148
0
10.33825111
5.216547489
25.37139511
47.1860466
12.57333946
13.06576729
0
13.45971203
12.11373901
0
5.461141109
4.023998737
5.638021469
17.02461243
0
0
0
0
0
0
0
0
0
0
0
0
0
0
24.62802315
0
0
0
0
0
0
0
28.32910728
0
0
0
0
0
0
0
0
0
0
0
0
0
0
0
0
0
0
0
0
0
0
0
0
0
0
0
0
0
0
0
0
0
0
0
0
0
0
0
0
0
0
7.695835114
0
0
0
28.72002792
0
0
0
13.73038292
0
0
15.69186783
10.66780949
0
10.66780949
0
0
12.55715752
6.278578758
21.52655602
0
0
18.50449371
0
0
20.05887032
0
0
12.66960144
0
0
12.66960144
0
13.41036129
11.73406601
0
0
0
0
0
5.726682663
4.391445637
0
0
0
6.650392056
6.650392056
0
0
16.44344902
0
0
0
0
0
0
8.954175949
0
0
0
0
8.923330307
0
0
0
9.996575356
0
0
0
0
0
0
0
0
0
0
0
0
0
0
0
0
15.07857037
0
0
0
0
6.390316486
0
6.511116982
6.511116982
6.511116982
0
0
10.211133
5.105566502
0
0
0
0
4.358652592
0
0
0
0
0
0
0
10.2221756
3.407391787
0
0
0
0
0
2.581788063
2.581788063
0
2.940572262
2.940572262
0
0
0
0
0
0
0
0
0
-0.5
6.9
0
0
0
0
0
0
0
0
0
0
0
0
0
0
0
0
0
0
0
0
0
0
0
0
0
0
0
0
0
0
4.244794846
0
0
0
0
0
0
0
0
0
0
0
0
0
0
0
0
0
0
0
0
0
0
0
0
5.103786945
3.713632345
0
1.856816173
0
12.23568058
0
3.4074049
1.858584523
0
0
0
0.318154335
9.925168991
0.149719685
2.751944304
2.106236458
0
1.030057192
32.86959076
5.91970253
12.05082321
0
8.562426567
13.00220299
0
2.770421743
27.4371891
0
0
0
7.179738045
0
0
3.141135216
0
0
0
21.18560791
5.848824978
0.411977023
10.71438789
0
0
6.122507572
0
5.552803993
0
11.10560799
0
0
0
4.669510365
0
6.605649471
1.025014639
13.13518333
11.49328423
5.746642113
0
11.49328423
0
0
0
3.550203323
2.821956396
0
3.058844566
0
3.644580603
0
0
0
0
0
10.366436
0
3.784506083
30.27604485
0
0
32.49342728
24.74790001
0
0
0
0
2.486507416
3.051622868
0
4.181853771
0
0
0
0
0
36.35934067
0
0
0
0
4.074306011
0
15.17996502
12.15389442
9.326252937
0
2.215399981
3.399201632
7.294471741
0
2.006825209
32.07314301
10.69104862
10.69104862
10.69104862
32.07314301
20.37772179
0
0
0
0
0
0
0
0
0
6.58479166
6.58479166
0
6.58479166
6.58479166
5.529106617
0
5.144908905
5.044683456
14.51599407
0
0
8.335197449
8.335197449
0
14.35328484
0
14.35328484
7.176642418
0
12.4752512
12.4752512
0
12.4752512
24.9505024
0
2.31665802
2.36322403
0
7.485482693
3.050072193
32.91837692
20.19288254
0
12.01852226
0
0
0
8.052431107
0
11.7037344
0
0
6.199867249
0
9.341976166
12.56158543
0
0
0
0
22.86444855
0
0
0
0
8.282818794
10.71785641
5.091443062
6.290513992
9.076048851
0
0
0
6.893343449
0
6.469638348
0
1.618681312
3.617257357
0
4.250414848
7.108114243
7.108114243
7.108114243
7.108114243
0
0
48.35567093
3.916591406
8.347372055
0
16.36234474
0
8.181172371
0
0
5.60717535
11.2143507
0
11.2143507
0
7.198041916
12.15297222
7.382177353
3.833375216
10.44552898
5.30977869
0
0
10.61955738
0
0
7.931188107
0
13.87957764
6.939788818
12.85627079
0
11.24923611
0
0
7.435472488
7.435472488
0
14.87094498
0
0
0
7.400449276
22.20134926
0
7.400449276
1.721699476
0
0
0
0
0
0
0
0
5.331036091
3.255842924
0
6.511685848
0
9.767528534
0
13.43983269
8.959887505
0
10.23987198
0
0
0
4.847605228
0
0
0
0
0
0
1.964221954
0
0
0
1.964221954
0
0
0
0
0
0
0
0
0
0
0
0
0
0
0
4.351688385
0
0
0
0
0
0
0
0
0
0
-0.5
6.9
0
0
0
0
0
0
0
0
0
0
0
2.826202631
0
0
0
2.699124813
0
0
0
0
0
0
0
0
0
0
0
0
0
3.144326687
0
0
0
0
0
0
0
0
0
0
0
0
0
0
0
0
0
0
0
0
0
0
0
0
0
2.242517948
11.07675266
0
0
0
0
0
4.563528061
9.127056122
5.918541431
0
0
5.178723335
5.918541431
0
0
8.581121445
8.581121445
0
16.92627144
0
0
0
0
3.183619261
0
0
3.638422251
12.73447704
5.783873558
0
11.56774712
0
0
11.56774712
14.76347923
2.195742369
1.56013298
7.685098648
20.88844681
6.277056694
0
6.277056694
6.277056694
0
0
8.844112396
10.19178772
7.70701313
0
6.963529587
5.305546284
2.652773142
0
2.321176529
0
0
5.776905537
0
4.401452065
11.05815506
2.764538765
12.63789272
0
5.52907753
9.083723068
13.6255846
4.541861534
0
0
7.073102951
6.188964844
7.073102951
0
0
6.483198166
0
6.483198166
0
0
2.3950634
1.465215206
29.08827782
2.770759583
1.174050689
0
0
0
8.082168579
0
0
0
6.869932652
3.925676107
0
0
26.47605896
0
0
0
0
0
0
10.053092
10.053092
0
14.37969685
25.16446686
0
0
12.58223343
0
0
0
17.40825462
34.81650925
18.62438011
0
9.312190056
9.312190056
18.62438011
11.07715702
5.53857851
5.53857851
0
0
24.18365288
16.12243462
8.061217308
0
0
14.20560455
14.20560455
21.30840683
0
14.20560455
0
0
9.972118378
29.91635513
0
0
0
15.43641472
7.718207359
0
0
0
0
0
0
7.85763073
4.382139206
10.76226807
13.68369579
0
8.898598671
0
6.594514847
4.897109985
5.599484444
12.31106281
3.728718042
6.025979042
3.844158649
8.715734482
12.1673975
9.098670959
0
20.79696274
0
9.098670959
25.88513565
0
12.94256783
12.94256783
12.94256783
0
0
6.086489201
6.086489201
6.086489201
8.253385544
8.253385544
0
0
0
0
19.44307137
9.018774033
7.027616024
0
8.111039162
21.77363205
0
0
21.77363205
0
0
14.63668633
30.3958168
17.55504608
0
5.60974884
6.530266285
0
17.98801422
8.468770981
11.18384361
6.989901066
0
30.58081818
44.24607849
7.474504948
6.545994759
15.08828545
5.524633884
0
11.09930897
0
0
0
6.34246254
5.966861248
0
0
0
5.12571764
0
23.3372612
0
0
0
15.868433
7.934216499
0
0
0
0
0
0
0
0
0
7.856595516
15.71319103
7.856595516
15.71319103
8.978966713
0
0
3.915250301
0
0
10.24929142
10.24929142
0
0
0
5.455537319
5.455537319
0
0
0
0
0
2.651746273
6.061134338
0
0
0
0
15.9637928
0
0
5.321175575
0
0
0
0
0
8.973917007
0
0
0
0
0
0
0
0
0
0
0
0
0
0
0
0
0
0
0
0
0
0
0
0
0
0
0
0
-0.5
6.9
0
0
3.369460344
0
0
0
0
0
0
0
0
0
0
0
0
0
0
0
0
0
0
0
0
0
0
0
0
0
1.356280565
0
0
0
3.376385212
0
0
0.835210919
0
6.313625813
0
0
0
0
2.719623327
2.719623327
0
5.439246655
0
4.381173611
7.510583878
0
6.571760654
0
0.934415281
0
0
2.74827981
3.088794708
9.266384125
3.088794708
4.503606796
4.503606796
0
0
0
14.21948433
7.109742165
14.21948433
14.21948433
0
3.660226345
1.53772819
0
0
0
16.71439934
3.512616873
0.895835221
0
0
3.148070574
3.490252256
15.12442398
6.912068367
0
0
0
3.429577589
0
3.919517517
6.859155178
19.95861053
0
13.30574131
0
0
1.000119567
1.97459507
0
1.102695942
2.256680012
1.480511308
0
2.600898504
2.720939875
1.160400867
0
0
3.70580101
3.059835672
3.093833923
0
7.635626793
8.726429939
30.54250717
0
0
5.32029438
10.64058876
0
0
5.947249413
23.78899765
6.79685688
11.89449883
11.89449883
0
3.972497225
3.972497225
7.94499445
0
6.892683029
0
0
3.316955805
2.846465826
11.90192509
11.90192509
5.950962543
5.950962543
0
8.680357933
7.595313072
7.595313072
0
7.595313072
0
6.282243252
0
12.5644865
0
5.49696207
22.87446404
0
0
0
0
0
25.89765549
0
0
25.89765549
13.33473778
0
12.34238529
8.621063232
0
0
9.170514107
5.319691658
0
10.32178974
12.49210644
0
0
0
0
0
0
0
0
0
22.75285721
0
0
0
22.75285721
0
0
13.44737625
40.34212875
0
0
0
0
0
0
0
0
0
0
23.97713852
11.9695816
0
0
0
0
0
0
0
0
0
0
18.94586182
0
0
0
0
0
16.80262375
0
0
0
0
0
0
0
0
0
0
0
8.268425941
0
0
14.06877899
0
0
0
0
0
0
0
15.18031502
0
0
0
0
0
0
0
0
25.386549
0
8.462182999
0
11.02197933
0
22.04395866
11.02197933
10.56548405
0
0
0
0
15.74812317
0
0
0
15.74812317
0
0
0
0
23.7274189
11.36774349
0
11.36774349
11.36774349
0
0
0
0
0
22.08579826
0
7.39269495
7.39269495
0
0
0
8.90785408
0
54.71967316
0
0
0
0
0
0
0
7.965071678
23.89521408
7.965071678
7.965071678
0
4.801254749
0
0
0
0
3.878697157
3.346326828
10.62205219
0
0
0
0
0
0
0
0
6.006444931
0
0
0
0
18.56258965
0
0
0
0
0
0
0
0
0
0
0
0
0
0
0
0
0
0
0
0
0
0
0
0
0
0
0
0
0
0
0
0
3.17944026
0
2.654896975
0
0
0
0
-0.5
6.9
0
0
0
0
0
0
0
1.45710063
0
0
0
0
0
0
0
0
0
2.445771217
0
0
0
0
0
1.087075591
0
0
0
2.608731985
2.608731985
0
0
0
0
0
6.223020077
3.111510038
0
0
0
0
0
0
0
0
3.948664665
7.89732933
5.551898003
0
0
0
8.660959244
0
0
5.467185497
5.467185497
6.248212814
2.975029469
8.925087929
3.400033712
0
0
0
0
0
0
0
0
2.94980979
0
0
0
0
9.091039658
9.091039658
9.390715599
0
2.3476789
5.366123676
7.043036938
9.534557343
3.178185701
3.632212639
0
6.356371403
5.912385941
2.58666873
7.760006428
2.58666873
10.34667492
5.17333746
3.905173063
7.810346127
13.38916492
4.463054657
0
0
6.495835304
3.247917652
0
0
0
6.766950607
6.391009331
7.456177235
0
3.07772851
12.31091404
6.15545702
7.034808159
3.07772851
0
0
0
7.351779938
0
0
4.12375927
12.37127876
0
0
0
0
11.00442982
7.336287022
3.668143511
2.955573082
5.911146164
0
0
2.955573082
0
0
5.140166759
0
0
0
0
8.001601219
0
0
0
0
0
0
7.564542294
0
11.75600338
0
23.51200676
5.87800169
0
10.76469421
5.382347107
0
0
5.382347107
0
0
0
17.98376656
0
3.596444607
0
1.894127488
0
7.732357025
0
8.147909164
10.97473526
18.88984489
9.710977554
9.3172369
0
9.3172369
10.64827156
0
7.260677338
13.85068989
6.764968395
5.831869602
6.677490234
0
0
0
0
0
0
0
0
13.30409527
0
8.800274849
0
8.800274849
0
10.05745697
9.407346725
0
18.81469345
0
0
0
0
0
36.25918961
0
0
0
8.799933434
8.799933434
8.799933434
0
0
7.793636322
15.58727264
7.793636322
0
0
9.059758186
18.11951637
0
18.11951637
0
10.53850365
10.53850365
31.61551285
0
0
21.36200714
0
10.68100357
10.68100357
0
25.0586853
8.352894783
33.41157913
0
6.465876102
0
0
12.9317522
0
0
0
8.155946732
16.31189346
0
24.46784019
0
0
11.60146904
23.20293808
11.60146904
0
9.068802834
0
9.068802834
18.13760567
8.161766052
5.511450768
13.10098839
12.70946598
7.017311096
8.861427307
20.25469208
0
20.25469208
35.44570923
9.90426445
0
9.90426445
9.90426445
0
10.23365307
0
0
0
10.23365307
16.93756104
0
0
0
16.93756104
37.47927094
10.70836353
9.369817734
9.369817734
9.369817734
6.887963772
27.55185509
6.887963772
6.887963772
0
8.673954964
8.673954964
4.336977482
0
0
0
13.14194012
0
0
0
0
0.333942324
0.682138264
0.519239604
0
0.543674469
0
3.063364267
11.12484932
0
0
0
0
0
0
0
0
0
0
0
0
0
0
0
0
0
0
0
0
0
0
0
7.486764908
0
0
0
0
2.974495888
0
0
0
0
0
3.766051769
0
0
0
0
0
0
0
0
0
0
0
0
0
0
0
0
0
0
-0.5
6.9
0
0
0
0
0
0
0
0
0
1.300970793
0
0
0
0
0
0
0
0
0
0
0
0
0
0
3.432271719
0
0
0
2.502358913
4.379127502
4.379127502
0
0
2.288453341
2.288453341
0
5.945062637
2.972531319
2.972531319
5.945062637
0
0
0
0
0
0
0
0
0
0
0
0
0
0
0
0
0
0
2.667052031
5.334104061
5.67287302
6.48328352
6.48328352
5.67287302
5.67287302
8.966777802
10.24774647
17.9335556
0
0
4.396691799
6.59503746
4.396691799
8.793383598
0
0
0
0
6.148539066
6.148539066
0
8.73379612
4.36689806
4.36689806
4.36689806
1.666124105
5.057177544
2.339107752
0
0
0.483502746
3.1391716
3.1391716
0
0
9.417513847
8.849039078
0
6.986083984
7.218953609
0
14.16654778
4.722182274
0
4.722182274
0
0.473712236
0
1.057957292
30.63339043
4.152876854
6.448790073
3.224395037
6.448790073
0
3.224395037
4.440829277
8.881658554
8.881658554
4.440829277
4.440829277
0
0
12.18693066
0
4.062310219
11.68712044
0
0
0
0
0
5.764141083
5.764141083
13.17518044
5.764141083
9.526497841
8.33568573
16.67137146
8.33568573
0
0
6.953411579
13.90682316
6.953411579
0
0
1.377505064
1.154125929
6.075914383
1.347720981
1.757249713
7.942737579
7.942737579
0
15.88547516
0
7.669753551
7.669753551
0
7.669753551
0
0
0
12.43978214
12.63018703
8.441280365
17.10101318
8.550506592
0
0
25.65151978
0
0
0
0
29.02247238
0
0
0
16.29564667
14.25869083
7.805371284
13.65939903
13.65939903
0
0
0
0
9.793949127
39.17579651
39.17579651
0
26.2312355
13.11561775
0
0
0
0
4.786685467
5.865764618
0
0
0
1.278257132
0
1.35271883
0
0
0
0
0
0
0
0
0
0
19.14910316
0
0
0
0
0
0
0
0
0
0
0
0
0
0
0
0
0
0
0
0
0
0
30.44466782
0
0
0
0
0
14.81693172
0
0
0
11.05882072
0
0
0
4.197005272
6.305003643
9.761361122
6.893723011
7.881254673
33.89211655
0
11.29737282
0
11.29737282
0
34.36555481
17.1827774
17.1827774
25.77416611
0
9.731013298
9.731013298
0
0
0
4.887256145
14.66176987
4.887256145
4.887256145
0
9.530082703
9.530082703
0
9.530082703
0
12.25147152
0
0
0
0
2.970640421
2.782841206
0
2.253589392
0
16.50671577
8.253357887
0
0
0
5.393259525
10.78651905
5.393259525
0
0
6.262322426
0
3.57273531
0
0
0
0
0
0
0
0
0.588229835
0
0
0.705875814
2.05697751
0
0
2.019578218
0
5.441931248
0
0
0
0
0
0
0
3.754266739
3.754266739
0
0
0
0
0
0
5.945109367
5.945109367
0
0
0
0
0
0
0
0
0
0
0
2.156736374
0
0
0
0
0
0
0
0
0
0
0
-0.5
6.9
0
0
0
0
0
0
0
0
0
0
0
0
0
0
0
0
0
0
0
0
0
0
0
0
0
0
0
0
0
0
0
0
0
0
0
0
0
0
0
0
0
0
4.681380749
4.681380749
0
0
0
0
0
0
0
0
0
0
0
0
0
0
7.950885773
0
0
0
0
5.934344769
8.129946709
0
6.194245338
0
3.097122669
12.20388794
12.20388794
12.20388794
8.135925293
4.067962646
7.68234396
11.5235157
4.389910698
7.68234396
7.68234396
3.04401207
0
6.088024139
3.04401207
3.04401207
0
3.054321051
6.981305599
3.4906528
3.054321051
6.108642101
0
0
3.320109844
3.794411659
13.28043938
0
5.1685853
0
4.455676556
5.257698536
4.930989742
2.157307625
0
2.157307625
0
7.398749352
3.699374676
4.227856636
0
8.455713272
10.53629112
0
0
9.21925354
10.53629112
6.778687954
0
14.14682388
4.126157761
9.136492729
8.18641758
9.355906487
4.09320879
0
12.27962589
0
5.001250267
17.14714241
5.001250267
10.00250053
6.010087967
12.02017593
6.010087967
0
0
0
0
0
4.790216446
0
0
5.45817709
2.729088545
0
3.118958473
3.24464035
0
3.24464035
3.24464035
7.416320801
0
0
0
6.407087326
6.407087326
6.407087326
15.37757683
13.86728001
0
28.69565392
0
0
0
0
9.211551666
0
0
9.761792183
6.191946983
0
12.19434452
19.81529427
0
18.6904068
37.12122726
0
9.38523674
14.54623318
7.759170055
8.024290085
3.093062878
19.72883415
0
9.864417076
33.820858
0
0
0
0
8.168358803
0
15.25724411
7.628622055
7.628622055
7.628622055
0
0
19.8959713
0
0
0
0
10.38614082
0
0
0
0
0
0
13.25947666
6.629738331
6.629738331
0
0
22.82761192
9.98707962
9.98707962
0
0
0
0
0
0
0
0
6.482963085
6.482963085
0
0
0
0
13.94064999
8.151910782
8.151910782
16.30382156
16.30382156
8.151910782
12.44100475
12.44100475
12.44100475
0
12.44100475
0
0
7.446009159
7.446009159
7.446009159
14.89201832
26.6502018
0
0
11.65946198
0
0
0
31.51088905
0
15.75544453
18.69962883
0
32.05650711
9.349814415
10.68550205
14.52120304
0
15.55842972
0
0
0
18.82546806
0
18.82546806
0
0
11.74209976
0
0
5.871049881
13.06622505
5.716472626
5.716472626
17.14941788
5.716472626
0
5.630517483
5.630517483
5.630517483
5.630517483
14.08566952
0
0
6.631240368
0
12.36593342
0
12.36593342
0
0
0
0
0
0
0
0
1.469382644
0
0
0
0
2.943122625
0
0
0
2.640153646
0
0
0
0
0
0
0
0
0
0
0
5.614039421
0
0
0
0
0
0
5.281939983
0
4.933047771
0
0
0
0
1.300825477
0
0
0
0
0
0
0
0
0
0
0
0
0
0
0
0
0
3.226333618
0
0
0
0
5.963687897
2.981843948
0
-0.5
6.9
1.146348
0
0
0
1.853668928
0
0
0
0
0
0
0
1.445721626
1.65225327
0
0
0
0
2.015336037
3.023004293
0
2.43487978
0
2.43487978
0
0
0
0
0
0
0
0
0
2.038213253
0
0
0
0
0
0
0
0
0
0
0
0
0
0
4.875406742
12.50228024
3.137637854
5.515294552
0
0
5.515294552
5.515294552
0
0
0
0
0
0
0
0
0
0
0
0
3.184905052
0
0
0
0
0
0
0
9.125705719
0
0
0
2.557328701
0
0
0
0
0
0
0
5.92759037
16.5972538
5.773790359
17.32137108
0
0
0
13.97114372
1.264808536
0
0
0.99853313
3.391954422
0
3.391954422
3.391954422
16.95977211
16.5674057
4.141851425
0
8.28370285
4.141851425
1.691836596
4.67743063
20.50107765
9.603662491
0
0
0
5.420464039
7.114358425
4.742905617
0
0
0
24.58288956
0
2.926869154
0
2.926869154
0
2.926869154
0
0
11.7005558
10.48436832
0
0
18.71481323
0
0
0
3.245824337
0
0
0
0
0
10.91567898
5.457839489
0
0
0
5.9877038
0
5.9877038
0
0
0
0
0
0
0
8.843652725
8.843652725
17.68730545
8.843652725
0
16.82376862
0
0
0
8.411884308
0
0
0
27.0578289
27.0578289
35.31071091
0
0
0
0
10.11823654
0
0
0
0
0
22.59111977
22.59111977
0
0
0
6.369457722
7.279381275
0
6.369457722
0
0
0
0
0
0
14.21210575
0
0
0
20.10420418
0
0
0
0
0
0
0
0
0
0
0
0
0
0
0
0
0
0
0
0
0
0
15.86078262
0
0
0
0
0
0
0
0
0
18.36506653
0
0
9.182533264
9.064965248
0
0
9.064965248
0
0
41.11367035
0
0
0
17.70145226
0
8.850726128
8.850726128
8.850726128
0
21.07496834
10.53748417
21.07496834
0
0
0
0
11.42702675
11.42702675
9.726232529
0
0
9.726232529
9.726232529
7.198441505
0
14.39688301
7.198441505
7.198441505
22.79719353
7.599064827
7.599064827
0
0
7.762647629
15.52529526
7.762647629
23.28794289
0
16.15168953
0
0
0
0
5.789655685
0
0
11.57931137
5.789655685
0
15.04593468
0
0
0
17.19535446
0
0
0
0
0
0
0
0
4.994113922
0
4.320154667
0
8.640309334
8.640309334
0
4.149991035
8.299982071
0
4.149991035
4.149991035
3.095200777
3.095200777
0
0
3.095200777
0
4.090858459
0
0
4.090858459
2.190375805
2.190375805
2.190375805
0
0
6.114078522
0
3.057039261
0
0
0
3.414316416
3.414316416
0
3.414316416
10.37047577
10.37047577
0
0
0
0
0
0
16.54230499
0
0
0
0
0
0
0
-0.5
6.9
0
0
0
0
0
0
0
0
0
0
0
0
0
0
0
0
0
0
0
2.358315945
1.472180247
0
0
0
0
0
0
6.08295536
3.04147768
0
0
0
0
0
0
9.447928429
0
0
0
0
7.244263649
8.517298698
4.258649349
4.258649349
0
0
0
3.29759407
3.29759407
6.595188141
3.29759407
0
0
0
7.54088974
6.598278046
5.532780647
2.766390324
5.532780647
12.20201492
3.050503731
0
0
3.050503731
7.194602966
3.597301483
7.194602966
3.597301483
4.11120224
0
0
0
0
13.72728348
10.50835991
7.00557375
0
3.064938545
3.064938545
3.316859484
10.52742195
0
5.912662029
3.461070776
14.22855759
0
0
5.420402527
4.742852211
5.420402527
6.017971992
13.75536537
6.017971992
12.03594398
6.017971992
4.408558369
5.038352966
8.817116737
0
17.63423347
0
0
6.366887569
19.10066223
0
0
0
0
0
10.93151855
0
0
0
0
0
0
0
17.51130104
0
8.75565052
0
0
9.318329811
9.318329811
4.659164906
0
0
0
4.455393791
15.59387779
0
0
26.91041374
0
0
13.82806873
6.914034367
13.82806873
13.82806873
6.914034367
0
11.34090233
0
11.34090233
11.34090233
9.640053749
0
19.2801075
0
0
0
0
6.875172138
13.75034428
0
0
0
0
8.296554565
8.296554565
0
0
16.50236893
16.50236893
0
0
0
9.57556057
9.57556057
0
19.15112114
0
43.93025589
0
0
0
0
14.4950428
0
0
7.2475214
0
32.07357788
0
10.69119263
10.69119263
0
0
0
17.22319794
0
0
11.3072052
12.92252064
0
5.6536026
0
0
0
0
0
0
0
0
0
14.29346085
0
0
0
0
0
0
17.76946449
0
0
0
0
0
0
0
0
0
0
0
0
27.63687897
0
0
0
0
0
23.28018761
0
0
0
0
17.96374321
0
0
0
0
0
0
0
0
12.54644775
0
0
27.64731026
0
0
0
0
0
23.32621384
0
11.66310692
0
0
0
0
0
0
0
0
0
13.36823654
0
24.77705956
0
12.38852978
0
24.77705956
0
21.80957603
7.269859314
0
0
0
37.29101181
37.29101181
9.322752953
0
0
0
0
0
13.38519001
0
14.87059307
0
29.74118614
0
0
0
0
12.57331467
0
0
0
0
8.103624344
24.31087494
8.103624344
0
0
0
4.337047577
4.337047577
0
0
0
0
0
0
0
0
0
0
0
0
11.9263258
0
0
0
0
0
6.591187
0
0
3.959073782
0
0
0
0
9.645557404
0
0
0
0
0
0
0
0
0
0
0
0
0
0
0
0
0
0
0
0
0
0
0
0
0
0
0
0
0
-0.5
6.9
0
0
0
0
0
0
0
0
0
4.386720657
0
0
0
0
0
0
0
0
0
0
0
0
0
0
0
0
0
0
0
0
0
0
0
0
0
0
0
0
0
0
4.720545292
3.119893789
0
0
0
0
0
0
0
0
0
0
0
0
0
0
0
0
0
0
4.659089088
4.659089088
0
0
4.659089088
0
6.005587101
0
4.146714687
2.001862526
0
0
0
0
0
0
0
0
0
0
7.233228207
0
0
0
7.871454239
9.637207985
3.212402582
12.84961033
0
0
0
0
0
12.3398037
6.065326691
4.078409195
4.202355385
9.605384827
4.802692413
8.40471077
4.202355385
2.420259953
2.420259953
4.840519905
0
0
6.909118652
18.13643837
0
12.0909586
0
0
0
3.111646414
3.111646414
0
0
0
0
7.348913193
6.430298805
0
0
0
3.174774408
6.349548817
0
8.353131294
16.70626259
0
14.6179781
0
7.939562321
0
7.939562321
0
0
11.79244137
13.47707462
0
13.47707462
11.363904
3.78796792
3.78796792
0
7.575935841
16.9758358
8.4879179
0
8.4879179
0
8.4879179
16.47867584
8.239337921
8.239337921
0
8.239337921
0
28.63448334
0
14.31724167
14.31724167
0
0
12.69511318
0
0
11.76150799
0
11.76150799
0
0
16.13393784
0
0
0
0
15.40656185
0
0
0
0
0
12.00792408
12.00792408
0
12.00792408
0
0
0
0
0
0
6.151697159
0
5.581176758
0
0
20.70156288
0
0
17.68902397
0
0
0
15.06465054
0
0
0
0
0
12.06424713
0
0
0
0
0
0
0
0
0
0
0
0
0
0
0
0
0
0
0
0
0
0
0
0
0
0
33.46297073
0
0
0
0
0
0
0
0
0
0
24.34430504
0
0
12.17215252
0
0
25.47899246
25.47899246
0
0
0
0
0
14.19760036
14.19760036
16.67269707
16.67269707
0
0
0
0
0
4.343035221
20.45291328
20.98777008
6.566708088
0
6.566708088
0
0
0
8.474835396
0
8.474835396
0
20.72672653
5.181681633
0
0
0
0
20.02150917
0
20.02150917
10.01075459
15.5743227
7.78716135
0
0
0
0
0
7.858818054
7.858818054
0
0
0
0
0
0
0
4.089601517
0
4.089601517
4.089601517
4.089601517
4.177016258
8.354032516
0
0
0
0
0
0
5.946868896
0
5.672905922
0
0
0
0
0
0
0
0
0
0
0
0
0
0
0
0
0
0
6.182201385
8.255315781
0
0
0
0
0
0
6.983055592
0
0
0
0
0
0
0
0
0
0
0
0
0
-0.5
6.9
0
0
0
0
0
0
0
0
0
0
0
0
0
0
0
0
0
0
0
0
0
0
0
0
0
0
0
0
0
0
0
0
5.948660851
0
0
2.974330425
0
0
0
0
0
0
0
4.006464958
2.003232479
2.003232479
0
0
0
0
0
0
0
0
0
0
0
1.799679637
3.599359274
9.564555168
6.37637043
0
3.188185215
0
8.763440132
0
3.33845377
2.92114687
8.763440132
0
8.575991631
4.287995815
4.287995815
12.86398697
0
0
0
11.5556221
0
0
0
0
0
0
3.487813473
10.46344185
13.95125389
11.95821857
3.986073017
7.972146034
2.648086786
5.296173573
5.296173573
5.296173573
7.944261074
4.756604195
4.162028313
0
2.081014156
2.081014156
0
12.1440258
0
4.968009949
9.752019882
2.495681047
0
1.073142886
29.97312927
0
0.491839468
0.840225756
13.66903782
0.491839468
0
3.099529505
4.164150715
1.765384197
0
0
0
20.1459465
5.755984783
10.07297325
0
7.30177784
3.65088892
7.30177784
7.30177784
3.65088892
0
3.574360132
0
0
0
0
0
3.760194063
7.520388126
0
0
0
0
7.682909489
3.841454744
0.129234403
0
0.594923854
0
0.26960969
0.280750573
19.81279182
9.906395912
0
0
9.906395912
18.89212227
9.446061134
18.89212227
9.446061134
9.446061134
0
0
0
0
17.04694176
0
7.167607307
0
0
0
12.76348209
0
0
0
0
0
10.50374508
10.50374508
10.50374508
10.50374508
9.076553345
18.15310669
18.15310669
18.15310669
0
0
0
9.006990433
0
0
0
0
0
0
0
0
0
0
0
0
0
0
0
0.475926161
1.224657416
2.997194767
3.602262497
0
2.504698277
4.29175806
2.64541173
0
12.13208961
6.066044807
0
6.066044807
16.01642418
0
0
0
0
0
0
0
0
0
37.19273376
0
0
0
9.298183441
0
0
5.297118187
10.59423637
5.297118187
0
0
0
0
0
0
0
11.17614746
11.17614746
11.17614746
0
0
15.91092491
0
6.96102953
6.96102953
0
0
6.065724373
12.13144875
6.065724373
21.9008255
0
21.9008255
10.95041275
10.95041275
28.33095551
0
14.16547775
0
0
23.78569031
0
11.89284515
11.89284515
0
0
0
0
18.8520546
0
0
10.1982069
10.1982069
10.1982069
10.1982069
0
0
22.4612751
7.487091541
0
3.88532114
6.203268051
0
0
3.311353207
9.971324921
19.94264984
19.94264984
0
0
10.59626102
10.59626102
0
0
0
0
0
0
0
0
0
0
2.856376886
2.856376886
0
0
0
0
1.977295756
1.977295756
3.954591513
0
0
4.984539986
4.984539986
0
0
3.515373468
0
3.515373468
3.515373468
6.391084671
25.56433868
0
6.391084671
0
14.74674797
8.426712036
0
0
0
0
0
0
0
0
0
0
0
0
0
0
0
0
0
0
0
0
0
0
0
0
0
0
0
0
0
-0.5
6.9
0
0
0
0
0
0
0
0
0
2.805129051
3.387977362
0
0
0
1.693988681
0
0
0
0
0
0
0
0
0
0
0
0
0
0
0
0
0
0
0
0
0
0
0
0
0
0
4.933928013
0
0
0
0
0
0
0
6.299768448
0
0
0
0
0
0
0
0
3.842550278
0
0
0
6.643518448
6.643518448
0
0
0
9.374577522
4.101377487
12.75156784
0
0
0
0
0
0
2.514203787
2.873375893
5.028407574
3.407888651
0
0
3.407888651
0
0
0
4.132469177
4.132469177
4.722822189
6.198704243
8.574695587
14.01386547
5.567152023
9.534548759
0
0
0
8.847017288
0
0
0
4.55154562
0
0
2.548865795
14.428545
4.743630886
0
0
0
0
0
3.415513754
7.835589409
12.25566673
3.806062222
6.660608292
0
0
6.660608292
5.434878826
21.7395153
5.434878826
5.434878826
10.86975765
0
3.194441795
0
9.583325386
0
14.38470268
5.479886055
4.794900417
4.794900417
0
0
0
0
0
3.535249233
5.455774307
16.36732292
0
0
10.91154861
6.145439625
18.43631935
0
0
0
0
11.09001446
0
11.09001446
0
12.67430115
0
14.57436657
0
14.57436657
0
0
0
0
0
0
0
17.889925
0
0
0
0
0
13.2371006
13.2371006
26.4742012
0
23.02149963
0
0
0
0
7.904535294
0
7.904535294
7.904535294
0
0
0
13.19222832
0
0
0
0
0
0
0
0
0
0
14.0321722
0
0
12.37391758
0
0
0
0
0
21.43644333
0
0
0
0
0
0
0
0
0
0
0
0
0
0
0
0
0
0
0
0
9.477140427
9.477140427
0
10.45908928
20.91817856
10.45908928
0
0
13.27025604
0
0
0
0
0
54.44762802
18.14920998
0
0
0
0
0
0
0
0
0
0
12.17677212
0
0
0
9.902693748
0
9.902693748
0
9.521166801
19.0423336
19.0423336
9.521166801
0
17.32802773
8.664013863
8.664013863
8.664013863
0
11.54639053
3.848797083
7.697594166
3.848797083
0
5.723071098
0
11.4461422
0
17.48453331
17.48453331
8.742266655
8.742266655
26.22680092
7.825031757
7.825031757
7.825031757
15.65006351
15.65006351
11.93635464
0
0
0
0
25.55893517
0
0
8.519644737
0
0
0
0
5.197682858
5.197682858
5.197682858
3.360984564
0
0
0
0
0
0
0
4.008598804
0
0
5.227606773
2.613803387
0
5.227606773
0
0
0
0
0
0
0
0
0
0
0
0
0
0
0
0
0
0
0
0
0
0
0
0
0
0
0
0
0
0
0
0
0
0
0
0
0
0
0
0
0
-0.5
6.9
0
4.953519821
0
0
0
0
0
0
0
0
0
0
0
0
0
0
0
0
0
0
0
0
0
0
0
0
0
0
0
0
0
0
0
0
0
0
0
0
0
0
0
0
0
0
0
0
0
0
0
0
0
0
0
0
0
0
0
4.999697685
5.713940144
0
2.811619759
11.24647903
5.623239517
2.811619759
4.05587244
12.1676178
8.111744881
8.111744881
4.05587244
6.621953011
0
3.310976505
9.932929039
13.24390602
0
3.090784311
12.36313725
2.704436302
0
0
0
5.710288048
0
0
0
0
5.689045429
2.844522715
2.844522715
5.689045429
3.100765228
2.713169336
5.426338673
5.426338673
8.139507294
0
4.360549927
4.983486176
2.180274963
4.360549927
0
6.440218449
7.360249519
2.146739244
4.293478489
16.84780502
19.65577316
0
0
11.2318716
0
0
2.256614685
42.98851395
1.24113822
0
5.114864826
0
15.34459591
5.114864826
15.85064507
10.56709671
0
0
0
3.490795135
0
3.490795135
6.981590271
0
12.86897945
6.434489727
6.434489727
12.86897945
6.434489727
2.894422054
0
5.788844109
0
0
0
14.50499535
14.50499535
19.33999443
0
4.377288342
0
0
8.754576683
8.754576683
0
0
6.934074402
13.8681488
0
13.8681488
29.19741821
14.59870911
21.89806366
7.299354553
0
0
8.400161743
16.80032349
0
8.400161743
7.987030029
15.97406006
0
15.97406006
0
0
0
8.590229988
17.18045998
8.590229988
0
8.899850845
0
0
8.899850845
9.746648788
9.746648788
19.49329758
19.49329758
0
0
0
0
0
0
0
0
13.30705738
0
0
0
0
0
7.619893074
30.4795723
10.90635777
21.81271553
0
0
0
6.333404064
0
0
0
6.333404064
25.33361626
0
0
0
13.00036621
0
0
0
11.99772358
0
0
4.42181921
0
4.025835514
0
5.662568569
0
18.48472786
4.621181965
0
18.48472786
0
0
10.43760204
20.87520409
31.31280899
33.53041458
0
0
11.17680454
0
0
9.502984047
9.502984047
0
9.502984047
19.00596809
12.14187908
12.14187908
0
0
0
10.2270155
30.68104744
0
0
10.2270155
8.07714653
0
0
8.07714653
8.07714653
16.09331322
0
0
0
0
9.396418571
9.396418571
0
18.79283714
0
7.953824043
0
0
0
0
7.621219158
22.863657
0
0
0
0
0
5.375864506
5.375864506
5.375864506
12.77785206
0
0
6.388926029
0
8.701855659
0
0
8.701855659
17.40371132
0
0
8.305178642
16.61035728
0
0
14.64851093
0
0
4.882836819
14.64851093
0
11.56754875
0
0
0
0
0
0
4.80272007
0
0
0
0
0
0
0
0
0
0
0
0
0
0
0
0
0
0
3.032877922
0
0
8.731539726
0
4.365769863
0
4.365769863
2.571329832
2.571329832
0
0
0
0
0
0
0
0
0
5.310240269
5.310240269
0
0
0
0
0
0
0
0
-0.5
6.9
0
0
0
0
0
0
0
0
0
0
0
0
0
0
0
2.665088654
0
0
0
0
4.038027287
0
0
0
0
4.826787472
2.413393736
0
0
0
0
0
0
4.747435093
4.747435093
0
0
0
7.252579689
3.626289845
7.252579689
4.048991203
4.627418995
4.627418995
4.048991203
0
8.325642586
0
3.642468691
0
0
0
3.888036489
0
0
0
3.688269377
0
5.532403946
1.844134688
3.957032919
0
0
7.914065838
3.957032919
0
0
3.413349152
6.826698303
10.24004745
0
0
11.43442631
15.00768566
15.00768566
3.446326017
0
0
0
3.938658476
0
6.853199005
3.426599503
0
0
0
0
0
0
0
0
0
5.527648449
5.527648449
0
11.0552969
3.159131765
0
3.159131765
6.318263531
6.318263531
11.14422512
4.875598431
0
0
19.50239372
9.566862106
8.371004105
0
0
4.185502052
0
2.879860878
5.759721756
0
0
0
7.523782253
0
3.761891127
3.761891127
0
4.472959518
0
8.945919037
15.33586216
0
0
5.211227417
0
11.91137695
0
0
0
7.360938549
14.7218771
2.719384193
0
0
0
8.15815258
9.492054939
14.23808289
4.74602747
0
0
4.100335598
20.50167847
4.100335598
16.40134239
12.30100727
4.100335598
0
10.14196396
10.14196396
10.14196396
10.14196396
8.301390648
33.20556259
0
16.6027813
16.6027813
30.91015434
10.30338478
0
0
0
16.21204185
0
0
0
0
0
0
13.93078136
0
0
0
28.89405251
0
12.64114761
0
0
6.672088146
13.34417629
6.672088146
0
0
0
0
15.17026329
0
0
19.24721336
28.87081909
28.87081909
0
0
21.03903008
0
0
10.51951504
0
0
0
0
0
0
0
0
0
0
0
0
0
19.16368866
0
0
0
0
0
0
0
0
0
0
0
0
0
12.86510372
0
0
0
7.905964851
0
0
7.905964851
0
0
0
0
0
10.93785858
32.81357574
0
0
0
0
0
0
0
33.32471466
0
11.10823822
0
0
0
0
0
0
0
0
0
0
10.05915737
0
0
0
20.11831474
11.1886425
0
33.5659256
0
0
0
14.87541485
7.437707424
0
0
5.291989803
15.87596893
0
5.291989803
0
9.835092545
0
9.835092545
0
0
14.62722015
14.62722015
0
7.313610077
7.313610077
9.545334816
0
9.545334816
0
0
11.4331274
11.4331274
0
0
0
0
0
0
0
0
0
0
0
0
0
0
0
0
0
0
0
0
0
0
0
0
0
0
0
0
0
0
0
0
17.99663925
0
10.79493141
0
0
5.397465706
0
0
0
0
0
0
0
0
0
0
0
0
0
0
0
0
0
0
0
0
6.920445442
0
0
0
0
0
0
-0.5
6.9
3.086992502
0
0
0
0
0
0
0
0
2.174289942
1.335846066
0
1.335846066
1.335846066
1.335846066
0
0
0
0
3.07501936
2.041983604
0
0
0
0
0
0
0
0
0
0
0
0
0
0
0
0
0
0
0
0
0
0
0
0
0
0
0
0
0
0
0
0
0
0
0
0
6.990617275
3.495308638
2.776479959
5.552959919
0
0
0
0
0
0
0
0
0
5.514121532
0
0
0
0
0
0
0
3.143042803
3.539144993
16.17894936
14.15657997
0
3.539144993
11.60225487
0
0
0
8.701691628
5.801127434
0
0
14.92524052
11.19393063
0
0
3.414915085
3.414915085
0
0
10.12070847
20.24141693
0
5.783262253
15.18106461
8.797289848
0
4.398644924
5.027022839
13.19593525
5.430881023
5.430881023
0
0
5.430881023
1.975525141
2.911300421
13.72470188
10.29352665
5.146763325
11.22002506
11.22002506
5.610012531
0
5.610012531
0
6.979039192
0
6.979039192
0
0
6.153954983
0
0
0
0
0
10.72682476
5.36341238
10.72682476
0
17.71762466
0
0
0
6.486392021
7.413020134
6.486392021
6.486392021
0
12.97278404
17.73056602
0
37.87893295
45.53530884
0
0
0
0
7.316993713
14.63398743
21.61697769
0
0
21.61697769
0
0
0
0
23.95799637
0
0
5.768564701
11.5371294
0
0
0
0
0
16.9338913
0
0
0
0
0
0
0
0
0
0
0
0
28.39226151
0
0
28.39226151
0
0
0
0
0
0
0
0
15.76164055
0
0
0
0
0
0
0
0
0
0
0
0
0
0
0
0
0
0
0
0
0
11.86228657
0
0
0
0
0
0
0
0
20.80099297
0
0
0
21.25235176
0
0
0
0
0
0
0
12.42969608
12.03539658
6.017698288
6.017698288
0
6.017698288
12.4588356
0
12.4588356
6.229417801
0
14.39949703
28.79899406
14.39949703
0
0
0
0
5.501893044
11.00378609
0
5.20195961
5.20195961
10.40391922
5.20195961
0
0
0
0
37.33881378
10.89048672
7.320426464
0
7.320426464
0
7.320426464
0
0
0
10.85562038
0
0
0
16.32613564
0
0
7.799173355
0
0
0
0
7.093440533
7.093440533
0
7.093440533
14.18688107
7.093440533
7.787819862
0
0
0
0
0
0
6.679724216
0
13.35944843
0
0
0
0
0
0
0
0
0
5.731732368
0
0
0
0
0
5.906522274
0
0
5.906522274
5.906522274
2.843775272
0
0
0
0
0
3.827926397
0
1.913963199
3.827926397
6.770227909
3.385113955
0
3.385113955
0
0
0
0
0
0
0
0
0
0
0
0
0
0
0
0
0
-0.5
6.9
0
0
0
0
6.142650604
0
0
0
0
0
0
0
0
0
0
0
0
0
0
0
0
0
0
0
0
0
0
0
4.698830605
9.397661209
0
6.627886295
0
0
0
0
0
1.73759532
0
0
3.475190639
3.759069681
3.759069681
0
0
0
0
0
0
0
0
0
0
0
0
0
0
0
0
0
0
5.27189827
0
0
0
0
0
0
0
0
0
7.937432766
3.968716383
0
0
0
0
0
2.887619972
0
0
0
0
0
0
2.547962189
0
0
7.643886089
2.911956787
6.955451012
6.086019039
0
3.04300952
9.12902832
4.086477757
4.086477757
8.172955513
9.340521812
8.172955513
4.53742981
4.53742981
4.53742981
4.53742981
0
0
3.638328314
0
10.91498566
0
10.12556839
10.12556839
8.859871864
0
0
0
17.8391571
0
4.847290516
19.67098236
10.88202858
5.44101429
0
12.4366045
5.44101429
7.997547626
14.15355682
10.89139938
0
4.788006306
6.719547272
0
0
0
0
9.515741348
0
0
10.87513351
21.75026703
0
0
14.26686287
0
0
0
0
10.01429653
0
5.722455502
5.007148266
27.73911858
10.86415005
16.20484352
11.04691029
4.833024025
0
0
0
0
0
0
13.80872917
0
13.80872917
0
0
0
34.00794983
0
0
28.73977852
7.18494463
0
0
0
0
14.83978653
0
0
0
0
14.43636703
0
0
0
0
11.11128139
11.11128139
11.11128139
0
11.95754242
0
0
0
0
0
0
0
0
16.53951645
0
0
0
0
0
0
0
0
0
0
0
0
0
0
0
0
0
0
0
0
11.63727665
30.06855965
0
20.0457077
0
0
0
0
11.84054565
0
0
0
0
7.77515316
0
0
0
0
0
0
0
0
0
0
0
0
0
0
0
0
18.61507034
9.307535172
21.30330086
0
0
0
0
17.66662598
0
0
17.66662598
0
0
0
0
0
0
19.35050583
9.675252914
0
0
0
0
0
0
20.44700623
6.81566906
0
16.07664299
0
0
0
7.466960907
14.93392181
0
0
0
0
11.47787571
22.95575142
10.04314137
0
0
0
16.16997719
0
0
11.44918346
0
0
0
0
0
0
0
0
0
0
3.773885727
3.773885727
0
0
0
0
0
0
0
0
0
0
0
3.665145874
0
0
3.581865549
0
0
0
4.029838562
4.029838562
0
2.014919281
0
0
0
0
0
0
0
0
5.508494854
2.754247427
0
0
2.224196911
2.224196911
0
0
0
0
0
0
0
0
0
0
0
6.176687717
0
0
2.77640295
0
2.77640295
2.77640295
-0.5
6.9
6.937939167
0
0
0
0
0
0
0
0
0
0
0
0
0
0
0
0
0
0
0
0
0
0
0
0
0
0
0
0
4.872583389
4.872583389
3.376396418
3.376396418
3.376396418
0
0
0
0
0
0
0
0
0
0
0
6.536621094
4.340655327
8.681310654
0
0
0
0
0
0
0
0
0
2.246788979
6.740366459
0
0
4.954829693
11.32532597
14.86448956
3.431242943
6.862485886
3.921420813
3.431242943
6.862485886
4.287390709
4.287390709
8.574781418
0
0
8.235290527
4.117645264
8.235290527
4.117645264
4.117645264
0
0
5.497402191
4.810226917
0
4.601341248
0
0
0
5.258675575
9.202682495
20.75726509
5.594063282
0
0
0
3.875209332
15.50083733
0
0
0
0
0
5.847937584
6.683356762
8.771905899
8.169754028
16.33950806
0
0
9.336862564
12.28712845
0
0
8.063426971
0
4.856597424
8.083678246
12.55686092
0
0
2.836905241
2.836905241
2.836905241
0
0
12.40281296
0
8.26854229
12.40281296
4.134271145
0
4.590019703
9.180039406
10.4914732
13.77005863
5.254267216
0
0
15.76280212
0
0
0
0
3.82123971
0
4.544573307
13.63371944
4.544573307
4.544573307
0
5.193798542
0
16.05904579
18.3531971
0
0
0
0
0
16.10058212
0
9.781431198
0
0
8.55875206
25.67625427
0
11.24184799
19.67323112
0
0
0
14.87629128
0
22.31443596
0
6.892282486
6.892282486
0
6.892282486
6.892282486
10.34526634
45.26054001
0
0
27.15632248
0
19.70375443
0
0
19.70375443
19.00443268
9.502216339
0
9.502216339
19.00443268
10.31844044
0
0
20.63688087
20.63688087
0
8.188816071
0
16.37763214
0
0
0
9.948163986
0
0
0
0
0
0
0
0
0
0
0
0
0
9.401595116
0
0
0
0
0
20.10907555
11.49090099
0
20.10907555
0
39.1348877
0
0
9.783721924
25.81138039
0
0
12.90569019
12.90569019
12.90569019
0
14.50674248
7.253371239
0
0
13.76157761
0
0
0
13.76157761
0
0
18.63214111
0
9.316070557
0
27.38411903
0
0
0
22.50474548
0
33.75711823
0
22.50474548
11.40467453
0
22.80934906
22.80934906
11.40467453
5.656396866
0
5.656396866
11.31279373
16.96918869
0
0
6.812660217
20.43798065
0
5.994120598
5.994120598
5.994120598
0
0
0
6.687290192
13.37458038
0
6.687290192
0
0
7.879548073
7.879548073
7.879548073
13.46538639
0
30.77802849
0
0
13.46538639
0
5.343631744
5.343631744
8.015447617
2.671815872
0
0
0
3.191534281
6.383068562
0
0
0
0
0
0
0
4.934400558
4.934400558
0
4.802503586
4.802503586
0
0
0
4.199859619
4.199859619
0
0
0
0
0
0
0
0
0
9.067245483
0
0
0
0
0
0
0
0
0
0
0
0
0
0
0
0
0
0
0
0
0
0
0
0
-0.5
6.9
0
4.886239529
0
0
0
0
0
0
0
0
0
0
1.992194891
0
0
0
0
0
0
2.780577421
0
0
0
0
0
0
0
0
0
0
0
0
0
0
0
0
0
0
0
0
0
0
0
0
0
0
0
0
0
0
0
7.990035057
0
0
0
0
0
0
0
0
0
0
0
0
0
0
0
0
0
0
0
0
0
0
0
16.60280991
0
11.06853867
16.60280991
16.60280991
0
0
4.77728796
0
7.165932178
9.484230995
0
18.96846199
0
9.484230995
0
3.081977844
3.081977844
0
6.163955688
9.245933533
0
1.565747023
0
0
0
14.23180771
0
0
0
2.846361637
0
7.592339516
0
0
11.3885088
9.21013546
9.21013546
0
0
0
4.219078064
0
8.438156128
8.438156128
4.219078064
14.89550591
0
0
9.930335999
4.965167999
5.720618248
14.3015461
0
5.720618248
5.720618248
0
0
6.498239517
6.498239517
6.498239517
0
0
0
0
0
4.60959053
9.219181061
9.219181061
9.219181061
0
11.49553394
5.747766972
0
0
0
11.49553394
18.88752556
12.59168434
0
0
12.59168434
9.027395248
0
0
18.0547905
0
0
16.11222076
8.056110382
8.056110382
0
21.0526638
14.03510952
7.01755476
7.01755476
21.0526638
7.855046749
7.855046749
0
0
0
4.530004025
0
0
4.530004025
9.060008049
0
0
0
19.37783813
0
26.99568939
17.99712563
0
17.99712563
0
0
0
0
14.08645153
0
0
0
0
0
0
0
0
0
0
0
0
0
0
0
0
0
42.87961578
0
17.15184593
0
0
0
0
5.204694748
10.4093895
0
0
0
16.19527435
0
0
0
0
0
0
0
0
0
15.62983131
0
0
0
15.86505318
0
0
0
0
0
0
0
0
6.999382973
0
0
7.311821938
0
29.24728775
4.993154526
0
4.993154526
4.993154526
9.986309052
0
9.139154434
9.139154434
9.139154434
9.139154434
0
6.502144337
0
6.502144337
13.00428867
0
7.623860836
7.623860836
0
0
15.31579971
7.657899857
7.657899857
0
0
12.93168831
12.93168831
0
0
0
0
0
0
15.77059174
0
0
12.69754982
12.69754982
6.34877491
0
0
6.613340855
0
6.613340855
0
0
10.23420334
10.23420334
10.23420334
0
20.46840668
6.031265259
0
0
6.031265259
0
0
0
0
0
0
0
0
0
12.19723701
0
0
0
0
0
0
7.724136829
0
0
0
0
0
0
0
0
0
0
0
0
0
0
0
0
0
0
0
5.937232494
0
0
0
0
0
0
0
0
0
4.564236164
0
0
0
0
0
0
0
0
0
0
-0.5
6.9
0
0
0
0
0
0
0
0
0
0
0
0
0
0
0
0
0
0
0
0
0
0
0
0
0
0
0
0
0
0
0
0
0
5.945810795
0
0
0
0
0
0
0
0
0
0
0
0
0
0
0
0
0
0
0
0
0
0
2.018095493
2.018095493
2.018095493
11.22019386
5.610096931
0
11.22019386
0
0
0
1.402642608
1.402642608
1.402642608
0
2.325097084
6.975290775
11.62548447
0
6.336338997
2.112112999
0
6.336338997
2.112112999
3.554577827
1.777288914
5.331866741
0
3.554577827
8.145825386
5.430550575
5.430550575
2.715275288
0
5.430550575
20.64757538
10.32378769
20.64757538
0
10.32378769
3.230761528
0
0
0
3.230761528
3.822097778
5.733146667
1.911048889
1.911048889
1.911048889
6.534767628
3.267383814
9.802150726
3.267383814
0
4.032044888
4.032044888
0
4.032044888
12.09613609
9.271004677
0
0
9.271004677
0
0
5.344436169
10.68887234
16.03330803
0
0
0
5.821508408
11.64301682
0
0
3.888828993
7.777657986
7.777657986
15.55531597
0
0
0
4.838245869
14.51473808
0
0
0
14.41042137
7.205210686
0
18.95463562
0
9.47731781
9.47731781
9.47731781
0
27.67344666
0
0
0
0
0
0
17.87252808
0
0
0
11.74797058
0
0
0
0
19.13433647
0
0
0
16.20941544
16.20941544
8.104707718
0
0
12.10750198
12.10750198
24.21500397
0
0
6.855541229
6.855541229
0
6.855541229
0
3.702600241
0
0
0
10.72747993
0
0
0
5.363739967
0
0
0
0
0
3.562763214
3.562763214
0
0
0
0
0
0
0
0
0
0
0
0
0
0
0
0
0
0
0
0
0
0
6.194801807
0
0
0
0
0
0
0
0
0
3.951319456
7.265329361
0
0
0
0
0
7.084038258
0
0
0
0
0
0
0
15.71715164
15.71715164
0
0
31.72310448
10.57436848
0
0
0
15.94030476
15.94030476
0
0
8.871822357
17.74364471
8.871822357
0
26.61546707
0
18.88755226
0
0
7.195258617
0
0
0
8.506327629
0
0
0
0
0
0
0
0
0
0
10.33565712
0
25.33139801
0
0
0
0
13.20080662
0
13.20080662
0
0
0
0
0
9.260267258
0
0
0
0
0
0
5.571956158
0
0
0
5.571956158
12.51821423
0
0
0
0
0
0
0
0
0
8.370177269
0
0
0
0
9.294706345
0
0
0
0
5.688616753
2.844308376
2.844308376
0
0
0
0
0
0
0
0
0
0
0
0
0
0
0
0
0
0
0
0
0
0
0
0
0
2.141283035
0
0
-0.5
6.9
4.309700012
0
0
0
0
2.015657187
2.015657187
0
2.015657187
0
1.989520431
0
0
0
0
0
0
0
0
0
0
0
0
3.257684946
0
0
0
0
0
0
0
0
0
0
0
0
0
0
0
0
0
0
0
2.453928947
0
0
0
0
0
0
0
0
0
4.707262516
2.353631258
2.353631258
1.575963974
0
1.575963974
1.505945921
3.011891842
3.011891842
0
0
4.646988392
2.323494196
6.970483303
2.323494196
6.970483303
0
2.712754011
2.712754011
0
5.425508022
8.576618195
4.288309097
4.288309097
4.288309097
0
0
3.98132658
0
0
1.99066329
0
3.809621334
7.619242668
11.42886353
0
0
0
0
4.448892117
4.448892117
0
5.897062778
23.58825111
17.69118881
17.69118881
0
5.997447491
0
8.996170998
0
8.996170998
5.831268787
5.831268787
0
17.49380684
0
0
0
2.797896862
0
0
6.845219612
10.26782894
0
6.845219612
3.422609806
10.525424
10.525424
7.016949654
7.016949654
0
21.21196747
4.242393494
4.242393494
4.242393494
0
11.51153469
5.755767345
0
11.51153469
0
11.2495575
11.2495575
5.624778748
11.2495575
0
0
7.705852509
7.705852509
0
0
0
16.60995865
16.60995865
0
0
0
0
7.724865913
23.17459869
7.724865913
0
39.01548386
0
0
15.60619354
15.60619354
0
0
11.36304188
12.98633385
0
11.29270554
0
0
22.58541107
0
11.1073103
0
0
11.1073103
0
0
43.25024414
0
0
0
0
17.35545158
15.1860199
0
30.37203979
0
0
7.119427204
7.119427204
7.119427204
0
20.03469467
0
0
6.678231716
11.80380726
5.901903629
0
0
0
0
10.19823265
10.19823265
0
0
0
0
6.60111475
0
0
6.60111475
0
0
0
0
33.01802826
0
0
0
28.99592972
0
0
0
0
0
0
0
0
0
0
6.945534706
8.673069
0
0
0
8.673069
0
0
0
0
0
0
0
5.950876713
11.90175343
5.950876713
0
23.81546402
0
11.90773201
0
0
0
0
0
0
0
7.54292202
0
0
0
0
11.43788052
0
11.43788052
13.07186413
0
0
0
0
0
0
0
12.30985928
0
0
0
0
0
0
22.31484032
0
0
4.815513134
0
14.44653797
9.631026268
0
18.72133255
18.72133255
9.360666275
0
7.057256222
14.11451244
7.057256222
0
14.11451244
0
9.575512886
19.15102577
0
0
0
0
0
0
6.883597374
13.76719475
3.966192484
0
3.470417976
3.470417976
6.940835953
0
0
0
5.025417328
0
12.32711887
0
0
0
0
0
0
0
0
0
0
0
0
0
5.566617489
1.626374006
0
1.626374006
3.252748013
6.505496025
1.50089395
0
1.50089395
3.001787901
0
0
0
0
0
0
0
0
0
0
0
0
0
0
0
0
0
0
0
0
0
0
-0.5
6.9
0
0
0
0
0
0
0
0
0
0
0
2.478039503
2.478039503
0
0
0
0
0
0
0
0
0
5.949820042
1.983273268
0
0
0
0
0
0
0
0
0
0
0
0
0
0
0
0
7.051778793
3.694444418
0
0
5.541666985
1.847222209
3.917910576
3.917910576
0
0
0
3.366935968
0
3.366935968
1.683467984
1.683467984
6.539885998
0
0
2.7908566
0
2.7908566
0
0
0
0
0
9.581406593
0
0
0
3.654236555
0
0
0
0
2.222182989
4.444365978
4.444365978
0
0
0
0
4.909592628
0
6.340145111
0
6.340145111
9.510216713
3.170072556
6.173576832
0
6.173576832
0
6.173576832
7.928713799
7.928713799
7.928713799
0
0
12.18733597
4.062444687
0
4.642794609
24.37467194
0
0
4.283720016
8.567440033
8.567440033
0
0
0
0
0
3.415816307
13.66326523
0
6.831632614
0
0
0
0
3.743685722
7.487371445
0
0
0
0
0
24.17824745
0
0
0
0
3.85284543
7.705690861
0
3.85284543
0
0
0
3.527696133
7.055392265
3.527696133
0
3.292944908
9.878833771
13.17177963
0
6.585889816
9.49054718
18.98109436
4.74527359
4.74527359
4.74527359
13.50915241
13.50915241
0
13.50915241
27.01830482
0
0
0
0
0
0
17.66481018
52.99442673
0
17.66481018
0
12.65643311
0
6.328216553
0
0
0
0
5.713449001
0
0
0
0
0
0
0
0
0
0
0
0
0
0
7.518908978
0
27.83789825
18.55859756
0
0
0
3.214183092
0
0
0
0
0
14.11914825
0
0
0
0
0
0
0
0
0
0
0
0
0
15.15561676
21.6502533
0
0
0
0
0
0
0
25.34737968
0
0
0
0
0
0
0
0
0
0
0
0
0
0
0
27.89274025
0
0
0
0
34.10632706
0
0
7.31967926
14.63935852
0
0
9.610559464
0
9.610559464
38.44223785
0
0
0
0
13.97202969
13.97202969
14.07593727
0
0
0
42.22781372
0
0
0
0
6.379649162
0
0
0
22.71800041
0
0
0
12.17830276
36.53490829
12.17830276
40.16721344
8.033442497
0
8.033442497
0
0
6.688397408
0
0
0
0
0
8.244356155
16.48871231
8.244356155
8.244356155
0
0
8.814005852
0
0
6.375019073
0
6.375019073
6.375019073
0
5.714456081
5.714456081
5.714456081
5.714456081
0
0
0
7.738233566
7.738233566
0
0
0
0
6.485939503
0
0
0
0
1.875013351
1.875013351
0
3.405256748
3.405256748
5.107885838
0
0
0
0
0
0
0
0
8.967175484
4.483587742
0
0
0
0
0
0
0
0
0
0
0
0
0
0
0
0
0
-0.5
6.9
0
0
0
0
0
0
0
0
0
0
0
0
0
0
0
0
0
0
0
0.674913287
0
4.66552496
4.66552496
0
0
0
0
0
0
0
0
2.237722397
4.475444794
0
0
0
0
0
0
0
0
0
0
0
3.838328838
7.676657677
3.053629875
0
0
0
6.10725975
0
2.239155054
0
0
2.239155054
2.857410908
2.857410908
5.714821815
5.714821815
9.029080391
4.514540195
4.514540195
0
0
0
0
0
0
0
0
0
0
0
6.472271919
17.86005592
0
0
0
0
5.323430538
7.985145569
2.661715269
0
5.323430538
1.96935606
1.96935606
1.96935606
3.93871212
7.87742424
3.93871212
10.95163536
10.95163536
0
3.65054512
0
0
0
14.6715498
0
0
0
2.983624458
2.983624458
0
2.983624458
0
0
5.220431805
1.740143895
0
0
5.606462002
2.803231001
0
0
0
14.3778553
2.875571012
8.626712799
2.875571012
2.877676725
0
0
0
0
12.33214092
0
3.083035231
0
0
8.017642021
8.017642021
0
16.03528404
8.017642021
0
0
0
6.90926981
3.454634905
0
4.763113022
9.526226044
0
4.763113022
25.17813301
0
0
5.035626411
5.035626411
10.07125282
0
0
8.206747055
16.41349411
0
0
28.05043983
0
0
0
0
0
6.727930546
13.45586109
0
0
0
0
0
0
0
0
0
0
0
0
0
0
0
23.90538979
0
0
0
0
0
32.76882172
0
0
32.76882172
21.84588242
0
9.332505226
0
9.332505226
0
0
5.011989117
5.011989117
0
0
0
0
0
0
0
0
0
0
0
0
0
0
11.02185535
0
0
0
0
0
0
0
0
0
0
0
36.75011826
0
0
0
0
0
0
0
0
0
0
0
14.236166
0
0
0
14.236166
14.236166
5.471450329
0
10.94290066
5.471450329
0
13.93140221
0
0
0
0
10.7446413
0
10.7446413
21.48928261
0
10.4836483
0
0
31.45094681
10.4836483
7.591314793
0
0
6.642399788
0
20.6534996
0
0
20.6534996
10.3267498
9.86703968
0
19.73407936
9.86703968
9.86703968
0
0
0
13.01784801
13.01784801
17.70965195
0
0
0
0
0
5.568378925
0
0
11.13675785
0
0
3.984756231
3.984756231
3.984756231
0
0
0
14.72839832
0
14.72839832
0
2.824876785
2.824876785
0
0
0
5.113629341
0
0
0
0
0
0
0
4.209108829
0
3.379953861
3.379953861
3.379953861
6.759907722
5.649981499
0
0
0
2.824990749
4.736157894
2.368078947
0
0
0
0
0
0
0
0
0
0
1.287739754
1.287739754
0
4.97982645
9.959652901
4.97982645
0
0
0
0
0
0
0
0
6.694505215
0
0
6.694505215
0
2.848164797
2.848164797
0
2.848164797
0
-0.5
6.9
0
0
0
0
0
0
0
0
0
0
0
0
0
0
0
0
0
0
0
0
0
0
0
0
1.307882547
0
0
3.793319464
1.896659732
0
0
0
0
0
0
0
3.540150881
0
0
7.080301762
0
0
5.880454063
2.940227032
0
0
0
0
0
0
0
2.711911201
2.711911201
0
0
5.423822403
6.424112797
3.212056398
0
8.632586479
0
4.31629324
0
0
3.540840387
0
7.081680775
7.081680775
10.62252045
5.625627518
11.25125504
16.87688255
0
5.625627518
0
5.433055878
5.433055878
5.433055878
16.29916763
4.110114574
0
0
4.110114574
0
4.112065315
0
0
0
8.22413063
8.22413063
2.106668472
0
2.106668472
2.106668472
0
0
3.119919538
0
3.119919538
3.119919538
0
0
0
28.87615967
0
0
0
5.782679081
6.505513668
8.67401886
9.605073929
9.605073929
14.40760994
0
9.605073929
0
0
0
13.99412251
6.997061253
0
0
8.794898033
17.58979607
8.794898033
0
6.769184589
6.769184589
13.53836918
6.769184589
0
0
0
0
0
6.112134933
6.112134933
6.112134933
6.112134933
0
0
14.09141922
0
0
0
17.84109688
5.947031975
0
0
11.89406395
23.7881279
0
0
0
8.856432915
17.71286583
7.39831543
0
7.39831543
0
14.79663086
23.9131279
0
11.95656395
11.95656395
11.95656395
0
0
0
0
0
0
0
23.86946678
0
0
4.762288094
0
0
0
9.524576187
0
0
0
0
11.29288006
0
0
0
0
0
0
0
0
0
0
0
16.66917419
0
0
8.334587097
0
7.1410532
0
0
14.2821064
0
0
0
0
0
0
0
0
0
0
0
0
0
0
0
0
0
0
0
0
0
0
0
0
0
0
0
0
0
0
0
0
0
14.64327717
29.28655434
0
0
0
0
0
0
13.75031185
0
0
0
0
6.426089287
4.930058002
0
0
0
0
0
0
0
8.076002121
8.076002121
0
0
22.53366852
22.53366852
0
0
24.82272148
0
0
8.274240494
8.882225037
0
0
0
8.882225037
11.51674366
11.51674366
23.03348732
0
23.03348732
0
0
0
11.41752338
0
0
7.393001556
0
14.78600311
7.393001556
9.064117432
0
0
0
0
0
0
0
0
22.81118584
0
15.7781086
0
10.51873875
21.03747749
5.259369373
0
0
0
0
0
0
0
0
0
0
0
0
0
3.231822252
0
0
0
0
0
8.460763931
2.781422377
5.562844753
2.781422377
0
2.781422377
12.34522724
0
0
0
0
5.55186367
2.775931835
0
0
2.775931835
0
0
0
0
0
0
0
0
0
0
0
0
0
0
0
0
0
0
0
0
0
-0.5
6.9
0
0
0
0
3.723937035
0
3.553872108
0
0
0
0
1.169234991
0
1.169234991
1.169234991
0
0
0
0
0
0
0
0
0
0.444278747
0
0
0
5.634803772
5.634803772
2.817401886
0
0
0
0
0
1.636809587
0
1.636809587
1.636809587
1.636809587
1.778041244
0
0
3.556082487
3.556082487
5.98712492
1.995708227
3.991416454
0
0
3.266969919
1.63348496
1.63348496
0
0
1.388281345
0
1.388281345
10.87825966
0
5.439129829
5.439129829
5.439129829
8.385604858
8.385604858
8.385604858
12.57840729
0
0
0
0
3.032812834
3.032812834
0
0
0
6.644013405
6.644013405
3.738381147
7.476762295
0
0
0
2.580166817
5.160333633
2.580166817
0
2.580166817
5.160333633
3.657685995
10.97305775
3.657685995
7.31537199
3.657685995
1.481457233
0
0
1.481457233
1.481457233
0
3.912940264
0
7.825880527
0
5.626234055
2.813117027
2.813117027
5.626234055
0
0
0
0
5.863029003
5.863029003
0
9.611485481
14.41722775
9.611485481
4.805742741
0
3.579770088
7.159540176
3.579770088
3.579770088
7.832311153
7.832311153
7.832311153
3.916155577
15.66462231
5.932394028
0
11.86478806
11.86478806
11.86478806
26.82526016
0
10.73010349
16.09515572
10.73010349
5.306939125
0
10.61387825
0
5.306939125
0
0
10.30757618
0
5.15378809
0
0
0
20.84375191
0
0
0
14.37932587
14.37932587
28.75865173
0
10.22521305
0
0
5.112606525
15.33782005
0
0
8.669514656
0
17.33902931
8.743602753
8.743602753
8.743602753
8.743602753
8.743602753
0
0
0
7.74450779
0
0
0
0
0
21.15625572
0
10.83159447
0
0
0
0
0
17.25514412
0
0
0
0
0
0
0
0
0
0
0
0
0
0
24.74658966
0
0
24.74658966
28.90275192
28.90275192
9.634249687
0
0
0
0
0
0
0
0
0
0
0
10.578578
0
0
3.370986938
0
0
0
0
0
0
0
15.11663055
7.558315277
0
0
0
7.558315277
30.13539124
0
30.13539124
0
0
0
20.06951141
20.06951141
0
0
0
17.77907562
0
0
11.85271645
0
0
0
0
0
0
27.29638481
0
0
13.64819241
0
11.76990128
0
5.884950638
5.884950638
0
0
15.8601017
0
0
0
0
0
26.62928581
8.876428604
21.62693024
0
10.81346512
0
5.406732559
0
0
5.680595398
34.08357239
0
6.413151264
0
0
0
6.413151264
0
0
0
18.48345757
0
0
3.870226383
7.740452766
0
0
3.870226383
2.807988882
0
2.807988882
0
0
0
0
0
0
0
0
0
0
0
0
0
0
0
0
0
0
0
0
0
0
4.196452141
8.392904282
0
0
0
0
0
0
0
0
0
0
3.050733328
0
0
0
0
0
0
0
0
0
0
0
0
0
0
0
0
0
0
-0.5
6.9
0
0
0
0
0
0
0
0
0
0
0
0
0
0
0
0
0
0
0
0
0
0
0
0
0
0
0
0
4.975201607
2.487600803
0
0
0
0
0
0
3.156521797
3.156521797
3.156521797
6.313043594
6.313043594
0
0
0
0
0
0
0
0
0
2.453506708
0
0
5.295715809
0
0
0
0
0
0
0
0
0
0
0
0
0
2.191174269
4.382348537
0
0
0
0
0
9.296620369
0
9.296620369
0
0
1.585931778
1.585931778
6.343727112
3.171863556
0
11.78049946
0
0
0
17.67074966
0
12.29502392
18.4425354
0
12.29502392
24.59004784
0
24.65439606
0
0
0
0
0
0
0
11.89775944
3.57166338
3.57166338
10.71498966
0
0
6.724439621
13.44887924
0
0
3.36221981
10.46266747
2.615666866
2.615666866
7.847000599
2.615666866
0
17.15954018
0
22.8793869
5.719846725
2.875696182
0
2.875696182
0
2.875696182
27.84229088
0
0
5.56845808
11.13691616
0
0
0
0
3.885191917
14.28853035
0
0
0
9.525686264
0
9.516435623
0
0
0
0
0
31.36332893
15.68166447
7.840832233
7.840832233
13.31396198
0
0
0
13.31396198
5.688463688
0
5.688463688
0
0
0
0
0
0
26.48358917
0
0
0
22.2527523
11.12637615
0
0
22.9844799
0
0
0
0
0
0
0
0
0
0
0
0
0
0
0
0
0
28.43712997
0
0
0
28.43712997
28.06078339
0
14.03039169
0
42.09117126
19.6083889
19.6083889
0
0
0
0
0
0
0
0
0
0
0
0
10.8527298
0
0
0
0
0
0
0
0
0
0
16.82655144
10.04781246
0
0
0
0
12.34853077
12.34853077
12.34853077
0
24.69706154
37.04559326
17.24513245
8.622566223
17.24513245
17.24513245
25.86770058
16.46195412
0
16.46195412
32.92390823
0
14.3776989
14.3776989
0
0
14.3776989
38.20003128
19.10001564
0
38.20003128
19.10001564
10.53360939
10.53360939
10.53360939
10.53360939
31.60083008
0
0
28.97066307
0
0
0
8.099955559
0
0
8.099955559
10.30085468
0
0
0
0
7.772950649
0
7.772950649
7.772950649
0
0
4.65070343
13.95210934
13.95210934
0
0
0
11.86120224
5.93060112
5.93060112
0
33.60667419
0
0
0
0
0
3.38130784
0
3.38130784
0
0
0
0
0
0
0
0
3.268557072
0
6.537114143
2.9629457
0
0
2.9629457
0
4.224524498
0
0
0
4.224524498
4.565271378
0
0
0
0
0
12.68738174
12.68738174
0
0
0
0
0
0
0
0
0
0
0
0
0
0
0
0
0
0
0
0
0
0
0
0
0
0
0
0
-0.5
6.9
0
0
0
0
0
0
0
0
0
0
0
0
0
0
0
0
0
0
0
0
0
0
0
0
0
0
0
0
0
0
0
0
0
0
0
0
0
0
3.108021736
6.216043472
0
0
0
0
0
0
0
0
0
0
0
0
0
0
0
0
0
1.379188061
1.379188061
2.758376122
2.080568075
6.241704941
2.080568075
6.241704941
4.16113615
4.523184776
1.507728338
1.507728338
1.507728338
3.015456676
5.876880646
5.876880646
2.938440323
0
0
4.259421825
4.259421825
6.389132977
2.129710913
0
5.924865723
5.924865723
5.924865723
5.924865723
0
0
0
4.611373901
9.222747803
0
13.83412075
4.616310596
4.616310596
6.924466133
0
6.924466133
3.07711482
6.154229641
3.07711482
0
3.07711482
0
0
5.919528008
8.879291534
0
0
11.14301014
0
0
0
0
17.02261925
8.511309624
0
8.511309624
0
8.49993515
8.49993515
4.249967575
0
0
0
10.9478569
0
10.9478569
0
0
2.896294117
2.896294117
0
11.19414616
0
22.38829231
0
0
5.098206043
2.549103022
7.647309303
7.647309303
2.549103022
5.029504776
5.029504776
0
15.08851433
15.08851433
6.349063873
0
19.04718971
12.69812775
6.349063873
6.349063873
0
0
20.88672066
0
0
0
0
0
10.42914009
10.42914009
0
0
32.62590027
16.31295013
0
0
16.5915947
0
0
0
11.560256
11.560256
0
23.12051201
0
0
24.59534836
16.39690018
16.39690018
16.39690018
0
9.956860542
9.956860542
4.978430271
0
0
0
0
0
0
0
0
0
27.82152748
0
0
0
7.455523968
29.82209587
0
0
15.13064671
0
0
15.13064671
21.37569046
28.50092125
0
0
7.125230312
14.25046062
0
0
11.41435242
0
0
8.514036179
8.514036179
8.514036179
0
0
0
14.53049278
0
0
0
0
0
0
0
0
0
7.122628689
0
0
21.36788559
0
11.45398617
22.90797234
11.45398617
0
0
6.562467575
6.562467575
0
19.68740273
6.562467575
0
0
5.309696198
5.309696198
5.309696198
28.95076561
0
0
0
0
0
9.066766739
18.13353348
0
9.066766739
0
20.79988861
6.93329668
0
6.93329668
9.824292183
29.47287941
9.824292183
0
0
12.58931828
0
12.58931828
0
12.58931828
19.30051041
0
0
0
9.650255203
8.807512283
0
0
17.61502457
0
15.08078289
22.62117386
7.540391445
0
0
0
0
0
0
0
0
0
0
19.08223724
0
0
0
0
0
0
0
0
0
9.050081253
0
9.050081253
13.2290926
0
0
0
0
0
0
0
0
0
0
0
0
0
0
0
0
0
0
0
0
23.79021835
7.930072784
0
7.930072784
0
0
0
0
0
0
10.44206238
5.221031189
0
0
4.506684303
2.253342152
0
0
0
0
0
0
0
0
0
0
0
0
0
0
-0.5
6.9
0
0
0
0
0
0
0
0
0
0
0
0
0
0
0
0
0
0
0
0
0
0
0
0
0
0
0
0
0
3.200736523
3.200736523
0
0
0
0
0
0
4.364685535
4.364685535
4.364685535
0
3.500889063
0
0
3.500889063
3.500889063
0
2.757051468
5.514102936
0
0
0
3.68225503
0
1.841127515
1.841127515
3.149210453
0
6.298420906
0
3.930700541
0
0
0
9.429512978
14.14426804
14.14426804
4.714756489
4.714756489
12.82829475
8.552196503
12.82829475
0
0
0
0
2.737428188
5.474856377
2.737428188
6.544272423
0
0
3.272136211
6.544272423
6.108242989
12.21648598
0
6.108242989
0
12.21648598
6.771378994
16.92844772
0
10.15706825
0
6.274588108
12.54917622
0
0
0
0
14.25440788
14.25440788
0
0
13.01029301
0
0
6.505146503
0
0
0
0
11.061656
0
0
1.163677573
0
0
0
11.72560024
11.72560024
5.862800121
0
11.72560024
5.981775284
0
0
11.96355057
17.94532585
0
0
0
5.828183174
0
0
5.345846176
0
10.69169235
0
0
0
0
3.398423433
13.59369373
0
0
0
12.01457119
0
0
8.870731354
0
0
8.870731354
8.870731354
0
0
14.68200779
7.341003895
29.36401558
48.88158798
0
0
0
12.220397
12.82012177
0
0
19.23018265
0
8.077157974
0
0
8.077157974
8.077157974
19.34360504
0
38.68721008
0
9.671802521
0
0
0
53.00035858
0
26.7733345
0
0
40.16000366
0
0
0
0
0
0
0
0
0
0
0
12.06281567
0
0
12.06281567
0
0
0
0
0
0
0
0
0
7.534731865
0
0
4.676993847
0
0
0
4.676993847
0
8.293438911
0
0
0
0
5.69118166
0
0
11.38236332
0
0
0
0
7.424761295
0
0
22.45365715
0
0
0
0
0
0
0
7.878642559
0
8.475252151
8.475252151
16.9505043
0
11.58996964
0
23.17993927
0
23.17993927
24.3987751
0
0
0
12.19938755
0
0
0
0
0
0
0
0
0
0
0
0
0
4.450108528
8.900217056
0
6.447747231
19.34324074
0
0
0
10.2176857
0
0
10.2176857
0
0
0
7.115589619
7.115589619
5.741288185
0
5.741288185
0
5.741288185
0
11.66066074
11.66066074
0
0
0
4.30948019
4.30948019
12.92844105
0
0
0
0
0
0
0
6.374252319
6.374252319
6.374252319
0
6.374252319
0
0
0
0
0
0
0
0
0
0
0
0
0
0
0
0
0
0
0
0
0
0
0
0
0
4.271609783
8.543219566
0
4.271609783
0
0
0
0
0
0
3.503805637
3.503805637
0
0
0
0
0
0
0
0
0
-0.5
6.9
1.940104008
0
0
0
0
0
0
0
3.110097408
3.110097408
0
0
0
0
2.491016865
1.220811844
0
0
0
0
0
0
0
0
0
0
6.348398209
0
0
0
0
0
0
0
0
0
0
0
0
0
0
8.250837326
16.50167465
0
8.250837326
0
0
4.05845356
6.08768034
2.02922678
6.08768034
4.94576931
4.94576931
2.472884655
0
2.472884655
2.287849665
2.287849665
2.287849665
0
4.111610413
6.167415619
0
2.055805206
0
0
0
25.55146599
19.16360092
0
15.36329651
0
5.121098995
10.24219799
3.01194191
0
3.01194191
9.035825729
9.035825729
1.907623053
0
0
0
0
0
0
0
0
6.723145008
3.361572504
6.070679665
3.035339832
9.10601902
0
0
2.239096403
0
0
0
6.717289448
0
0
0
9.776839256
6.517892838
2.198715925
6.596148491
0
4.39743185
6.596148491
3.199739695
6.399479389
3.199739695
6.399479389
0
3.182263851
0
6.364527702
0
3.182263851
11.81720161
11.81720161
0
3.939067125
11.81720161
0
1.693870187
0
3.387740374
0
0
4.500007629
0
4.500007629
4.500007629
14.06668663
0
0
0
0
13.12915802
0
4.376386166
0
0
21.97295761
0
0
0
7.324318886
0
0
6.484694004
6.484694004
19.45408249
0
15.39654732
15.39654732
0
30.79309464
15.39654732
0
32.40216446
21.60144234
0
0
8.897871971
0
4.448935986
0
0
0
11.12759113
5.563795567
5.563795567
0
0
0
9.193322182
0
0
19.47618294
19.47618294
0
9.738091469
9.738091469
0
7.719514847
7.719514847
15.43902969
7.719514847
0
0
2.031015158
2.031015158
0
0
0
0
0
0
0
0
0
0
0
0
0
0
0
0
0
0
0
0
0
0
0
5.776976109
0
5.776976109
5.776976109
0
0
0
0
0
0
31.25228119
0
0
20.83485603
0
0
0
40.31680679
0
0
0
0
0
0
0
0
0
0
0
23.19324493
0
0
0
9.401727676
28.20518303
11.69030476
11.69030476
0
5.845152378
17.53545761
0
23.38965797
11.69482899
11.69482899
11.69482899
0
10.89903545
10.89903545
10.89903545
0
6.699792862
6.699792862
6.699792862
0
0
4.707236767
4.707236767
9.414473534
4.707236767
9.414473534
6.213393688
18.64018059
0
6.213393688
18.64018059
0
7.176715851
7.176715851
7.176715851
0
0
7.991827488
15.98365498
0
15.98365498
0
0
0
13.28549862
0
13.48669243
6.743346214
0
0
6.743346214
13.48669243
12.62277508
0
6.311387539
0
0
0
0
21.83486176
0
0
6.364693642
6.364693642
19.09407997
0
0
0
7.489201069
0
0
7.489201069
3.398048639
6.796097279
0
0
0
0
3.884901285
0
0
0
0
0
0
0
0
8.46459198
0
0
0
0
0
0
0
0
0
0
0
0
0
0
0
0
0
0
0
0
0
13.6396637
0
0
0
-0.5
6.9
0
0
0
0
0
0
0
0
0
0
0
0
0
0
0
0
0
0
0
0
0
0
0
0
0
6.663434982
0
0
0.66634351
0
0
5.862333298
2.931166649
5.862333298
0
0
0
0
0
0
7.223827362
4.543943882
4.543943882
13.63183117
9.087887764
0
0
0
0
0
0
0
15.49971294
7.749856472
0
15.49971294
2.045749664
4.091499329
2.045749664
0
0
6.381146908
0
0
0
10.79569054
10.79569054
7.197126865
3.598563433
0
3.868688345
3.868688345
3.868688345
3.868688345
4.919731617
0
0
9.839463234
0
6.185025215
6.185025215
0
3.092512608
9.277537346
0
0
4.359867573
4.359867573
0
8.719735146
2.030930281
2.030930281
6.09279108
4.061860561
0
0
0
0
6.602396488
0
0
5.140951157
1.713650346
0
0
0
8.82356739
4.411783695
0
0
6.066957474
0
6.066957474
3.033478737
3.033478737
0
4.559604645
9.11920929
13.67881298
4.559604645
0
5.503902435
11.00780487
11.00780487
0
0
0
14.03142452
4.677141666
4.677141666
8.746034622
17.49206924
0
0
0
0
0
9.958276749
0
0
5.778994083
0
2.889497042
0
0
10.48786068
10.48786068
10.48786068
0
0
0
0
0
13.15566921
6.577834606
13.15566921
0
10.4821806
10.4821806
10.4821806
0
26.04358673
13.02179337
0
0
0
13.52123642
4.507079124
9.014158249
0
0
7.14785099
0
0
14.29570198
0
15.60503578
15.60503578
0
0
15.60503578
0
10.71409035
21.42818069
0
0
17.00470352
0
0
8.502351761
34.00940704
10.11077881
0
0
0
20.22155762
0
0
31.84161758
0
21.22774506
11.92231369
0
0
0
0
0
0
0
0
0
0
0
0
0
28.33498383
0
0
0
0
0
0
0
13.38669014
0
0
0
0
0
0
0
0
0
6.394007206
0
0
0
0
63.20052338
0
0
15.80013084
15.80013084
0
0
0
0
0
9.949067116
0
19.89813423
0
0
0
12.43631458
12.43631458
0
0
8.795056343
8.795056343
0
0
17.59011269
5.554271698
0
11.1085434
16.662817
0
7.493087769
22.47926331
7.493087769
7.493087769
7.493087769
12.44115162
0
12.44115162
0
0
0
18.36204147
6.120680809
12.24136162
12.24136162
0
9.946499825
29.83949852
9.946499825
0
0
0
13.0214119
0
13.0214119
0
20.51526642
6.838422298
13.6768446
13.6768446
32.71630478
0
0
0
0
0
0
4.77063179
0
0
0
0
0
0
0
0
0
3.788964987
5.717790604
0
0
0
0
0
0
0
0
0
0
0
0
0
0
0
0
0
0
0
0
0
0
0
0
0
0
0
0
0
0
0
0
0
0
0
0
0
0
0
0
0
0
0
0
0
0
0
0
-0.5
6.9
0
0
0
0
0
0
0
0
0
0
0
0
0
0
0
0
0
0
0
0
6.168337345
3.084168673
0
0
0
0
0
0
0
0
0
0
0
0
0
0
0
0
0
0
0
0
0
0
0
0
0
0
11.28102779
11.28102779
0
6.516233921
3.258116961
9.77435112
0
0
0
2.439033985
2.439033985
1.219516993
0
5.994030476
5.994030476
5.994030476
5.994030476
6.712560177
3.356280088
0
6.712560177
3.356280088
0
0
0
0
0
0
2.484057426
2.484057426
2.484057426
0
0
0
0
1.783161044
3.566322088
2.700569153
0
2.700569153
0
5.401138306
0
0
5.587350368
16.76205063
0
0
7.357398033
3.678699017
11.03609753
11.03609753
3.678699017
0
10.75697803
10.75697803
0
0
1.85224998
9.261249542
0
3.70449996
5.556750298
0
0
0
9.171570778
9.171570778
0
0
0
0
3.953678131
0
1.689773917
1.689773917
6.759095669
0
0
0
6.128208637
3.064104319
0
6.147539616
0
12.29507923
18.44261742
6.147539616
7.527385235
3.763692617
3.763692617
0
0
5.772959709
0
0
0
5.772959709
0
0
6.611393929
13.22278786
13.22278786
6.611393929
15.97166824
15.97166824
7.985834122
0
7.985834122
0
0
0
0
0
0
12.7811451
0
0
0
20.42137337
20.42137337
0
0
20.42137337
26.17140007
0
0
13.08570004
0
0
12.0375185
36.11255646
0
0
13.83493328
13.83493328
20.75239944
6.91746664
0
0
17.90384483
8.951922417
0
0
0
0
0
0
22.83427048
0
0
0
0
0
0
0
0
0
0
0
0
5.651256561
0
0
5.651256561
0
0
0
0
0
0
0
0
0
0
0
0
0
0
0
0
0
17.48180962
0
0
12.94949627
12.94949627
0
0
0
0
0
26.79893303
0
0
0
0
0
0
0
0
15.49973106
15.49973106
7.749865532
0
7.749865532
7.592013836
0
0
0
0
0
0
0
6.158305645
12.31661129
10.57680416
0
21.15360832
10.57680416
0
0
54.37998962
0
9.063332558
0
0
0
0
12.10700512
12.10700512
15.57010365
0
5.190034389
5.190034389
5.190034389
2.938003063
0
0
2.938003063
5.876006126
0
11.61727619
5.808638096
17.42591476
0
13.68313026
0
13.68313026
27.36626053
13.68313026
7.337753296
7.337753296
7.337753296
14.67550659
0
0
3.428148508
0
0
0
0
0
0
0
6.31100893
3.155504465
3.29617238
3.29617238
0
3.29617238
0
0
0
0
6.481987953
0
0
5.443598747
5.443598747
0
5.443598747
5.187769413
0
0
0
0
0
0
0
0
2.926033974
2.315701485
0
4.631402969
0
2.315701485
5.028138161
5.028138161
0
0
0
0
0
0
0
0
0
0
0
0
0
0
0
0
0
0
0
-0.5
6.9
0
0
0
0
0
0
0
0
0
0
0
0
0
0
0
0
0
0
0
0
0
3.877517223
0
0
3.877517223
0
0
0
0
0
0
0
0
0
0
0
0
7.12295866
0
0
0
0
0
4.394994736
0
0
0
0
0
0
0
9.338733673
4.669366837
0
0
14.00809956
1.471778512
4.415335655
4.415335655
2.488095522
2.488095522
2.488095522
7.464286804
4.976191044
0
0
2.668033123
8.004098892
0
0
0
5.289176941
0
2.64458847
0
0
0
0
3.848266363
4.106855869
2.053427935
2.053427935
2.053427935
0
11.16258049
0
7.441721439
0
0
3.72086072
5.040790558
0
0
0
0
5.876670361
0
0
3.917780399
0
0
0
6.928274155
4.618849277
0
0
8.803375244
13.20506382
0
0
0
1.909610271
3.819220543
0
0
9.083585739
0
0
9.083585739
0
4.080694199
0
0
12.2420845
4.080694199
5.596164227
0
5.596164227
0
0
8.803827286
0
0
0
4.401913643
0
5.624921322
5.624921322
2.812460661
0
0
5.311251163
5.311251163
0
0
4.084928989
7.395306587
3.347376823
4.084928989
1.361643076
0
9.050351143
9.050351143
4.525175571
0
0
12.01735783
0
8.011571884
12.01735783
0
0
0
0
0
0
0
0
15.77200413
0
0
0
0
0
0
0
0
0
0
15.71776867
0
0
0
15.07023144
7.535115719
0
0
7.220358372
0
0
0
0
7.128681183
3.564340591
0
3.564340591
0
0
0
0
0
0
0
0
24.31447983
0
0
0
0
0
0
0
0
0
0
0
0
0
0
0
0
0
0
0
0
0
0
0
0
0
0
0
0
0
0
0
0
0
0
0
32.00351715
0
0
0
0
0
0
11.26902008
0
12.15340233
36.46020889
0
0
0
0
0
0
0
0
0
0
7.125035763
14.25007153
9.152996063
9.152996063
45.76498032
0
0
0
25.35732651
0
0
0
0
0
27.89071846
6.972679615
0
10.67086601
5.335433006
10.67086601
0
0
0
0
0
7.936058521
0
0
11.32177162
5.660885811
0
0
0
0
0
0
3.026911497
5.164402008
5.164402008
0
10.32880402
5.164402008
0
8.021607399
2.673869133
0
0
0
0
2.541423321
2.541423321
2.541423321
0
0
2.712529182
0
5.425058365
0
0
0
3.111609459
9.334828377
6.223218918
0
7.871623993
15.74324799
0
7.871623993
0
0
0
0
0
0
0
4.789824009
0
0
0
0
0
0
0
0
0
0
5.484980106
0
0
0
0
0
0
0
0
0
0
0
0
0
0
0
6.912567616
0
-0.5
6.9
5.770987034
0
0
0
0
0
0
0
0
0
0
0
0
0
0
0
0
4.147964001
0
0
0
0
0
0
0
0
0
0
0
1.888028383
7.552113533
1.748318553
0
0
0
0
0
0
3.179398298
6.358796597
0
0
2.67247057
2.67247057
5.344941139
0
4.690722466
0
2.345361233
0
0
0
0
0
0
5.064046383
0
2.904363632
2.904363632
0
0
0
0
5.997686863
6.774452686
0
6.774452686
0
6.774452686
0
0
3.017277718
3.017277718
3.017277718
10.68722725
8.015420914
5.343613625
0
2.671806812
0
7.306820393
2.435606718
2.435606718
2.435606718
8.959256172
13.43888378
17.91851234
0
0
4.479628086
0
0
5.836087704
0
5.836087704
5.43918705
2.719593525
0
2.719593525
0
7.961452007
0
7.961452007
0
0
2.918166399
8.754499435
8.754499435
2.918166399
5.836332798
4.587920189
4.587920189
2.293960094
2.293960094
0
2.827083588
0
2.827083588
2.827083588
8.481250763
9.208899498
0
0
0
9.208899498
10.25538731
4.102154732
2.051077366
0
0
3.877985716
3.877985716
3.877985716
5.816978455
3.877985716
0
0
0
6.870198727
2.290066242
6.17932415
0
3.089662075
0
0
8.572507858
8.572507858
0
12.85876179
0
0
13.01472092
0
0
13.01472092
26.02944183
44.25106812
0
0
0
0
0
18.29282379
0
0
0
4.287264824
8.574529648
4.287264824
4.287264824
0
0
12.2587328
0
24.51746559
0
0
3.96014142
11.8804245
3.96014142
3.96014142
9.169844627
0
9.169844627
27.50953674
9.169844627
0
0
0
0
0
0
0
0
0
0
41.38418579
0
0
0
0
0
0
0
0
0
0
0
0
0
0
0
0
9.929794312
0
0
0
0
0
0
0
0
0
0
0
0
0
0
0
0
23.95304108
0
0
0
0
0
0
37.14367676
0
0
24.76245117
0
0
0
0
0
27.79535675
0
0
0
0
0
0
0
26.67945862
0
0
0
44.08436966
11.02109241
0
0
22.04218483
0
0
0
21.18533134
0
27.9374485
0
0
0
0
0
0
10.17867756
0
0
0
8.458427429
0
0
0
7.858485222
0
0
7.858485222
0
0
9.533464432
4.766732216
9.533464432
0
0
0
0
0
20.85614014
6.270235062
0
0
0
6.270235062
6.270235062
0
0
0
5.684426308
11.36885262
0
0
4.134290218
8.268580437
4.134290218
4.660921097
1.553640366
0
0
0
0
0
10.57930851
0
0
0
0
0
0
0
1.981191516
1.981191516
1.981191516
0
0
0
0
0
0
0
0
0
0
0
0
5.897223473
5.897223473
0
0
0
0
0
0
0
0
0
0
0
0
0
0
0
0
0
0
0
-0.5
6.9
0
0
0
0
0
0
0
0
0
0
0
0
0
0
0
0
0
0
0
0.571021974
0
2.619848728
0
0
0
4.097094536
0
0
0
0
0
0
0
5.645771503
2.822885752
0
4.510909557
0
0
0
0
5.307373047
2.653686523
0
0
5.307373047
4.923669338
4.923669338
4.923669338
0
0
0
0
0
0
0
0
0
0
0
0
0
2.554374456
5.108748913
0
0
0
5.811208725
0
0
11.94328403
5.971642017
5.971642017
0
6.91227293
13.82454586
3.456136465
0
6.91227293
12.69127941
12.69127941
0
0
25.38255882
0
0
8.004180908
0
0
8.004180908
0
0
0
0
0
0
0
6.907372475
20.72211647
0
8.803290367
8.803290367
0
0
0
0
4.185787678
4.185787678
0
8.371575356
3.365189791
10.09556866
6.730379581
3.365189791
0
3.927523136
0
7.855046272
3.927523136
0
2.270776272
2.270776272
4.541552544
6.812329292
6.812329292
0
0
0
0
0
0
1.953228235
1.953228235
7.812912941
1.953228235
0
4.801850796
19.20740318
0
9.603701591
0
0
14.66004658
0
0
0
4.573019981
0
0
0
4.573019981
0
21.9647522
21.9647522
0
10.9823761
0
14.45340919
0
14.45340919
7.226704597
0
0
16.29587173
0
0
0
0
32.75434494
0
16.37717247
0
0
0
0
0
0
0
0
0
0
0
16.18757629
0
0
0
7.718441963
0
0
7.718441963
15.43688393
0
4.993330479
0
4.993330479
9.986660957
0
0
0
0
0
0
0
0
0
0
0
0
0
0
0
0
0
0
0
0
0
0
10.2313242
0
0
0
0
0
0
0
0
0
0
12.59543324
0
0
0
0
16.73871994
0
0
0
0
0
0
0
0
0
0
0
0
7.357749462
0
0
0
0
0
13.97292805
0
0
13.97292805
0
9.812561989
0
0
0
0
6.146107197
0
0
18.43832207
12.29221439
5.110025406
0
15.33007717
0
5.110025406
0
0
11.74918461
5.874592304
0
18.54751968
27.82128143
9.273759842
9.273759842
0
0
0
0
11.14210892
0
0
0
0
0
0
20.16800117
0
0
10.08400059
10.08400059
0
0
8.84815979
17.69631958
0
0
0
14.68948078
0
0
0
6.682861805
6.682861805
0
0
6.682861805
2.444936037
0
0
0
0
6.22110939
0
0
0
0
0
0
0
0
0
0
0
0
0
0
0
0
0
0
0
0
0
0
0
0
0
0
0
0
0
0
0
0
0
0
0
0
0
0
0
0
0
0
0
0
0
-0.5
6.9
0
0
1.767163992
1.767163992
1.767163992
0
0
0
0
0
0
0
0
0
0
0
0
0
0
0
0
0
0
0
0
0
0
0
0
0
0
0
0
0
0
0
0
0
0
0
0
0
0
0
0
0
0
0
0
0
0
0
0
0
0
0
0
0
4.851927757
4.851927757
4.527705669
0
0
0
9.055411339
9.35164547
0
3.117215157
0
6.234430313
11.89796734
7.931978226
11.89796734
19.82994461
0
0
20.00602913
20.00602913
0
13.33735275
4.585235596
0
4.585235596
13.75570869
4.585235596
9.580893517
19.16178703
9.580893517
0
0
9.580893517
3.097442389
6.194884777
0
3.097442389
6.194884777
5.118144512
5.118144512
0
5.118144512
2.559072256
2.751257658
0
0
5.502515316
8.253772736
0
6.629308224
0
0
3.314654112
0
0
0
5.601464272
0
3.204647064
0
9.613941193
0
0
0
0
0
0
6.681824684
10.26485157
0
5.132425785
5.132425785
10.26485157
0
6.704927444
0
0
6.704927444
13.4185276
6.709263802
6.709263802
0
0
7.021846294
21.06553841
14.04369259
0
0
7.233067036
0
0
3.616533518
3.616533518
0
0
6.622066021
0
0
13.24413204
7.277506351
7.277506351
0
14.5550127
14.5550127
0
24.99536896
0
0
0
0
0
0
0
0
0
0
0
0
0
0
18.06107903
0
0
0
0
8.193670273
0
0
0
0
0
0
5.377193451
5.377193451
0
0
0
0
0
17.48080444
0
0
0
0
0
4.734043121
9.468086243
14.20212841
4.734043121
0
0
0
0
8.940711975
0
0
0
0
0
0
0
0
0
0
0
0
0
16.54066467
0
0
0
0
0
0
7.869739056
0
0
0
0
0
0
37.41873169
0
0
18.70936584
0
7.247164249
0
14.4943285
0
0
0
10.4959116
5.247955799
0
15.74386883
9.310744286
0
9.310744286
18.62148857
18.62148857
10.93708324
0
0
0
21.87416649
0
0
43.57536697
0
21.78768349
16.47352982
32.94705963
0
0
16.47352982
17.65269089
23.53692055
0
0
5.884230137
0
4.977432251
8.710507393
8.710507393
0
34.32591629
0
0
0
0
18.14221573
0
0
0
0
0
9.020438194
9.020438194
0
0
0
0
0
0
0
0
0
5.301932335
5.301932335
0
5.301932335
0
0
0
0
0
0
0
0
0
0
0
0
0
0
0
0
5.512488365
5.512488365
5.512488365
0
0
7.071101665
3.535550833
0
7.071101665
0
0
0
2.109414816
0
0
0
3.105476618
0
0
3.996940851
3.996940851
3.996940851
0
3.996940851
0
0
7.107841492
0
0
0
0
0
0
0
0
0
0
0
0
0
-0.5
6.9
0
0
0
0
0
0
0
0
2.671608448
0
0
1.898862004
0
0
0
0
0
0
3.772753716
0
7.333724022
3.666862011
3.666862011
0
0
0
0
0
0
0
7.332030296
1.828462481
0
0
1.828462481
0
0
0
0
0
0
0
0
0
0
0
0
0
0
0
0
0
0
0
3.566747665
10.700243
4.318664074
0
0
5.140176296
0
5.140176296
3.426784277
0
9.577571869
0
0
0
0
8.145413399
0
0
0
0
0
0
0
0
8.281960487
4.727630615
4.727630615
4.727630615
7.091445923
0
2.615056038
2.615056038
2.615056038
5.230112076
7.845168114
0
13.01674557
0
13.01674557
4.338915348
0
0
0
11.80745411
11.80745411
0
4.062343121
8.124686241
0
0
12.18702888
8.666572571
0
12.99985981
4.333286285
8.666572571
8.363992691
0
0
0
12.54598904
0
0
0
0
0
-0.5
6.9
0
0
0
0
0
0
0
0
0
0
0
0
0
0
0
0
0
0
0
0
0
0
0
0
5.663393497
0
0
0
0
0
0
0
0
0
0
0
1.271853566
1.271853566
0
0
0
0
0
0
0
0
0
0
0
0
0
0
0
5.293919086
7.940878391
7.940878391
7.311225414
0
1.827806354
3.803226471
0
0
0
7.606452942
0
3.31823349
6.63646698
6.63646698
6.63646698
10.52332592
5.26166296
0
5.26166296
5.26166296
0
4.172385216
2.086192608
2.086192608
4.172385216
0
12.01922226
6.00961113
3.004805565
0
0
0
0
0
0
0
0
0
0
4.485615253
8.971230507
1.392462611
0
0
2.784925222
4.177387714
0
0
0
4.637937546
6.956906319
6.027396202
0
6.027396202
0
9.04109478
0
6.742287159
0
0
3.371143579
3.08276844
0
3.08276844
3.08276844
3.08276844
6.326782227
6.326782227
3.163391113
0
6.326782227
5.084957123
0
10.16991425
0
5.084957123
38.67052078
0
23.20231247
0
0
5.886013031
17.65803909
0
0
0
0
0
0
0
6.077453613
0
0
0
3.194914103
6.389828205
0
3.024895191
3.024895191
0
0
0
10.38384151
0
10.38384151
10.38384151
20.76768303
9.04351902
0
0
0
18.08703804
7.351647854
7.351647854
0
7.351647854
7.351647854
0
0
14.2480402
0
0
7.093552589
7.093552589
14.18710518
7.093552589
14.18710518
7.059552193
0
0
0
14.11910439
0
0
9.051836967
4.525918484
4.525918484
5.772033215
5.772033215
5.772033215
11.54406643
5.772033215
24.55760765
0
0
0
0
0
0
0
4.862786293
4.862786293
0
10.26846981
0
0
0
0
0
0
0
0
0
0
0
0
0
0
0
0
18.76656532
0
0
0.386283845
1.265029788
1.829092145
3.970696211
7.232737064
22.67405891
15.11603928
7.558019638
0
0
0
0
0
0
10.27794266
5.138971329
0
0
10.80383015
32.41149139
10.80383015
0
13.51583004
13.51583004
0
0
15.675807
0
15.675807
0
0
4.703700066
4.703700066
14.11110115
0
0
9.293961525
18.58792305
18.58792305
0
18.58792305
9.176979065
18.35395813
0
0
9.176979065
8.91977787
0
13.37966633
8.91977787
8.91977787
8.932806015
0
8.932806015
0
0
4.028423309
12.08527088
0
0
12.08527088
15.59099293
0
0
0
0
0
5.781559467
2.890779734
2.890779734
0
0
0
5.319765568
10.63953114
0
0
4.43253088
0
0
0
4.43253088
4.405421734
4.405421734
0
0
0
0
0
0
0
0
0
0
0
10.09245872
0
0
0
0
0
0
0
0
0
0
0
0
0
0
3.962038994
0
0
0
0
0
0
0
0
0
0
0
0
0
0
0
0
0
0
0
0
0
0
0
0
3.083333731
0
0
