19790101
0.19
0
0
0.031
0.092
0.027
0.076
0.014
0.031
3.157
0.378
0.191
0.189
2.427
0.122
0.041
0
0.021
0.027
0.003
0.017
0.038
0.003
0.007
0
0
0.045
0.072
0.057
1.657
0.148
2.973
4.53
0.458
3.141
0.287
0.055
0.055
0.103
0.318
0.446
0.108
3.018
4.125
5.026
1.003
0.476
11.01
2.103
0
0.007
0.014
0.391
0
0.034
0.215
0.318
1.023
0.117
3.258
8.417
12.226
1.593
0.113
0.058
1.25
0.115
0
8.724
3.466
8.26
0.336
1.16
0.124
1.377
2.275
1.009
0.072
11.982
3.62
9.081
10.688
1.528
6.077
8.484
1.353
1.432
1.528
13.836
0.875
15.031
22.869
34.171
9.404
4.243
4.837
4.782
3.749
0.903
0.021
0.172
0.12
0.518
0.062
0
12.624
4.099
4.765
5.229
7.138
6.581
2.805
3.371
7.375
7.141
6.671
8.199
1.202
4.807
3.989
18.735
8.257
25.632
6.3
3.969
10.681
6.633
6.714
0.168
0
8.854
13.688
6.094
7.114
3.519
17.027
10.729
5.809
0.24
3.45
8.631
1.847
3.238
3.169
2.891
9.002
1.306
3.529
3.866
4.127
4.137
6.69
7.045
2.965
15.214
18.426
6.563
3.193
8.621
7.531
5.263
15.254
7.555
11.022
1.936
7.126
6.901
0.196
0.489
7.086
7.51
1.995
8.707
7.416
2.965
10.36
13.657
1.602
13.511
9.112
4.843
1.023
0.083
0.024
0.585
2.043
5.418
0.881
1.409
2.303
1.439
4.542
1.725
1.892
2.017
4.935
2.74
8.628
3.426
6.433
5.888
13.012
5.558
9.864
10.198
9.452
11.168
9.323
4.209
0.491
12.536
13.812
8.18
5.553
3.457
4.056
2.142
3.658
1.404
4.17
0.887
1.068
0.942
4.201
3.448
4.789
1.916
1.469
1.207
2.517
1.725
0.604
11.286
1.287
5.969
0.508
4.589
0.867
9.795
8.691
5.876
3.076
3.105
3.232
0.75
10.353
2.443
1.917
0.784
1.188
3.5
10.09
2.973
22.526
34.356
7.787
5.279
12.044
11.915
0.433
6.041
9.802
6.834
14.74
14.771
35.158
6.223
15.194
6.81
1.555
5.672
9.572
0.469
4.377
1.48
3.522
9.848
0.179
8.085
20.58
0.851
4.285
10.78
1.974
1.04
4.48
2.712
2.032
4.619
1.83
1.607
6.63
5.304
0.711
0.594
1.96
0.748
5.758
2.546
0.56
2.403
5.067
1.171
2.927
7.819
1.947
2.209
5.215
6.684
5.569
10.816
5.801
2.407
8.286
2.321
1.936
4.393
2.692
5.079
0.235
0.017
0.178
5.461
15.674
2.187
6.103
0.441
0.029
0
1.384
8.207
5.658
4.954
3.433
3.27
1.44
0.137
0.127
0.003
0
0
0.124
0
0
0
0
0
0
0.113
0
0.021
0.024
0
0.577
2.041
1.475
0.214
0.144
0
0
0.889
0.086
0
0.187
0.029
0.01
0
0.027
0
0
0.402
0.233
0.003
0
0
2.149
0.216
0.748
1.081
0.165
0
0
0.282
1.26
0.299
0.113
0.031
0
0
0
0.058
0.021
0.027
0.007
0.079
0
0.003
0
0
0.065
0.294
0
0
0.165
0.01
1.917
3.959
0.991
2.426
3.722
0.345
0
0.031
0.048
0.623
8.226
0
0
0.021
0.024
0.017
0
0
0.112
0.887
0.154
0.074
0.038
0
0.377
4.942
8.134
5.141
0.711
0.003
1.856
5.68
0.369
2.26
0.92
21.868
14.938
2.738
0.136
0.414
0.707
3.67
1.473
7.165
1.081
0.12
0
5.933
10.211
0.318
0.038
0.714
9.925
7.852
9.119
0.137
3.595
2.729
0.137
3.152
1.033
0.398
0.124
14.811
7.896
1.394
2.074
6.43
8.166
6.509
4.817
3.2
0.628
14.196
3.316
0
0.12
11.46
13.256
0
0
0.661
7.541
2.218
6.436
3.62
0.687
6.125
4.765
8.001
0.038
3.799
13.01
3.728
4.28
1.808
7.036
7.064
9.358
5.291
1.262
12.555
9.404
9.876
3.068
2.34
3.304
5.613
14.536
5.998
7.172
7.1
9.61
7.613
9.483
1.644
3.184
2.932
4.53
11.921
7.574
7.649
5.503
4.433
0.572
1.838
13.216
1.82
9.296
1.262
9.92
27.809
5.505
0.869
1.301
2.85
0.524
8.607
3.668
0.879
0.251
1.499
1.973
2.11
0.666
0.026
0.127
5.256
3.01
3.084
14.428
13.475
0.23
1.258
0.172
0.194
0.295
0.398
1.076
2.256
0.397
0.589
7.395
1.214
4.314
11.155
3.009
4.329
7.215
7.095
2.763
12.887
3.044
2.554
0.604
0.076
0.343
0.336
0.206
0.137
0.647
7.982
11.481
2.929
3.317
2.578
2.565
0.566
3.207
6.636
0.893
2.05
3.076
15.734
1.665
10.166
4.213
12.003
5.267
7.457
9.225
3.91
0.621
1.562
3.279
4.492
13.297
87.237
5.878
4.717
7.79
4.789
14.006
9.407
12.255
3.916
16.256
33.704
2.506
0.664
8.883
2.481
1.14
8.937
28.588
12.239
7.096
5.322
7.162
11.954
6.285
7.09
5.267
2.719
3.728
9.064
2.348
38.418
28.269
9.644
2.534
0.446
4.625
2.201
3.179
1.274
5.201
2.173
1.672
10.471
2.338
7.327
15.815
1.287
5.234
9.253
3.184
6.219
0.845
2.057
4.116
4.908
8.01
6.81
12.571
1.387
4.065
5.014
4.044
5.843
3.648
1.236
6.343
2.075
0.836
1.278
0.173
0
4.364
4.307
4.195
1.076
1.432
2.81
3.76
3.635
0.348
4.19
1.411
0.282
2.959
0.439
0.245
1.672
0.373
2.256
2.942
4.54
0.47
0.724
3.248
0.371
8.405
1.377
0.81
0.764
0.436
0.065
0.079
0.144
0
0.041
0
0.704
0
0
0
0
0
0
0
0
0
0
0
0
0.295
0
0
0.611
0
0
0
0.065
0
0
0.518
1.25
0.096
0.007
0
0.161
0.041
0.089
0
0
0.058
0.776
0.076
0
0
0
0
0
0.062
0
0
0
0
0
2.008
0.357
0
0
0.409
0.158
0.177
0.065
0
0.072
0.051
0
0.13
0.354
5.74
3.548
13.005
0.223
7.072
4.132
0.381
0.91
0.522
2.929
0.247
0.144
0.982
4.024
40.982
23.032
1.586
6.441
2.8
8.544
2.118
3.183
10.763
10.298
0.031
19.778
74.579
0
4.915
6.324
15.521
2.729
0.16
10.689
7.222
3.109
4.461
3.828
3.704
6.793
2.743
0.716
15.949
46.04
3.91
0.46
0.127
16.861
12.761
0.364
6.769
11.783
17.712
8.95
0.003
0.611
0.92
0.072
0.014
2.668
2.822
2.448
0.419
11.735
4.491
0.807
0.323
4.034
9.311
1.068
15.868
15.123
3.753
12.971
12.251
6.449
9.709
8.29
7.567
12.126
9.179
13.786
2.338
3.56
2.939
1.578
4.005
3.002
4.101
8.015
5.457
20.165
12.852
9.241
16.016
2.85
9.979
5.848
2.539
3.895
2.875
3.102
2.594
1.475
0.216
12.868
2.688
1.657
3.244
5.586
2.949
2.029
12.401
7.11
1.538
11.924
9.508
0.254
2.029
9.376
5.315
23.82
9.441
9.261
5.373
11.518
7.241
9.888
2.458
4.576
6.345
4.261
0.769
3.08
4.12
0.264
9.798
1.325
11.946
3.316
13.963
10.035
2.396
2.834
1.023
1.14
13.403
4.882
3.744
0.97
1.432
1.923
1.215
1.833
1.876
4.815
6.719
0.275
3.624
5.418
1.998
0.227
1.782
0.288
4.662
2.022
12.377
7.114
9.45
5.981
2.304
12.76
6.684
14.107
0.488
7.306
9.239
0.326
0.354
9.177
2.091
7.649
5.885
1.212
3.02
0.233
1.796
1.342
2.829
2.008
0.948
2.046
3.869
5.981
7.771
9.5
3.145
6.049
4.175
7.452
13.081
5.201
16.146
22.539
5.938
4.443
2.305
5.071
2.002
17.07
36.172
6.523
14.825
16.593
5.273
7
8.168
2.973
8.83
10.612
9.435
2.012
9.853
0.326
6.087
13.225
2.362
11.225
8.604
4.314
2.841
1.696
19.101
15.934
6.46
0.759
11.508
6.207
10.44
3.337
7.615
4.772
0.079
1.366
4.037
5.471
3.09
4.707
5.368
4.865
2.637
2.714
4.283
4.745
1.346
3.612
1.868
1.94
0.275
2.218
0.663
0
0.1
0.319
5.397
0.268
0.244
0.518
0.172
0.426
0
0.093
0
0
0.278
0.247
0
0
0
0
0
0
0.086
0
0.096
0
0
0
0
0
0.01
0
0.419
0.038
0.11
0.096
0.192
0.978
0.463
0.134
0
0
0
0.429
0.68
0.051
0.072
0
0
0.048
1.03
0.213
0.093
0.711
0.062
0
0
0
0
0.021
2.496
0.302
0
0
0
0
0
0
0
0.069
0.014
0.185
1.39
0.11
4.305
1.778
3.718
6.53
0.185
0
0
0
0
0
0
0
0
0.051
0
0
0.083
0.993
0.233
0
2.278
0.196
0
0
0
0
0
0.628
0.252
3.902
2
5.364
7.4
3.141
1.608
9.876
0.479
0.033
0.01
0.034
0.242
3.728
0.706
0.007
0
0
0
0
0
0
1.679
0.737
0.506
1.152
7.234
0.591
4.63
1.425
1.706
1.507
25.186
1.869
1.413
7.505
29.16
1.272
0.771
1.365
0.093
0.309
0.76
0.548
0.845
0.038
0.136
0.022
1.648
0.215
1.941
0.215
3.023
9.941
4.873
5.052
4.087
1.111
3.564
1.289
0.086
0.446
11.089
10.961
5.703
6.182
7.054
1.598
8.152
7.938
10.677
4.585
3.019
0.324
14.735
4.834
4.199
5.668
0.227
0.869
1.401
6.897
3.615
57.242
0.117
0
6.159
1.191
6.35
0.233
0.021
0
5.013
4.422
0.766
0
2.571
4.192
4.82
8.844
6.794
10.14
1.596
4.504
8.964
6.717
5.443
9.747
1.087
9.27
9.917
3.804
2.341
2.534
5.569
15.183
5.313
13.146
8.758
2.656
3.682
1.334
8.465
9.555
4.449
1.488
7.292
4.985
2.283
2.233
16.596
9.441
1.927
7.03
9.022
4.474
0.841
0.313
4.724
5.569
4.448
5.033
5.991
4.665
4.904
0.93
5.121
7.179
16.728
11.922
8.889
4.482
10.959
6.666
5.746
8.01
7.155
3.21
3.718
0.931
0.319
0.058
0.01
2.758
0.457
0.449
13.012
3.819
4.287
0.803
0.76
0.373
1.67
0.076
0.849
1.834
0.136
4.293
6.635
4.843
2.525
0.958
14.651
10.379
2.571
3.478
0.431
0.187
0.925
5.721
2.805
0.515
4.854
26.693
0.699
2.212
7.641
6.084
12.839
24.684
16.253
12.856
3.28
7.448
1.148
0.021
12.902
12.599
11.25
6.775
4.753
11.946
10.749
3.507
7.907
2.693
5.378
20.472
3.667
5.519
7.893
9.256
2.261
4.916
1.068
0.947
7.431
6.757
6.923
4.566
8.877
3.541
0.36
12.334
22.313
10.693
3.205
6.739
16.764
2.805
1.497
8.265
13.414
5.233
6.82
1.016
0.898
2.007
1.269
7.357
8.223
2.439
4.243
1.269
3.278
5.976
2.918
7.835
6.437
3.152
4.712
2.28
2.417
1.943
14.27
14.905
4.422
0.834
1.967
0.082
0
0.282
2.52
1.428
1.531
0.41
0.158
0.46
1.679
0.515
0.124
0
0
0
0
0
0
0
0
0
0
0.177
0
0.038
2.796
2.589
0
0
0
0
0
0.071
0.007
0
0
0
0
0.007
0.041
0.051
0.047
4.285
3.402
0.522
0
0.299
0.026
0.039
0.077
0
0
0
0
0
0
0
0
0
0
0
0
0
0
0
0
0
0
0
0
0
0
0
0
0
0
0
0
0
0
0
0
0
0
0
0
0
0
0
0.053
0.01
0.409
0
0
0
0.589
0
0
0.596
0.05
0.537
0.565
0.034
0
0.112
0.263
0.072
0
0.149
0
0
0.285
0
0.003
0.01
0.041
0
0
0
0
0
0
0
0
3.667
0.323
0.47
0.045
0
0
3.433
0.299
0
0.597
0.165
0.043
4.304
2.39
1.48
2.716
8.717
5.648
0.742
0.336
0.875
0.632
0.512
5.404
4.695
0.683
0
0.625
0.048
0
0
0.045
0.01
0.755
0.968
6.921
0.882
0.089
0.405
0.889
0.347
0.117
1.291
0.154
1.861
0.055
2.994
1.854
1.188
0.295
0.553
1.174
1.123
0.872
4.096
0.354
0.549
0.33
0.872
1.102
1.085
8.161
7.824
5.964
6.485
5.376
0.707
5.534
7.096
0.757
8.264
4.934
7.66
5.222
4.93
1.869
5.582
11.912
4.213
0.433
3.529
4.02
4.024
3.454
5.864
7.581
13.427
35.98
14.694
12.48
0.863
14.313
16.541
1.36
7.208
3.778
8.968
19.82
3.423
0.834
3.952
4.952
8.968
0.488
7.598
9.649
0.254
0.453
4.288
5.098
0.306
0.584
1.504
1.303
1.675
8.868
7.982
3.749
3.456
3.016
0.388
2.578
0.731
0.192
41.961
0.227
0.295
0.762
2.805
3.011
8.659
0.803
3.212
4.168
0.333
0.434
0.656
0.415
0.8
0.041
0.216
3.77
0.168
1.433
9.761
4.116
7.1
0.021
0.045
0.673
0.46
0
0.491
0.311
0.275
0.326
0.223
1.157
11.975
2.681
1.25
0.924
1.936
6.245
8.236
0.76
2.441
1.435
2.527
0.354
1.794
0.316
4.255
0.276
8.302
6.707
0.554
0.338
0.062
2.156
8.36
1.061
8.15
1.763
3.811
6.936
2.523
1.297
6.77
5.727
5.175
6.873
7.211
3.929
6.705
5.795
1.481
6.196
7.337
5.627
2.106
1.665
0.52
7.249
7.1
2.629
4.098
0.803
0.007
0
0
0.528
14.921
45.487
0.053
0.201
0.142
0.477
0.051
7.757
2.921
2.637
1.136
6.352
0.026
2.755
0.242
0.057
9.496
2.661
0.137
1.023
0.122
0
3.121
0.724
0.261
1.083
0.18
0.385
0.027
0.271
0.058
0.512
0.053
10.717
3.268
0.134
0
0.089
0.069
0
0.003
0.647
0.048
0
1.727
1.36
5.095
2.547
1.554
1.179
2.166
8.892
6.774
0.659
0.196
0.419
0.021
0.058
4.037
3.993
3.574
2.204
0.175
0.233
0.021
0.23
0.227
0.096
0.498
0.058
0
0
0
0.436
0.045
0
0
0.051
0.014
0
0.051
0.048
0
0
0
0
0
0.223
0.055
0
0.045
0.027
0
0
0
0
0
0
0
0
0
0
0
0
0
0
0
0
0
0.328
0.046
0
0
0
0
0
0
0
0
0
0
0
0
0
0
0
0.124
0.702
0.058
0
0
0.014
0
0
0.014
2.554
1.792
0.124
0.24
6.842
3.148
0.22
2.101
0.731
0.062
0.268
0.409
1.974
23.373
4.374
6.643
5.548
0.549
3.728
28.486
12.112
4.216
0.378
0.518
4.882
0.371
1.171
14.474
0.824
0
0
0
0.003
0
0
0
0.553
0.889
77.66
15.686
4.086
39.808
94.558
0.247
3.004
0.22
0.007
0.302
0.391
0.851
0.982
0.1
3.279
0.7
2.983
0.22
2.087
0
7.999
0.797
0.182
0.079
0
0
0.92
0.426
0
0.101
0.333
1.792
0.122
0
0.294
0.125
0
12.507
0.039
2.319
13.431
1.382
0.525
7.775
1.995
1.804
0.695
0.1
0.062
5.903
3.167
1.305
7.126
0.58
0.966
0.187
0.712
0.591
4.467
3.25
0.288
0.062
9.857
1.792
0.391
11.752
4.161
5.776
1.181
0.275
30.121
28.801
2.125
9.301
11.058
5.713
5.268
11.951
7.153
12.758
2.053
2.971
5.356
2.709
4.417
11.288
0.556
2.644
11.738
3.722
1.703
9.428
8.267
4.503
5.651
2.304
6.554
6.63
16.73
8.865
2.206
6.563
6.451
29.862
1.442
3.485
3.65
8.305
4.075
11.088
1.94
6.362
6.41
2.458
0.517
3.646
4.223
3.45
17.154
6.863
16.213
9.454
4.142
8.45
10.131
0.228
3.502
10.542
13.941
7.905
1.593
4.772
12.166
4.45
11.898
14.637
6.743
9.064
8.485
12.942
19.853
7.383
9.153
2.058
8.652
7.52
9.979
3.545
10.641
21.289
0.47
0.072
1.823
6.565
3.215
4.451
2.087
4.626
15.692
1.305
16.328
17.475
18.275
18.024
20.041
3.967
4.673
69.013
12.425
17.142
5.529
3.212
3.862
6.839
6.916
4.19
5.746
4.973
11.002
3.881
7.088
12.828
17.231
12.89
6.297
15.05
3.563
3.337
2.989
11.96
15.13
8.419
10.206
7.149
3.347
2.147
67.587
16.48
9.563
5.664
6.339
0.644
4.065
5.062
0.46
0.391
7.972
6.139
3.987
2.927
4.853
0.369
0.179
0.831
0.101
0
0.017
2.352
2.819
0.003
5.902
3.268
0.079
1.265
6.822
0.034
0.554
0.594
2.125
7.531
0.003
0.548
0.221
0
0
2.093
0.567
2.077
0.245
1.305
0.115
0
0.003
0
0.048
0
0.017
0.35
0.278
0.034
0.003
0.062
0.084
0.093
0
0
0
0
0
0
0
0
0
0.06
0
0
0
1.538
0.637
0.482
0.036
0
0
0.027
0
0
0
0
0
0
0
0
0
0.891
3.176
0.817
0
2.108
1.624
3.759
0
0.089
0
0
0
1.023
0.137
0
4.072
0.395
0.079
0.141
1.71
0.608
0.086
0
0
0
0.122
0
0
0
0
0
0
0
0
0
0
0
0
0
0
0
0
2.35
0.216
0.191
6.346
8.892
1.068
0.973
0.112
0
0
0
0.024
0
0
0.1
4.982
5.026
5.414
6.787
1.205
7
3.052
8.974
5.998
14.272
0.134
5.744
5.915
7.514
0.01
1.49
8.137
1.397
6.01
6.551
2.424
0.424
4.728
9.719
5.194
0.906
1.682
16.335
0
0
0.834
15.841
29.807
0.003
2.223
7.622
8.271
0.23
1.96
7.464
0.889
3.959
19.875
5.404
0.034
0.563
0.93
6.908
1.38
8.631
9.232
2.015
36.66
3.632
6.242
0.007
0
2.309
5.179
18.201
16.001
2.254
1.904
11.603
5.956
12.282
24.076
15.767
8.71
1.555
33.029
9.186
4.705
8.957
0.568
3.062
2.01
3.783
4.535
5.134
49.226
7.841
1.421
7.876
1.488
9.218
0.851
0.865
5.284
6.945
0.01
4.716
7.701
9.548
8.861
9.992
11.282
0.316
9.868
8.809
1.554
7.975
11.51
2.335
8.483
6.01
0.338
5.915
6.944
2.623
10.616
6.441
1.099
3.946
55.531
33.501
2.074
2.412
8.902
5.754
6.224
8.236
2.846
0.633
2.513
2.341
11.256
9.065
11.93
0.56
1.243
1.243
12.198
5.83
0.724
5.102
4.24
0.021
0.027
8.815
10.08
9.263
20.98
2.906
17.331
2.16
4.463
7.9
7.059
6.932
8.274
11.912
12.315
13.144
25.198
10.733
13.568
13.523
5.912
9.984
9.829
4.987
10.373
29.412
6.487
11.638
7.214
17.896
8.937
4.7
5.62
10.034
10.426
8.446
3.675
7.157
12.186
10.233
3.078
0.748
6.049
3.6
5.122
11.814
6.274
13.778
4.446
7.242
21.649
15.048
8.115
14.56
11.961
8.769
27.541
7.591
13.795
5.043
0.508
40.178
18.098
9.376
9.422
17.8
8.207
4.292
5.588
10.682
5.666
7.891
3.176
2.693
2.286
5.463
0.453
2.261
5.434
6.23
7.453
2.884
0.815
3.121
1.96
5.371
1.43
4
0.699
4.381
3.638
3.971
5.63
5.978
14.498
9.035
8.152
11.647
6.727
0.374
0
0
2.657
7.69
6.581
1.744
52.291
1.452
5.116
3.241
5.088
5.943
5.188
6.218
3.941
3.972
12.387
3.605
4.156
1.277
1.136
0.12
0.968
0.731
0.618
2.692
1.057
0.261
1.689
0.106
0
0.045
0
0
0
0
0
0
1.456
1.064
0.903
0.237
0
0
0
0
0
0
0
0
0
0
0.185
0
0
0.144
0
0
0
0
0
0.124
0
0.041
0.278
0
0
0
0
0
0
1.871
0.117
0
0
0
0.048
0
0
0
0
0
0
0
0
0
0
0
0
0
0.209
0.076
4.116
0.645
0.573
4.264
0.436
3.691
7.977
0.117
0
0.209
0.079
0.728
12.494
0.357
0.694
1.875
3.124
0.474
1.085
0.021
0.707
0.065
0.024
2.86
1.36
21.938
2.87
0.529
1.44
0.179
0.769
0.086
1.772
12.032
5.091
0.172
3.483
1.09
9.653
0
0
0.053
11.86
3.085
0.07
0.335
0.054
1.013
1.796
6.145
5.854
0.398
3.471
1.171
0.723
2.381
0.223
0.946
0.082
0.048
4.041
2.815
3.471
3.643
0.597
0.007
2.455
2.252
3.062
2.139
2.046
2.008
1.816
0.127
0.007
2.915
2.451
3.938
0.518
0.999
0.354
2.468
2.575
0.886
7.072
4.906
0.68
3.653
5.73
2.887
27.342
17.499
0.196
0
4.961
1.869
1.049
0.35
11.137
4.364
0.295
0.872
3.663
9.713
15.364
1.775
0.158
1.291
6.063
0.534
5.953
11.048
6.906
27.936
4.144
3.869
1.617
-99
1.284
-99
0.446
0.13
0.206
0.01
5.152
27.473
0.333
2.757
5.011
5.112
2.448
10.78
7.11
0.893
4.443
7.771
6.224
1.023
6.36
8.877
0.573
0
0
0
0.1
0
0
0
2.173
14.049
8.02
9.328
3.787
12.614
4.437
3.037
9.781
6.235
5.383
4.916
9.277
7.484
5.883
4.249
5.799
5.311
0.194
0.017
14.188
3.615
0.326
3.56
3.04
6.753
1.493
3.083
1.157
0.681
1.851
1.353
7.467
0.36
1.864
6.307
2.108
6.729
8.676
12.197
1.147
1.095
1.366
2.046
5.503
1.339
0.331
2.019
17.884
12.548
7.162
16.157
2.345
3.157
10.078
0.987
1.727
16.208
12.873
1.83
4.913
3.354
5.227
5.224
1.142
1.717
8.774
14.341
0.99
0.031
6.503
2.214
11.004
32.007
9.393
7.187
9.015
10.696
12.181
9.58
10.752
8.671
4.214
1.348
4.887
0.906
2.293
20.465
5.994
5.399
9.745
13.662
4.419
11.961
1.162
7.169
3.117
3.519
18.945
9.27
0.628
10.337
1.457
5.28
1.219
4.71
1.631
1.603
0.257
2.094
4.834
18.213
1.253
1.899
3.298
0.625
2.784
4.963
1.401
7.553
8.295
13.75
3.971
9.484
3.766
8.258
5.594
4.76
0.426
6.815
2.147
6.612
3.502
0.667
0.045
0.065
0.051
0.096
0
0
0
0.077
0.003
0.014
0.62
3.037
0.597
0
0
0
0
0.034
0.606
0.7
0
0.132
0.161
0.093
0
0.069
0
0
0
0
0
0
0
0.003
0.079
0
0
0
0.137
0.026
0
0
0
-99
-99
-99
-99
-99
-99
-99
-99
2.908
0.278
0.003
0.027
0
0.065
0.007
0.01
0.058
0
0.065
0.01
0.003
0.01
0.051
0
0
2.036
0.769
1.308
0.148
0.007
0
0
0
0
0.045
0.309
0.141
0.165
0
0
0
0
0
0.007
0.403
0.326
2.156
1.408
0.191
0.479
4.499
1.821
10.699
25.057
13.263
2.838
1.819
0.141
0.245
0.621
0.064
1.967
4.406
2.292
1.255
1.929
6.748
0.706
0
0.137
1.993
0.834
0.118
1.776
0.147
2.663
14.585
1.384
0.093
0
0
4.231
5.632
0
0
0.81
0.736
2.329
4.336
6.451
0.512
0.088
0.027
6.207
5.524
6.621
1.492
0.163
7.529
25.413
10.574
11.1
20.582
0.374
3.289
5.16
0.525
0
0
0
2.103
5.669
0.432
5.708
4.235
4.007
15.13
1.267
0.079
0.086
0.034
4.479
1.13
44.785
66.793
14.916
4.934
5.891
7.22
1.792
6.334
0.772
3.018
0.735
0.409
2.06
6.2
2.146
0.944
18.141
15.443
0.889
0.245
6.111
3.32
1.964
4.525
5.356
5.933
7.066
6.386
12.253
4.154
0.172
14.09
5.864
9.005
11.436
9.362
3.438
3.478
6.351
6.118
2.122
4.625
0.175
3.773
18.926
2.894
7.155
4.949
9.071
4.71
12.494
0.182
3.468
3.648
13.736
2.493
4.803
5.2
5.356
33.247
0.345
9.991
23.911
3.579
3.746
5.933
0.336
0.666
10.389
0.448
4.165
1.959
10.176
4.463
2.429
5.955
3.146
3.919
16.225
29.566
5.133
9.168
12.278
9.386
11.194
0.455
11.764
7.713
1.179
11.562
13.35
0.318
2.053
6.001
4.784
9.793
9.438
4.581
16.012
44.472
4.28
4.999
1.451
10.257
11.524
12.763
12.008
13.211
5.086
10.926
9.874
1.662
0.914
59.733
25.945
7.737
4.091
8.526
8.31
9.824
4.595
18.558
6.164
5.126
1.227
3.359
3.013
8.147
4.443
1.3
3.543
0.424
13.015
18.409
4.153
4.918
20.783
21.095
12.598
5.935
3.363
12.598
7.916
4.57
6.605
15.083
16.773
7.519
26.707
24.498
7.371
11.102
5.816
3.244
13.292
10.538
8.259
1.892
7.042
12.974
5.692
0.24
1.493
37.125
15.371
5.461
3.753
11.632
3.088
8.514
10.305
2.29
3.05
9.508
5.882
5.767
3.436
1.962
3.849
5.058
5.586
1.533
1.572
7.287
3.04
0.68
6.259
5.079
6.039
6.209
5.14
8.679
2.256
8.435
2.977
7.855
8.518
2.633
0.56
1.748
0.807
1.184
0.144
0.244
0.302
0.264
0.213
0.192
0.072
0.237
0.879
0.944
6.336
1.061
0.216
0.158
0.206
0.041
0.021
2.407
9.45
1.365
5.795
0.446
8.865
8.508
0.069
0.051
0.017
0.11
0.048
0
0
0.017
0.117
0.027
0
0
0.264
0.021
0.062
0
0
0
0
2.681
1.729
0.362
0
0.031
0
0
0
0
0
0
0
0
0
0.167
0
0
0
0
0.01
0
0.003
1.545
0.318
0.041
0.264
0.017
0
1.633
3.476
1.421
0.276
2.547
2.422
3.329
7.229
1.404
0.27
0.378
1.39
3.706
0.433
0.426
1.025
16.497
6.727
0.058
0
0
0
0
0.118
0.525
0.069
0
0
0
0.118
0.072
1.502
0.115
0.014
1.466
0.656
0.027
4.796
6.437
8.521
9.915
1.435
21.159
8.782
2.585
8.583
0.014
15.371
22.295
5.424
0.488
0.233
0.048
0.223
0.139
6.115
29.831
0.91
20.208
19.492
0.275
2.905
6.376
17.544
5.267
0
0.003
3.632
2.82
1.301
2.496
1.615
0.098
3.377
1.095
0.051
0.755
0.096
14.037
1.234
0.007
0
0
10.614
0.783
7.134
9.386
5.437
15.891
8.295
16.227
9.888
8.095
2.286
17.685
10.47
11.227
4.425
12.106
7.855
7.584
0.189
0.021
0
0
0.312
2.156
0.379
1.298
3.742
0.017
9.603
8.92
2.589
6.568
3.953
4.297
2.297
1.761
6.915
10.506
9.834
0.518
0.007
7.436
3.241
7.354
3.358
6.255
6.545
6.971
0.903
14.95
8.217
10.051
4.062
13.037
6.446
9.067
3.244
4.137
6.043
5.495
4.201
7.036
14.09
13.175
3.845
14.423
8.87
12.258
5.84
3.517
2.592
9.548
1.354
5.217
3.926
7.02
4.528
7.333
11.065
2.898
2.208
8.113
1.893
10.406
11.656
4.64
5.349
7.189
7.749
9.592
4.398
2.774
0.958
1.703
6.496
3.238
1.744
2.079
3.366
2.983
5.394
0.505
0.642
10.749
5.033
8.36
6.194
1.808
6.144
0.245
0.187
2.894
3.466
2.739
0.297
5.602
7.555
4.446
0.479
0.017
4.927
2.656
2.06
3.55
5.15
0.292
4.091
0.573
4.846
2.573
0.949
5.653
0.529
0.912
2.932
0.76
0.057
6.182
1.72
0.343
4.607
2.468
2.063
1.215
8.494
2.932
2.166
2.951
7.78
7.89
13.019
7.704
7.045
7.814
12.469
5.019
4.573
3.011
9.816
5.201
22.992
7.179
1.418
0.158
3.88
1.181
8.827
2.486
3.68
7.184
49.531
52.695
4.676
0.771
4.113
5.879
58.333
3.479
3.049
3.476
1.766
2.865
4.781
1.553
6.173
5.497
7.318
4.123
1.96
4.683
0.446
2.872
1.337
1.215
9.376
2.147
2.035
0.017
7.045
12.74
2.743
2.831
0.017
0.108
0.245
0.134
0.194
0.041
0
2.281
0.118
0.914
2.321
0.525
7.606
0.608
0.603
2.565
3.529
0.496
11.23
0.611
0
1.778
2.961
1.665
0.203
8.722
7.172
2.657
0.027
0.146
0.227
0.127
0.048
3.214
5.953
0.687
2.693
4.487
0
0
0
0.069
0.045
0.1
0.01
0
0.052
0.027
0
0.062
0
0
0
0
0
0
0.11
0
0
0
0
0
0
0
0
0
0
0
0
0
0
0
0
0
0
0
0
0
0
0
0
0
0
0
0
0
0
0
0
0
0.017
0
0
0
0
0
0
0
0
0
0.134
0.007
0
0
0
0
0
0
0
0
0
0
0
0
0
0
1.039
2.039
0.254
0
0.048
0.436
3.385
0.786
4.398
6.719
3.251
18.478
0.271
4.101
3.474
3.852
14.756
3.001
13.51
6.691
15.364
82.566
0.206
5.397
0.034
0
0
0
6.818
1.353
1.682
2.002
0
0
0.536
3.674
2.616
1.902
0.154
1.868
0.463
0.426
1.669
0.941
0.577
1.507
1.136
3.742
0.302
6.365
11.117
23.178
5.51
0.1
0.457
6.139
19.343
0.237
0.436
16.267
4.758
0.014
3.823
3.093
12.821
3.914
0.144
0.702
3.634
7.814
3.564
2.559
1.993
3.342
2.276
0.029
0
0.07
0
0.062
2.24
5.589
0.743
10.82
0.489
0.601
2.015
6.109
0.326
3.48
2.805
9.501
0.01
0.972
0.045
5.922
0.094
0
6.456
4.709
0.348
8.152
0
0
0.669
62.208
65.475
0.069
1.827
7.169
7.193
0.359
4.41
2.688
1.586
8.051
16.485
6.853
11.517
7.078
10.451
5.018
6.218
4.05
0.635
1.891
29.493
8.556
6.448
1.849
1.643
6.115
2.867
8.229
2.324
13.664
10.375
5.768
17.299
0.941
7.093
0.428
3.123
7.546
5.062
2.838
2.74
1.279
0.322
4.956
7.977
4.395
8.07
4.946
2.987
2.702
8.298
1.998
5.277
0.014
0
2.451
0.809
0.069
6.379
0.113
6.76
43.53
19.329
5.708
2.592
5.524
4.391
0.185
0
36.354
47.286
28.142
44.369
3.419
13.029
12.514
2.098
9.733
13.664
0.625
9.229
4.844
1.073
2.288
5.927
0.34
2.22
7.211
13.458
3.122
11.724
36.845
3.123
10.761
8.389
4.681
15.153
22.35
14.933
2.671
0.021
8.908
1.26
1.366
3.481
8.159
4.723
8.583
13.996
16.819
5.836
10.581
13.359
9.253
15.456
9.084
8.003
13.85
9.517
3.124
0.172
5.088
3.251
18.842
10.063
0.584
6.252
4.532
2.139
3.914
3.449
3.715
5.064
0.525
0.158
2.345
6.187
2.838
2.008
2.599
5.732
2.005
0.263
0.022
0.053
1.061
0.692
0.326
1.281
0.726
0.441
0.142
0.031
0.106
0.347
0.297
0.58
1.306
0.151
0.038
1.315
0.771
2.874
0.638
0.546
0.857
0.114
0.46
0
0.015
5.854
1.059
0.057
0.127
2.456
0.542
0.079
0.003
0
0.027
0.048
0.021
0.216
0.153
0.898
0.038
0.076
0.021
0.048
0
0.038
0.045
0.918
0.065
0.122
0.007
0
0.441
0.385
3.747
5.133
2
0.058
0.076
0
0.374
0.448
0.472
0.546
0.081
0.058
0.045
0.076
1.347
0.084
0.031
3.576
0.508
0.053
0.23
0.374
2.934
1.497
0.132
0
0
0
0
0
0
0
0
0
0
0.072
0
0
0
0
0
0
0
0
0
0
0
0
0
0.09
0.463
18.021
9.107
1.598
0
0
0
0
0
0
0
0
0
0
0.031
0
0
0
0.045
0
0.034
0
0
0
0
0
0
0.692
3.577
1.337
0.467
0.027
0
0
0
0
0
0
0
1.03
2.511
3.306
21.049
3.9
0.069
0
1.105
5.737
40.119
0.113
3.382
0.175
5.116
0.326
3.272
1.655
0.515
7.508
4.223
4.964
10.777
1.857
0.374
1.04
7.515
12.432
0
5.26
0.518
7.052
3.89
3.905
1.739
0.051
0.834
2.111
3.238
0.436
3.193
3.097
1.912
0.079
0.875
0.261
4.443
5.249
2.022
13.458
4.954
0
0.124
0.014
0
0.23
0
2.345
0.433
0.055
0.367
1.109
7.038
3.569
8.315
4.546
4.027
0.439
0
2.831
0.373
0
0.051
2.048
3.389
1.851
0.151
10.752
6.245
3.109
12.718
10.428
4.003
3.273
6.331
1.948
0.154
0.089
20.335
1.085
7.675
2.711
2.429
0.065
3.517
4.911
3.812
2.902
13.756
8.005
14.08
5.569
0.742
3.854
0.342
0.312
0.926
9.043
5.979
8.025
7.812
7.202
0.151
8.212
6.964
4.714
2.922
0.038
0.163
6.443
6.768
10.022
5.408
5.344
1.001
0.275
9.548
4.796
10.025
5.668
14.028
1.881
3.524
8.037
3.703
1.452
0.076
1.112
4.072
2.063
0.728
1.669
1.418
8.377
1.097
0.302
0.237
0.065
3.347
0.845
14.95
5.449
8.508
2.802
10.101
6.647
19.837
6.176
7.978
11.139
17.7
17.948
4.329
9.716
11.781
2.569
3.667
15.295
4.19
7.157
22.289
3.155
5.68
14.115
7.167
28.487
18.284
3.181
2.832
5.873
10.796
0.596
42.903
1.78
5.354
13.499
0.532
0.275
10.207
12.188
0.512
6.096
5.466
5.898
2.716
2.345
6.863
6.832
2.008
2.245
18.018
15.405
0.539
2.027
5.208
0.282
2.293
2.616
4.305
3.056
1.643
1.82
1.341
0.048
3.212
1.899
2.839
3.062
0.39
0.254
0.235
0.022
0.064
1.409
0.134
3.78
2.783
0.93
0.574
11.094
1.392
0.858
1.586
8.102
2.185
10.185
7.151
9.856
8.934
0.496
4.728
0.168
0.074
0
0.058
0.149
0.752
0.819
0.093
0.003
0.1
0.079
0.089
0.22
0.175
0.292
0.017
0.113
1.188
0.165
2.208
6.247
2.632
5.691
1.49
0.718
0.014
0
3.402
1.246
6.736
0.886
0
0
0.048
0.014
0.041
0
0
0
0
0
0
0
0
0
0
0
0
0
0
0.007
0
0.211
0.227
0
0.069
0.014
0.912
0.381
0.13
0.336
0.517
0.086
0.242
0.076
1.015
0.127
0
0
0
0.103
0.388
0.216
1.48
0.189
0.007
0
0.189
0.017
0.549
1.487
0.268
0.546
0.512
0.608
0.038
3.327
0.419
0.968
3.265
1.13
2.489
41.442
56.962
0.549
6.896
3.512
3.078
10.011
2.335
0.151
0.034
0.079
2.321
0.973
0.096
0
3.725
5.933
2.553
0
0.397
1.754
0.901
0.003
0
0
0.209
0.388
0.73
0.191
2.655
0.496
0.067
1.988
0.697
0.645
5.013
4.944
16.459
2.187
7.526
5.84
0.206
1.133
1.301
4.686
52.219
0.33
0.003
14.66
9.489
0.371
0
0
0
0.055
2.012
0.642
0.996
0.666
0.45
1.267
0.347
6.334
0.906
8.792
7.641
1.555
0.134
5.085
6.551
8.078
1.075
0
1.933
2.273
1.116
0.076
20.699
14.42
3.33
7.666
8.363
14.396
13.441
3.51
11.876
8.837
17.891
11.285
8.628
15.82
1.195
5.136
6.66
1.837
1.452
4.257
13.956
1.257
1.542
10.059
2.544
0.985
4.992
5.05
3.011
1.988
5.373
8.655
16.318
7.622
5.651
9.301
1.377
4.477
7.811
6.928
1.916
12.463
5.905
4.305
2.568
4.769
2.51
15.405
3.794
14.756
2.659
11.489
8.825
4.975
13.839
4.475
4.116
0.302
5.466
0.889
0.455
21.595
14.365
3.682
4.42
0.484
0.179
4.56
7.824
4.465
2.82
1.983
2.842
0.261
4.094
8.096
0.251
0.335
5.062
5.146
1.262
19.873
11.376
0.425
1.788
4.419
1.351
1.169
0.997
0.347
0.21
6.551
2.513
3.461
8.247
12.358
1.385
2.685
1.794
4.92
4.662
0.876
0.637
2.877
4.951
4.374
1.205
1.016
0.129
4.308
3.26
0.141
0.649
7.823
21.732
9.465
4.879
7.934
4.975
2.094
0.311
5.287
10.405
13.33
4.966
8.415
14.061
9.859
5.315
7.323
12.315
7.934
2.978
5.205
33.749
9.771
6.688
4.271
2.829
2.74
2.218
8.995
3.976
7.412
10.258
0.587
4.717
10.791
13.081
6.623
0.062
3.735
2.568
3.373
0.958
1.102
2.008
0.958
5.097
0.124
0.817
2.767
8.841
92.913
29.711
13.369
6.758
8.171
5.407
8.707
5.201
7.987
4.897
4.467
1.143
0.089
1.744
5.799
2.777
2.074
0.666
6.091
5.582
2.963
0.192
0.306
0.23
0
0
0.007
0.031
0.021
0.671
0.594
0.014
0.051
0.742
0.831
0.33
1.109
0.421
0.048
0.168
0.134
0.141
0.587
1.421
0.165
0.027
3.473
0.594
0
0.034
0
0.01
0.081
0.027
0.145
0
0
0
0.003
0
0.206
0.017
0
0.085
0.812
0.105
0
0.062
0
0
0.159
1.512
0.115
0.075
0
0
0
0
0
0
0
0
0
0
0
0
0
0
0
0
0.112
0.026
0.017
0.038
0.003
0
0
0
0
0
0
0.108
0.017
0
0
0
0.506
0.039
0
0
0
0
0.048
0.007
0
0
0
0
0
0
0
0
0
0
0.003
0
0
0
0
0
0
0
0.017
0
0
0
0.252
2.884
0.385
2.953
1.241
0.055
1.402
0.223
11.086
0.505
0.051
0.05
15.896
5.263
4.358
0.724
0.003
0
0.439
0.965
0.089
4.003
0
0
0.034
0
0.203
0.027
2.197
1.73
0.103
24.396
16.624
1.706
1.899
3.914
11.203
7.574
3.296
0.264
6.973
1.013
0.027
9.359
4.927
2.328
5.627
1.693
0.117
0.024
0.319
5.327
1.229
12.336
12.207
5.836
5.828
1.663
5.246
13.927
33.553
0.522
3.708
6.575
0.065
2.928
4.127
31.323
25.984
7.941
0.836
12.61
7.721
4.845
9.165
1.905
11.781
8.475
0.462
6.199
4.022
5.176
5.354
6.659
6.454
5.129
1.375
1.357
11.795
11.721
6.72
2.324
1.627
5.071
2.396
4.77
6.525
7.447
3.426
10.104
9.082
11.807
10.169
0.007
1.286
2.819
0.01
0.014
2.666
0.13
0.434
3.576
1.857
6.484
1.643
0.457
0.01
3.631
4.278
7.787
11.168
9.283
0.491
3.706
5.443
0.752
2.122
0.484
2.307
3.732
5.747
0.323
2.681
8.377
1.069
0.463
8.089
9.513
0.618
1.562
1.662
0.199
6.396
5.275
2.57
2.39
0.616
0.13
1.73
0.72
0.021
3.797
5.112
3.753
6.966
0.714
0.01
0.657
2.506
1.356
0.038
0.048
0.027
0.149
0.175
2.615
3.874
1.282
0.352
0.105
0.566
0.13
0.01
16.349
2.175
0.248
0.22
0.093
0.482
0.204
0.488
0.647
2.252
9.518
36.425
1.011
0.007
1.047
22.241
0.039
0.148
8.175
18.694
0.144
0.819
11.277
7.58
17.753
22.919
7.261
31.278
0.259
6.525
3.397
3.471
5.15
4.937
8.405
17.594
1.334
0.476
11.479
2.16
1.517
2.209
1.411
2.51
7.447
12.901
5.279
4.471
2.016
5.038
2.98
7.553
6.362
11.659
7.986
4.698
3.68
2.474
2.794
1.313
0.836
0.4
0.069
1.183
5.054
9.424
4.75
0.795
0.518
0.24
1.439
8.243
9.97
2.053
12.911
11.961
0.781
0.233
0.103
0.014
0.045
0.821
1.068
0.106
0
0.031
0.148
0.213
0.376
0.666
0.481
0.172
0
0
0
0
0
0
0
0
0.182
0.062
0
0.326
0.048
0
0.021
0.031
0.086
0.093
0.01
0.381
0.055
0
0
0
0.113
0.115
0
0
0.041
0.041
0
0.189
0.051
0.01
0.093
0.027
0.027
0.014
0.443
0.086
0.058
0
0
0
0
0
0
0
0
0
0
0
0
0.137
0.007
0
0
0
0
0
0
0
0
0
0
0
0
0
0.53
0.275
0.007
0
0.003
0
0
0
0
0
0
0
0.779
0.328
0
0.043
3.641
0.386
0
0.007
0
0
0
2.057
0.433
0
7.991
16.524
2.254
0.161
0.958
3.562
14.593
1.293
3.318
7.028
10.118
5.4
1.349
7.97
0.28
8.327
0.206
0.027
0.242
0.017
0.003
0.01
0
0
0
0
0.357
1.081
0.223
2.98
7.323
2.273
4.552
0.185
0
6.581
0.687
1.902
0.137
0
0
0
1.392
3.61
4.259
3.806
3.275
5.234
1.511
0.027
39.613
2.503
0
2.856
8.338
1.366
2.24
10.075
13.436
15.201
0.227
0.314
1.286
4.587
1.933
0.275
0.845
1.833
0.199
7.313
19.823
5.593
0.22
5.579
1.215
67.647
12.892
0.017
0.096
1.655
5.109
14.787
4.961
3.945
6.568
2.3
9.191
0
0.055
8.806
2.125
1.469
6.2
0.327
3.874
5.246
2.771
10.653
19.422
8.049
3.512
6.914
8.772
0.273
0.007
0.315
7.284
3.292
4.748
0.388
4.364
9.23
3.001
8.051
31.019
3.707
6.769
3.826
4.947
4.492
3.15
3.368
6.321
15.262
7.92
4
3.528
4.314
2.135
1.941
0.057
6.076
3.354
1.401
1.263
1.873
3.59
0.843
7.761
19.381
5.519
2.596
7.066
5.831
2.438
1.054
3.783
18.229
6.408
4.202
3.337
4.903
6.097
3.423
23.815
12.118
0.488
0.244
9.625
2.407
0.175
0.021
0.294
1.298
0.339
2.335
3.37
1.001
1.291
9.756
0.36
0.539
0.161
8.166
8.384
0.163
0.268
3.581
6.508
2.971
5.591
7.026
1.703
6.424
2.314
0.429
7.498
16.799
10.386
5.668
9.023
5.466
27.464
3.938
4.051
1.681
0.048
0.546
1.806
9.871
19.264
2.85
5.438
13.084
9.884
17.97
8.391
0.24
5.424
9.689
1.794
4.606
3.88
7.512
20.915
4.692
1.899
8.322
29.136
5.025
1.384
1.006
19.387
19.645
0.68
2.111
2.053
5.912
1.614
2.12
5.188
4.171
2.956
1.675
3.141
4.362
4.793
10.077
2.455
0.687
0.491
4.534
2.057
2.599
1.377
0.065
1.147
2.664
0.573
0
5.095
0.01
0
0.062
1.119
0.45
1.092
5.926
1.057
2.058
7.491
0.148
0.769
2.4
1.336
0.772
0.058
0.264
4.683
0.604
2.012
2.386
0.704
4.185
5.503
1.253
10.196
5.969
25.964
5.703
3.377
0.486
0.273
0.027
0.007
0.082
0.268
0.284
0.034
0.069
0.096
0
0
0
0.033
0.027
0
0.031
0.182
0.045
0.01
0.221
0
0
0
0
0
0
0
0
0
0
0.051
1.531
0.254
0.323
1.095
0.192
0.093
0.051
2.242
0.306
0
0.055
1.435
0.082
6.645
0.251
0.01
0
0.33
0.065
0.065
0.003
0
0.038
0
0.319
1.353
0
0
0
0.024
0
0
0.017
0
0
1.439
0.927
0.316
0.021
0
0
0
0
0
0.436
0.062
0
0
0
0
0
0
0.089
0.103
5.198
1.727
3.519
1.923
0.632
0.415
0.113
3.66
8.878
0.93
1.789
2.149
0.254
1.672
4.666
0.604
0
0.076
0.117
7.955
0.831
0.089
1.095
0.041
0.501
0.048
0
0
0.347
0.608
5.09
1.512
4.099
7.914
3.096
0.089
1.134
0.403
0
0
0.34
1.087
0.233
0.003
0.534
6.746
1.221
0.029
0.881
0.417
0.422
0.187
1.222
0.213
0
0.288
8.466
0.63
0.01
0.666
3.359
5.011
3.856
4.777
0.783
5.086
0.35
1.109
0.929
0.845
0.46
0.148
0
0
1.737
0.003
0.014
16.922
1.701
0.309
1.221
7.847
2.674
2.053
0.13
5.007
13.251
6.097
1.835
2.341
2.953
6.961
1.16
5.582
5.322
12.233
10.743
0.055
4.765
11.1
2.582
14.711
6.832
0.244
6.695
0.326
3.217
8.54
10.059
2.738
0.158
0.628
5.425
3.256
11.563
10.145
3.519
11.941
0.062
3.787
0
0.268
4.902
0.812
0
6.154
3.018
0.112
0.161
2.659
3.641
0.027
0.409
5.004
19.235
0.093
0.431
1.677
1.971
1.423
5.622
2.538
2.664
2.274
2.039
0.823
6.29
1.715
0.06
1.669
7.867
7.481
0.063
3.086
0.52
0.652
0.043
0
0.508
0
4.501
10.593
1.777
0.036
0
3.881
10.169
1.1
9.541
21.475
5.825
3.765
0.335
0.13
2.618
12.713
0.884
1.456
32.947
24.744
4.056
16.862
15.82
20.786
22.707
47.895
2.546
0.096
1.068
0.824
1.758
0.072
1.239
10.9
2.314
1.409
0.086
1.741
13.414
2.882
0.326
14.49
19.33
13.099
17.779
6.355
108.677
1.346
4.388
4.451
4.225
12.6
8.652
7.282
13.548
18.315
5.512
1.814
7.107
7.692
18.301
20.196
7.139
2.903
8.169
0.395
2.065
14.365
5.267
16.601
30.69
29.445
20.072
2.915
2.34
0.003
0.785
6.199
4.518
2.573
8.442
5.315
2.238
7.086
1.759
0.209
0.121
3.874
0.906
0.87
0.412
0.161
0.127
0.086
0.034
0
0.045
0.211
0.101
0.561
0.792
0.137
0
0.024
0.304
0.091
0.3
0.058
0.093
0.058
0
0.017
0.021
0
0
0
0
0.041
0.031
0.47
0
0
0
0
0
0
0
0
0
0
0
0
0
0
0
0
0
0
0
0
0.055
0
0.024
0
0
0.027
0
0.01
0
0
0.786
0.252
0.041
0
0
0
0
0
0
0
0
0
0.163
0.06
0
0.01
0
0
0.07
0
0
0
0
0
0
0.106
0.57
0.086
0
0
0
0
0
0.041
0.817
0.045
0
0.165
5.303
0.057
0.021
0.079
0
0.838
0.069
0
0
0
0
0.055
0
0
0.251
7.299
2.951
0.079
0.003
6.731
5.914
0.575
0.036
4.122
3.868
3.193
5.498
8.808
1.063
10.057
1.093
0.338
2.082
4.807
0.105
0.087
7.071
1.123
2.149
0.247
0.036
0
0.098
0.007
0
0.608
0.87
2.547
2.341
3.447
0.644
2.194
0.158
0.268
0.477
0.711
1.274
5.696
2.657
2.966
0.148
2.781
2.043
17.245
29.804
5.438
0.295
0.024
0.968
4.35
9.567
1.229
2.499
1.315
1.473
6.427
1.806
2.887
0.086
4.322
5.771
0.453
0.024
9.555
1.267
2.438
13.863
16.383
22.144
13.911
3.31
0.278
0.058
4.515
3.232
0.343
0
0.591
0.412
0.223
17.132
2.29
4.923
3.577
0
9.184
5.383
2.973
7.946
5.632
4.899
4.252
5.552
17.001
9.438
1.463
9.438
0.769
3.941
7.084
7.665
0.633
1.534
0.28
23.779
0.227
0.024
7.618
3.646
0.663
4.923
4.096
22.46
5.707
2.486
5.399
6.242
14.519
7.814
16.404
11.306
7.416
6.873
2.3
1.737
8.504
4.268
0.463
7.635
5.991
4.676
6.075
3.756
2.139
9.788
0.213
1.847
5.733
11.855
5.589
1.665
5.721
6.927
3.419
3.21
0.264
14.411
9.61
0.388
2.86
0.484
4.211
1.952
19.077
6.051
4.478
4.053
2.113
0.534
7.09
0.1
7.246
5.347
8.537
3.778
6.889
5.615
2.68
16.495
9.733
0.964
15.352
8.573
8.851
5.548
11.385
10.368
8.559
15.709
4.329
8.056
54.605
2.386
6.935
7.313
24.985
0.525
7.285
1.967
7.302
4.453
10.327
3.972
1.816
1.614
3.519
0.748
0
3.09
12.638
3.131
11.34
4.261
11.786
12.827
11.848
23.803
5.17
8.346
10.252
3.922
3.943
0.285
0
0.311
1.337
1.308
11.704
2.596
4.921
11.034
9.951
9.006
4.724
10.348
5.811
1.924
3.329
4.836
5.188
14.044
10.489
3.045
9.158
8.003
8.049
1.423
0.766
2.729
0.863
1.717
1.689
4.458
9.153
4.951
12.319
2.879
3.691
4.058
1.499
0.082
0
0.175
0.348
0.108
1.695
0.148
0
0
0.148
0
0.1
0.01
0.01
0.076
0.343
0.097
0
0
0.069
0.069
2.177
6.597
0.062
0
4.767
7.781
1.54
0.079
0.072
0.857
0.182
0.058
0.003
0
0.017
0
0
0
0.115
0.261
0.347
0.27
1.837
0.225
0
0
0
0
0
0.1
0.065
0.01
0
0
0
0.041
0.055
0.034
0
0
0.086
0.027
0.209
0.069
0.058
0.051
0.031
0.007
0
0.027
0.206
0.11
0.027
0
0
4.077
1.054
0.076
0.014
0
0
0
0.101
1.504
2.542
0.553
0.031
0
0.007
0.342
0.266
1.651
0.582
1.341
0.952
2.007
1.536
3.768
0.352
0.917
0.467
0.029
0
0
0
0.017
1.586
1.142
0.273
5.325
15.333
1.172
0.101
0
8.382
2.005
2.647
3.117
2.956
1.878
6.587
0
5.728
3.476
107.323
22.458
1.068
0.132
0.409
1.123
0.355
0.294
0.371
18.182
3.059
19.918
0.041
0.007
0.276
5.67
13.39
23.29
26.48
24.1
8.804
0.606
10.219
0.578
0.064
0
1.195
0.866
13.467
20.124
0
0.076
0.748
3.833
8.906
0.127
0.821
0.324
0.196
2.934
10.741
0.453
0.033
0.393
4.964
0.433
0.525
0.663
0.719
0.089
6.796
14.938
13.469
6.073
0.055
5.759
11.263
4.782
6.472
1.162
4.903
1.492
0
1.636
0.115
0
0.007
0.141
0.003
7.517
0.779
4.916
0.948
1.342
16.903
6.025
42.66
7.345
0.966
3.405
1.531
8.496
3.792
8.137
12.93
14.413
15.685
13.76
13.915
6.264
6.345
3.744
4.199
7.996
15.535
0.977
0.56
1.864
0.13
0.872
9.663
2.842
7.653
0.985
7.752
6.104
4.734
5.749
4.065
9.088
9.223
5.545
5.318
0.573
6.034
6.551
1.346
4.762
2.499
1.799
1.672
6.98
6.949
2.541
2.036
8.916
0.161
0.216
0.086
0.56
0.52
0.508
5.026
2.681
0.158
0.144
1.665
0.144
1.579
7.313
5.291
0.31
7.278
3.819
9.198
0.554
6.234
0.656
0.752
9.349
1.849
5.667
13.039
4.039
5.648
1.088
0.165
1.801
0.939
10.284
2.184
2.285
9.279
5.948
12.441
1.246
0.337
5.794
1.193
0.716
2.027
3.352
3.572
2.482
0.257
0.673
4.868
0.084
5.739
2.027
6.147
13.995
12.402
1.8
1.822
2.964
8.031
0.268
1.453
1.786
0.188
4.541
7.12
0.288
5.405
3.309
7.944
0.287
0.086
1.818
0.494
0.687
4.846
13.838
0.125
2.443
18.328
0.865
2.281
5.588
5.759
0.285
4.831
26.482
7.421
8.006
1.275
5.624
9.507
1.718
5.379
5.827
2.374
0.159
2.193
2.111
3.327
2.777
1.629
0.089
0
0.048
0.076
0
0.175
0
0.014
0.003
0
0
0.048
0.326
0.124
0.161
0.017
0.45
0.233
0.172
0
0.179
0.024
0.048
0.148
0.227
0.045
0.065
0.048
0.069
1.682
2.575
2.678
0.477
7.495
0
0.007
0.882
0.512
0.196
0.066
5.601
0.539
0.066
0.316
0.124
0
0
0.062
0.048
0.031
0.017
0
0
0.038
0.007
0.021
0
0.065
0
0
0
0.027
0.034
0.094
0.024
0.065
0
0.278
0
1.231
0.103
0
0.079
0.021
0.007
0.069
0.031
0.045
0.058
0.185
0.086
0.027
0.003
0.014
0.017
0
0.007
0
0.041
0
0.082
0.034
0
0.065
0.124
0.158
0
0
0
0
0
0.069
0.021
0
0
0
0.117
0.038
0.076
0
0
0
0
0
0.01
0
0
0
0
0.415
0.168
5.098
2.577
10.102
34.471
0.003
0
0
0
0
0
0
0.144
0.033
0.053
3.188
0.027
0
0
0.629
0.017
0.73
0.051
1.715
1.943
1.2
11.194
13.896
9.716
6.142
0.003
1.004
3.373
1.918
5.6
3.176
4.932
3.028
0.388
0
0.204
1.928
0.017
0
11.668
56.99
0
1.643
7.054
17.716
4.564
5.831
1.478
0.409
7.556
5.332
0.366
3.341
5.899
2.81
0.027
9.956
9.532
6.688
7.237
0.733
0.512
17.482
8.82
8.856
18.142
3.751
12.001
0.45
0.053
3.432
10.785
0.28
1.066
0.003
2.395
13.017
3.718
5.783
0.05
3.341
10.396
6.992
1.596
0.271
0.017
13.225
14.102
7.169
3.172
3.625
2.716
12.736
9.306
1.301
7.512
6.197
4.748
2.357
41.674
23.092
5.22
0.24
10.497
18.44
14.289
10.298
6.63
4.782
7.526
8.221
0.925
3.825
5.086
4.204
11.026
1.848
9.111
5.416
0.35
9.253
6.363
0.827
1.919
0.381
0.839
0.127
5.452
5.922
2.541
7.313
5.119
5.105
1.088
0.491
3.081
0.285
2.184
2.578
1.054
2.905
6.008
5.612
7.951
4.405
6.207
1.866
1.191
7.855
5.016
8.659
0.704
0.882
1.42
4.024
0.862
0.39
0.242
0.424
0.635
11.584
1.243
0.074
2.05
7.443
1.457
3.021
0.874
0.132
4.049
1.004
10.577
14.241
7.224
6.734
3.192
6.037
0.317
9.934
20.165
0.502
5.776
0.398
0.7
0.611
10.509
19.82
23.027
11.247
7.958
0.659
9.495
14.018
13.383
7.488
12.892
4.614
5.198
40.379
10.825
2.156
1.878
0.481
4.934
20.606
2.654
3.519
0.58
3.976
9.822
48.481
0
0.861
0.069
2.386
10.805
0.055
8.308
2.061
2.307
6.48
3.306
4.819
5.571
4.063
10.149
1.009
3.076
1.966
0.247
0.928
2.525
0.455
0.431
0.534
4.498
4.073
0.323
2.832
0.501
11.608
0.113
2.432
0.226
0.463
0.426
5.821
1.547
6.527
6.479
6.458
0.084
0.278
0.058
1.711
0.141
0.045
0.007
0.041
0.038
1.61
1.863
1.447
2.475
0.702
0.263
0.065
0.228
10.279
0.975
1.016
0.12
0.027
0.031
0
0
0
0.084
0.01
0.014
0.103
0.619
9.222
4.177
0.512
9.052
0.003
1.121
0
0
0
0
0
0
0
0
0.031
0
0
0
0
0
0
0
0
0.409
0.136
0.007
0.024
1.804
0
0
0
0
0
0
0
0
0
0
0
0
0
0
0
0
0
0
0
0
0.546
0.089
0.347
9.399
1.136
2.596
0.64
0.582
0.048
0
0.285
0.309
0.118
0
0.846
5.948
4.388
0.017
0
0.024
0
0
0
0
0
0
0
0.021
0
0
0
0
0
0
0
0.448
0.117
0
0
0
0
0
0
0
0.172
9.215
1.723
10.72
0.965
0.711
0.105
0
0
0
0
0.074
0
0
0.381
1.076
0.076
1.876
4.607
0.364
0.055
0.031
0.014
0.027
1.514
0.206
0.144
0.36
0.058
0.048
0.869
0.704
9.785
3.001
0.364
0.295
0.034
5.648
4.91
0.34
0.048
0.968
0.597
2.324
0.608
0.021
2.53
2.585
6.149
13.86
5.833
10.18
9.325
15.36
7.402
9.867
10.763
5.816
0.669
2.87
0.237
0.924
0.144
0.13
0.282
0.893
0.089
1.25
2.874
0.254
9.101
0.113
0.062
0.604
0.041
1.339
5.404
0.893
0.982
0.316
0.058
20.029
14.928
9.943
7.308
2.481
38.509
3.519
0.409
7.606
1.249
0
0
0.302
8.724
9.347
0.409
0.331
0.161
0.027
3.189
12.282
8.475
0.927
0.051
1.116
7.036
13.972
14.303
5.292
9.001
1.866
7.557
6.705
0.288
0.144
7.725
4.999
9.788
1.061
2.424
1.857
9.857
3.423
9.318
0.438
8.985
1.363
4.755
2.087
0.906
2.726
6.08
9.462
12.586
5.006
4.707
10.118
9.98
8.501
0.22
1.301
3.354
4.077
17.07
3.596
2.989
1.916
0.244
9.901
13.158
12.654
6.329
3.732
7.771
1.543
0.9
4.722
4.755
5.042
3.111
0.572
4.079
5.34
0.69
7.102
2.729
0.13
0.014
0.263
6.374
3.395
1.718
0.062
7.146
9.891
1.397
0.196
0.306
0.065
0.551
1.703
0.06
3.135
9.979
19.674
5.39
0.671
7.836
7.21
3.346
10.289
9.325
4.534
7.61
3.359
7.263
1.79
18.494
21.81
3.967
0.561
4.31
1.452
6.436
3.464
6.975
6.338
1.013
0.752
1.519
4.837
0.597
16.283
18.66
4.482
0.168
0.996
3.229
1.069
113.552
62.862
11.678
0.546
8.111
77.575
20.994
1.317
0.984
0.146
0.271
0.146
1.358
0.479
0.173
0.151
0.051
2.249
0.585
0.403
0.206
0.27
0.103
0.076
0
0.048
0.079
1.502
1.574
0.089
0.142
2.281
1.283
0.154
0.194
0.151
0.204
0.831
0.307
6.866
1.028
0.103
0.125
0.203
0.041
0.021
0.189
0.06
0.129
0.11
0.379
5.483
0.561
0.086
0.426
0.22
0.165
0.091
0
0
0
0
0
0
0
0
0
0
0.014
0
0
0
1.394
0.197
0.021
0.055
0.23
0.168
0.024
0.175
0.233
0.048
0.089
0.062
0
0.23
0.9
0.745
0.196
6.31
0.69
0.01
0.041
0
0
0.024
0
0.007
0
0
0.062
0.786
0.134
0.055
0.439
0
0.364
0.096
2.135
0.295
0
0
0
0
0
0
0
0
0.058
0.055
12.293
20.86
4.511
3.857
0.13
0
0.086
0
0
0
0.014
0.673
0.501
4.542
0.323
0.482
0.376
1.897
1.627
0.676
3.095
0.295
3.371
5.837
0.551
1.9
8.99
0.007
0
1.093
0.256
6.092
13.659
0.05
0.029
0.112
0.371
0.427
3.802
1.258
4.154
0.474
0.247
0.144
0.395
9.479
16.452
0.216
0.429
0.031
2.027
1.511
0.282
0
0
0
0
0.364
0.391
3.306
2.439
0.22
1.868
0.319
1.981
1.648
1.154
0.144
0
0
3.334
11.337
12.93
0.294
0.124
1.138
0.27
5.38
0.711
0.089
1.233
0.154
0.9
0.735
6.499
0
10.447
0
16.048
9.019
2.913
0.041
5.548
2.764
8.753
1.936
0
0
3.396
30.664
14.052
0.297
4.451
6.314
7.642
0.367
2.34
0.942
10.804
14.919
0.306
0.108
7.725
7.183
5.625
0.173
4.302
3.718
0
4.051
10.286
4.637
3.049
4.674
9.896
3.916
1.451
0.043
2.434
2.796
1.222
6.013
11.939
57.486
2.592
2.559
14.354
57.283
0.663
4.468
6.355
9.592
8.796
10.183
6.564
2.479
7.124
1.308
11.98
1.131
0.881
17.343
14.777
3.128
5.737
7.067
8.106
4.865
6.252
2.362
6.487
1.988
0.982
1.651
6.341
11.385
4.94
4.195
0.409
0.628
0.031
0.024
0.045
2.633
0.484
0.027
0.014
4.195
0.326
10.255
0.031
0
0
9.649
5.236
2.774
4.458
7.694
9.28
15.501
20.526
224.533
15.906
5.263
9.484
9.259
2.788
5.826
8.154
5.625
7.019
3.555
0.618
2.442
16.792
1.881
8.461
9.599
2.954
5.043
5.934
12.384
3.986
18.256
8.756
11.785
3.262
0.304
0.536
9.696
16.379
5.921
6.915
0.048
11.633
7.721
5.569
8.966
0.12
3.124
26.282
1.587
5.213
4.614
18.218
2.649
2.226
6.952
0.566
1.329
2.662
1.321
14.432
5.486
3.149
4.249
0.144
0.148
6.388
7.124
3.172
5.257
2.06
10.93
0.592
1.73
9.15
1.83
3.026
6.487
4.772
3.744
9.359
0.932
0.014
0.11
1.251
5.614
8.035
5.469
0
0.553
0.062
0.048
0
4.506
7.355
1.75
1.372
0.597
0.29
0.292
2.257
4.544
2.048
1.535
1.202
0.148
1.426
0.172
0.051
0.076
0.034
0
0
0
0.079
0
0.017
0.007
0
0
0
0
0
0
0.014
0
0.065
0
0.034
0.103
0.951
0.707
0.367
0.216
0.127
0
0
0.168
2.149
3.763
0.721
3.114
0.735
0.261
0.031
0
0
0
0.003
0.014
0.014
5.974
2.738
0.244
0.041
0.762
4.722
0.716
0.031
0
0.158
0.409
1.02
0.106
0
0
0
0.027
0.137
0
0
0
0
0
0
0
0
0
0
0
0
0
0
0
0
0
0
0
0
0.034
0
0
0
2.002
0.436
0.058
0.106
0
0
0
0
0
0
0
0
0
0
0
0
0
0
0
0
0
1.202
0.096
2.539
0.585
0.742
0.158
0.151
0.01
1.511
5.263
0.728
0.024
0
0.855
0.1
0.719
0.141
0.187
0.055
1.996
0.391
3.698
1.023
0.249
2.034
0.498
0.036
0.221
0.944
0.076
2.633
1.62
2.658
1.624
0.23
0.573
0
0.167
0.082
0.433
0.807
0.561
3.028
3.74
0.591
0.354
0.288
0.027
0.065
0.01
0.003
1.064
2.585
0.278
0.021
0
0.031
6.118
0.848
0.01
0.268
0.034
0.151
1.669
0.048
0.007
0.076
0.079
10.052
0.975
0.045
0
0
2.472
1.133
0
3.818
3.141
0.069
8.604
7.932
19.59
0.81
0.11
0.082
0.831
6.932
0.1
0
0.814
6.949
6.945
11.076
5.802
6.836
3.004
6.156
14.751
7.261
0.282
0
0.179
0.089
0.632
4.218
11.076
4.148
6.012
5
7.368
0.263
8.477
1.149
2.3
5.72
1.643
0.306
16.1
1.929
1.466
0.093
2.657
0.61
1.308
0.074
0.243
0.014
0
0.152
0.031
0.421
0.01
0.088
9.131
0.631
10.125
0.44
0.017
7.119
8.162
8.312
6.542
10.164
4.693
5.373
21.196
3.869
4.868
0.93
0.254
7.454
5.73
0.213
0.213
7.417
2.168
0
0.878
7.39
13.024
6.336
8.745
7.87
3.304
9.471
4.595
0.199
5.34
5.896
8.835
2.044
0.728
0.078
4.725
7.231
8.47
12.756
5.941
12.159
9.041
2.232
0.295
2.747
4.51
4.443
8.674
2.412
10.087
0.003
2.13
4.707
0.01
9.431
0.596
5.231
0.776
0.561
0.153
2.961
2.225
0.561
5.401
0.165
0.451
5.457
5.246
3.351
2.159
0.069
0
0.644
6.017
0.961
0.33
1.663
0.601
3.171
0.443
2.87
0.521
2.404
0.868
0.924
0.055
10.002
7.737
0.142
0.819
0.96
2.505
0.779
0.196
0.259
1.902
0.371
1.339
0.097
0.101
0
0.312
0.062
1.191
0.381
0.116
0.003
0
0.724
1.614
0.132
0.208
0.01
0.01
0.076
0
0
0
0
0.081
0.247
0.003
0.003
0.045
0
0.051
0.106
0
0
0
0
0
0
0.072
0.1
0
0.038
0
0
0
0
0.151
0.014
0
0.051
0.079
0.038
0
0.439
0.027
0
0.01
0
0
0
0
0.048
0
0
0
0
0
0
0
0
0
0
0
0
0.168
0.185
0.017
0
0
0.039
0
0.045
0.081
0.072
0
0
0
0
0
0.014
0.062
0.025
0.024
0.039
0.082
0.062
0.01
0.16
0
0
0
0
0
0
0
0
0
0
0
0
0
0
0.01
0.098
0.014
0.645
0.124
0.041
0.003
0.065
0.644
0
0
0
0
0.39
0.232
0.476
6.214
1.064
0.022
1.72
0.125
0.657
0.328
0.017
0
0.874
0.311
0.024
0
0.003
3.771
0.951
0.249
0.331
0.117
11.199
106.579
87.988
0.026
8.275
3.632
0.086
0
0
0.082
0.118
0.592
0.328
0.124
3.926
0.472
0.014
1.823
1.456
0.036
0.948
0.264
0.003
3.759
0.489
0.118
0
0.697
0.774
0.027
1.083
0.292
0.249
0.5
0.039
0.017
0
0
0
0
0.079
0.161
0.027
1.263
8.751
0.391
0.585
0.932
18.167
0.06
0.144
0.051
0.182
4.825
0.033
0.302
0.014
0
0.086
5.981
8.886
1.909
0.424
6.592
2.434
3.104
0.134
0.017
8.525
0.014
8.329
5.703
4.245
0.79
3.597
0
1.768
29.402
20.637
4.716
3.332
0.13
23.727
5.661
5.091
4.312
2.268
6.339
12.154
4.727
2.987
10.222
1.876
0.168
20.532
12.785
13.963
0.481
7.546
3.468
0.554
5.412
0.227
2.324
0.35
0.549
6.183
0.585
0.206
1.936
0.254
0.058
0.896
5.62
1.219
0.082
3.914
0.659
0.027
0.158
2.685
2.096
0.436
1.578
0.017
0
0.271
3.306
0.184
1.497
3.334
0.18
1.37
0.282
2.447
5.974
0.575
2.06
7.043
1.837
0.045
0.642
1.102
2.137
0.031
10.248
7.733
0.268
1.458
0.209
0.261
0.147
1.167
0.134
0.115
2.424
1.181
0.307
1.976
0.151
6.551
7.821
8.979
2.402
9.105
10.307
2.482
4
0.393
4.149
0.242
4.285
0.282
8.085
8.011
12.454
6.439
4.413
3.225
11.498
14.509
0.373
1.439
2.739
1.655
11.036
3.397
1.854
2.415
3.827
7.645
2.175
1.336
5.862
5.582
2.626
54.683
10.842
0.233
18.718
4.39
0.688
0.886
2.618
0.443
2.254
0.292
0.316
0.048
0.055
0.167
0.218
1.263
0.297
0.172
0.165
0.927
0.141
0.275
0.141
3.244
0.566
0.845
2.252
5.153
5.095
0.22
0.134
0.326
0.209
1.226
0.295
2.97
0.488
0.233
3.165
0.591
1.124
0.41
0.91
0.371
0.137
0.072
0.639
6.401
1.028
0.192
0.091
0.173
0.136
0.233
0.283
0.034
0.578
0.206
0.168
0.345
0
0.127
0.148
0
0.027
0.024
0.01
0
0.048
0.819
0.28
0
0.007
0.076
0.08
0.003
0.007
0.027
0
0
0.003
0.041
1.322
0.654
0.412
0.038
0.359
0.378
0
0
0
0
0
0
0
0
0
0
0
0
0
0.373
0.043
0.014
0.01
0.038
0.007
0
0
0
0
0
0
0
0
0
0.007
0.043
0
0.017
0
0
0
0
0
3.39
0.302
0
0
0.154
0.719
1.397
0.103
0
0.017
0
0
0.052
3.382
0.355
0
3.212
1.435
4.685
14.943
18.49
6.143
16.047
0.594
0
0
2.139
0.154
0
0.203
0.021
0
0
0.134
0.939
0.098
2.506
0.506
0.158
0.798
0.112
0
0
0
0
1.473
1.576
0.113
3.849
9.455
7.265
11.543
5.335
0.343
0
0.621
0.12
0.491
11.872
9.671
48.446
0.645
0.505
0.096
0
1.875
5.418
0.803
0.488
0.772
0.055
1.095
1.504
0.707
0.482
0
0.007
1.717
5.246
0
0.474
9.273
0.041
7.608
5.215
0
0.697
0.244
0.021
0.542
0.01
0.738
1.435
0.275
3.244
1.138
1.799
0.35
0.058
0
6.729
0.22
0.141
1.303
0.184
0.124
3.917
8.587
2.977
0.522
0.309
0.738
5.349
10.979
0.158
0
0.652
5.085
1.445
3.983
2.472
5.498
3.323
5.857
1.694
0.017
0.597
1.6
0.034
4.031
3.625
0.429
2.118
9.658
13.05
10.813
7.168
2.177
5.581
2.621
0.47
0
10.67
6.195
6.22
1.131
5.988
0
1.451
9.641
0.889
5.479
13.367
2.455
9.769
24.84
4.333
5.661
0.064
1.603
4.052
3.413
1.521
1.633
1.629
0.527
6.885
0.242
8.418
12.586
2.935
3.528
0.254
2.362
12.289
2.664
2.238
2.802
1.784
1.037
5.89
10.746
16.929
0.615
10.856
17.678
0.271
0
1.624
29.261
5.74
0.058
0.077
0.156
4.7
0.542
3.262
2.649
7.615
19.854
12.535
2.541
3.201
0.211
5.28
2.927
2.158
1.021
0.838
1.241
0.036
0.81
1.317
4.058
0.572
10.923
1.808
4.249
0.506
12.396
2.365
0.158
6.772
0.941
10.537
3.169
0.522
1.802
3.964
5.695
13.733
12.457
18.297
2.537
2.59
6.466
0.232
3.868
6.091
8.964
1.912
1.25
0.051
1.151
8.53
6.858
2.02
0.426
3.643
7.927
0.996
0.096
6.38
0.728
3.263
4.717
0.307
0
0.079
0.35
1.576
10.207
9.41
0.141
0.12
3.068
1.524
0.338
0.472
2.132
12.768
0.954
0.144
0.227
0.134
0.007
0.086
0
0
0.065
0.076
0.161
0.031
0.096
0.113
0.46
0.076
0.014
0.201
0.137
0.501
15.952
15.05
0.125
0.611
2.947
1.246
0.92
0.46
0.385
0.144
0.055
0.034
0.093
0.003
0
0.096
0.01
0.093
0.058
0
0
0
0
0
0
0
0
0
0
0
0
0
0.051
0
0.031
0.007
0
0
0
0.371
9.179
0.124
0
0
0.175
0.01
0
0
0.041
0.003
0
0.1
0.017
0
0
0
0
0
0
0
0
0
0.01
0
0
0
0.453
2.252
0.292
1.425
1.516
3.097
0.326
0.676
0.549
0.017
0
0
0.213
0.134
4.092
0.738
0.089
0.566
0.306
0.007
0.11
0.045
0.089
0.007
0
0
0
0
0
0
0.027
0
0
0
0.007
0
0
0
1.988
0.179
0.838
1.514
0.165
0
0
0.055
0.007
0.003
0.913
6.709
0.594
0.311
0.397
1.923
0.285
4.971
8.429
9.314
7.412
0.882
3.265
3.268
0.656
0
0.076
13.479
0.106
5.617
0.295
0.055
0.903
0.233
1.926
0.505
0.093
0.821
1.919
0.275
0.027
1.16
0.463
0.069
0
0
4.216
5.926
5.668
0.685
0.1
2.069
0.22
2.812
4.054
0
0.029
0
1.387
3.562
3.874
0.302
0.573
0
4.82
0
0.017
0
0.494
0.996
4.992
4.755
4.314
0.381
8.096
14.864
2.228
11.567
9.84
7.684
7.89
11.615
10.523
6.647
16.098
20.502
2.012
6.231
0.431
0.98
3.08
6.109
3.004
9.249
8.017
3.21
8.664
0.8
53.277
0.542
0.01
8.013
5.582
9.153
0.144
0
0
0.076
0.16
0
1.569
0.029
2.391
0.508
1.309
0
1.881
14.417
3.861
6.171
11.405
16.073
13.133
1.838
3.438
10.842
0.163
1.356
0.175
2.187
4.316
0.258
0.34
6.118
1.899
0.014
0.694
3.665
0.457
0.357
0.553
7.454
0.439
0.048
0.889
11.168
4.013
14.327
3.862
0.786
3.588
11.024
0.704
0.385
16.546
4.398
2.238
10.554
0.714
0.065
0.367
0.666
2.953
3.732
4.724
0.082
0
1.464
2.213
34.066
7.711
9.11
15.291
6.324
22.159
12.174
6
3.092
7.095
7.843
2.566
2.625
6.923
2.039
15.823
8.188
0.592
11.148
2.323
2.326
3.78
7.577
8.676
0.282
0.089
8.966
2.657
1.418
1.25
3.44
2.043
1.885
10.149
3.696
8.192
1.202
0.824
0.415
3.485
12.737
8.061
5.84
17.434
1.576
6.616
2.946
3.938
2.551
1.758
3.128
5.545
0.953
0.465
1.833
0.575
5.109
4.77
3.586
0.704
4.867
0.427
0.074
0.007
5.97
9.613
5.018
0.457
0
4.169
5.075
1.546
0.336
3.101
4.94
0.13
0.39
0.062
0.192
0.232
0.062
1.725
0.118
0.038
0.163
0.141
0.007
0.077
1.536
0.184
3.364
0.742
0.146
0.065
0.003
0.079
0
0
0
0
2.974
0.309
0.014
0.038
0
0.034
0.18
0.093
0.211
0.242
0.063
0.014
0.034
0.112
0.18
0
0
0
0
0
0
0
0
0
0
0.278
0.299
0.168
0
0
0
0
0
0.558
0.359
0.417
0
0
5.119
10.36
0.017
0
0
0
0
0
0
0
0
0.007
0
0.1
0.041
0.007
0
0
0
0
0
0
0
0
0.007
0.604
0.103
0.048
0
0
0.086
0.659
0.041
2.541
0.199
0
0.089
1.181
4.734
0.493
14.358
7.728
13.455
6.94
13.34
0
0
0
0
0
0
0
0
0
0
2.019
1.193
0.096
0
0.712
6.665
0.569
0.099
0.123
0.589
0.191
0.022
3.153
8.787
2.321
0.17
16.785
25.263
19.005
0.232
0
0.223
1.19
0.668
2.338
0.278
0.755
0.064
0.144
0.014
3.121
1.229
0.312
2.899
0.536
3.102
0.795
0.05
3.804
1.105
0.086
0
0.051
14.249
0.076
0.278
0.8
0.391
0.01
0
0
2.218
1.864
0.113
0
0
12.095
1.045
4.13
1.778
4.858
2.173
1.305
0.56
2.719
2.111
0
0.021
5.878
6.303
0.57
4.144
1.274
1.603
0
0.069
0.759
10.526
0.343
0.034
0.961
1.088
0.632
0.13
2.692
1.538
3.703
9.891
6.585
11.125
10.094
4.285
5.126
3.989
1.693
2.493
0
0.87
0.007
9.074
0
0
0
0
0.051
18.162
1.768
2.472
9.927
6.041
5.481
7.054
4.867
8.921
7.478
7.145
6.281
86.907
22.996
7.114
2.675
0.292
0.01
3.715
4.508
5.394
3.133
0.257
9.76
0.887
1.447
3.059
0.742
0.077
0.633
13.47
5.742
3.774
15.896
3.282
5.303
0.934
0
0.472
16.475
0.024
2.066
0.151
9.069
0.656
0.1
0.093
5.796
0.106
1.231
3.608
5.919
14.087
0.321
2.091
15.499
2.872
1.445
3.838
3.577
11.415
6.285
10.598
2.664
6.585
10.253
15.471
7.803
3.184
1.33
6.206
4.192
1.851
0.299
8.566
4.422
14.749
0.666
10.046
21.873
4.997
3.694
6.557
3.372
7.424
4.03
9.147
8.056
6.836
2.107
7.871
4.828
0.151
1.687
0.072
3.442
3.226
0.603
4.712
13.834
7.55
3.171
2.079
1.686
2.562
4.413
1.584
1.035
7.421
2.264
5.67
7.495
0
0
4.817
4.686
3.615
1.967
0.292
1.227
0.611
0.28
2.374
11.209
0.783
0.12
0
5.588
5.79
0.204
0.755
1.361
0.17
0
1.135
0.069
0.688
2.33
0.759
0.199
3.444
1.267
7.552
1.727
7.117
0.457
0
0.101
0.185
0.819
1.617
0.306
0.103
1.042
0.443
0.237
0.208
0.199
0.077
0.007
0.003
0
0
0.062
0.021
0.017
0.034
1.055
0.355
0.223
0.125
0
0.101
0.031
0.051
0.079
0.017
0
0.167
0.062
0.134
0.757
4.717
0.391
0.115
0.191
0.117
0.158
0.264
0
0
0
0
0
0
0
0
0
0
0
0
0
0
0
0
0
0
0
0
0
0
0
0
0.062
6.671
0.597
0
0
0
0
0
0.845
7.364
0
0.014
0.096
1.59
0.175
0.302
0.196
0
0.027
0
0
0
1.299
0.173
2.067
0.117
0.048
0.093
0
2.551
0.165
0
1.023
1.342
1.487
2.905
0.137
0
0.275
1.954
1.555
1.373
0.179
0.237
1.243
0.034
0.007
0.003
0
0
0
0.079
14.135
47.128
0.491
1.277
1.363
0.103
0.573
0.065
0.192
0.167
0.017
1.291
0.357
3.588
0.323
0.031
0.062
0.003
0.237
1.073
2.829
2.283
0.395
0.312
1.607
12.787
0
0
0
8.751
3.248
1.48
0
11.131
5.273
1.245
0.051
0
0.003
0
1.605
7.069
11.335
0
2.53
10.487
10.258
15.57
2.905
9.452
7.488
0.92
0.007
0
0
0
0.003
1.294
7.084
6.793
6.58
0.021
0.692
10.674
0.46
0.072
1.186
3.936
0.108
0.038
4.216
14.057
20.57
0.331
7.938
15.219
2.153
9.035
15.242
2.774
3.504
2.731
5.388
4.403
5.165
0.307
0.251
7.247
2.194
2.029
0.184
1.246
0.378
5.806
7.657
3.231
0.542
20.733
20.992
3.408
1.904
1.874
1.875
5.34
2.779
4.296
0.901
0.003
1.299
0.175
2.819
6.188
8.513
2.472
9.749
5.783
2.934
2.594
12.04
18.347
1.166
0.003
0.182
10.525
1.958
4.58
7.23
7.616
4.646
4.916
7.626
3.882
0.271
0.492
0.07
0.879
0.769
0.501
1.892
4.264
0.034
1.684
0
0.058
0.079
6.118
1.861
0.22
0.347
4.674
1.212
0.814
0.213
0.196
0.179
0.151
1.14
7.567
3.083
12.966
7.265
1.435
9.483
4.288
1.984
20.926
39.082
0.23
3.885
9.766
1.135
0.385
0.676
4.207
2.553
10.74
3.004
3.277
11.646
0.411
0.664
1.051
2.965
3.265
5.847
12.171
0.542
5.474
10.538
19.676
16.601
13.846
0.748
9.52
0.708
5.574
11.249
4.333
13.307
10.543
0.69
1.294
3.725
6.451
5.133
2.323
2.065
0.566
0.639
2.963
6.882
3.747
0.676
3.059
7.179
0.103
3.9
0.685
0.474
0.385
4.807
2.348
0.997
0.767
0.185
4.542
5.49
0.079
0
3.709
7.472
0.376
0.086
0.215
0.137
0.657
0.007
0.299
0.117
0.187
0.086
0.306
0.228
0
0.048
0.175
0.294
0.302
0.359
0.307
1.195
0.137
0.122
0.192
0.199
0.259
1.521
0.707
0.261
0.137
0.203
0
0.082
1.023
0.165
1.023
0.069
3.426
0.268
0.185
0.117
0.151
0
0.048
0.196
0.295
0.443
0
0
0
0
0.048
0
0.024
0.017
0
0.065
0.124
0
0
0
1.112
0.13
2.781
14.499
1.734
0.199
1.181
0.051
0.227
0.041
0.041
0
0.051
0.175
0.041
0.014
0
0
0
0
0.007
0.154
0.014
0.096
0.051
0
0
0
0
0.027
0
0
0.017
0.003
0
0.003
0
0
0
0
2.826
0.115
0
0
0.496
0.112
0.096
0.007
0.067
0.007
0
0
0.014
0
0.4
0.245
2.585
0.772
0
0
0
7.725
5.387
1.892
0.381
0.041
0.007
0
0.007
0.342
0.062
0.021
0.01
0
0
0.117
0.031
0
0.203
0.014
0.172
0.817
0.144
0.072
0.542
0.199
0.003
0.9
0.031
43.935
5.567
0.834
0.065
0
0
0
0
0.017
0.017
0.203
0.003
0.062
0.783
1.945
0.251
0
0
0
0.103
7.136
13.946
4.901
3.205
2.776
0.245
0.439
0.772
2.462
0.335
0.031
0
2.304
0
0.031
1.106
0.239
0.177
0.003
4.208
5.582
2.208
0.163
1.181
1.713
5.05
1.134
0.244
0.635
23.701
0.163
0
1.832
4.175
3.837
0.179
6.499
0.872
10.698
1.092
6.101
5.905
8.748
8.566
24.582
12.38
3.009
0.124
58.664
10.945
2.172
3.753
6.334
12.978
0.247
0
7.635
15.827
17.389
6.77
3.341
2.731
0.062
1.504
0.139
0.168
3.818
7.495
2.184
0.033
0.373
3.124
17.937
5.613
8.789
7.945
5.13
0.745
11.2
7.566
7.832
2.602
16.544
5.055
3.994
9.306
4.574
6.415
0.635
1.504
0.072
1.088
5.412
0.161
0.125
0.654
13.137
5.889
10.317
16.937
6.063
3.883
8.19
2.058
0.172
1.933
0.237
0.191
2.259
2.435
9.026
1.523
5.126
2.402
13.848
8.132
0
0.336
0.463
0.597
0.542
1.294
1.979
0.151
15.192
29.769
0.53
7.721
5.342
11.906
7.478
15.345
6.511
121.384
3.847
17.748
46.867
4.28
4.492
8.914
9.768
1.777
10.046
1.849
6.953
10.207
7.726
2.378
4.628
6.664
3.439
17.009
11.699
2.129
7.865
6.642
6.678
7.768
7.793
0.224
6.825
15.942
10.114
3.959
3.432
9.309
13.826
7.718
24.927
9.815
6.034
4.358
1.015
2.266
9.647
6.08
3.265
9.512
4.602
0.199
4.012
0.01
3.083
1.996
0.184
1.416
6.364
0.778
2.925
0.208
0.295
4.564
8.48
2.618
4.477
2.679
0.575
0.383
7.697
0
0.127
0.203
0.118
0.156
0.283
0
0
0.01
0
0
0
0.434
0.029
0
0
0
0.116
0.142
0
0
0
0
0.041
0.165
0.103
0
0
0
0
0
0
0
0
0.051
0
0.021
0
0.027
0.22
0.086
0.137
0.007
0
0
0.041
0.003
0.027
0
0
0.065
0.072
0
0
0
0
0
0
0
0
0
0
0
0
0
0
0
0
0
0
0
0
0
0
0
0
0
0
0
0
0
0
0
0.034
0.017
0
0.081
0
0
0
0.047
6.945
72.194
32.133
0
0
0
0
0
0
0
0.421
0.089
1.164
0.137
0.45
0
0
0
0
0
0
0.342
0.079
0
0
0
0
0
0.017
0.003
0.069
0.01
0.055
0
0
0
0
0
0.007
0.003
0.017
0
0
0.208
0.027
0.874
0.326
0
0
0.007
0.017
0.827
1.973
0.99
0.087
0
0.045
0.288
0.043
5.091
0.724
0.039
0.445
0.719
0.414
0.115
0.058
4.842
8.312
0.123
0
0
0.007
3.054
0.348
0
0
1.439
6.919
0.736
0.208
6.213
0.086
8.322
0
1.717
0.433
0.1
0.01
0
0.391
3.014
6.503
0.463
1.62
0.415
6.345
6.207
0
1.835
0.635
0.724
0
0.556
0.055
0
0.192
0.038
0.24
0.402
0.021
2.388
0.694
0
9.905
6.619
8.672
9.574
0.233
3.931
6.214
1.284
3.759
6.242
7.021
5.981
0.772
0.474
0.021
5.17
9.465
4.546
12.466
6.942
7.95
5.733
13.359
27.94
12.823
9.373
0.47
9.967
0.345
0
0.041
1.711
8.988
8.418
1.274
0.782
1.36
0.017
0
0.317
2.52
6.901
0.01
2.518
4.367
7.817
8.166
6.863
7.896
1.184
6.384
2.862
1.219
1.782
30.791
11.923
4.643
7.716
0.526
0.779
0.266
6.508
26.705
0.266
0.697
2.975
0.259
4.896
3.26
8.71
17.251
10.039
9.924
6.212
6.197
2.168
3.728
9.62
0.58
13.094
6.236
8.393
0.908
3.274
6.87
6.901
21.964
17.525
10.828
21.312
22.895
4.547
3.404
3.759
26.523
26.36
3.013
15.003
12.904
5.493
8.31
7.948
10.526
5.418
4.518
6.425
8.937
7.478
6.089
14.818
0.465
0.708
3.629
5.022
0.364
4.539
4.058
1.602
3.076
0.431
1.114
6.017
6.094
0.323
3.471
5.404
3.835
3.035
4.971
7.872
0.618
3.694
1.215
4.092
0.642
0.735
1.102
3.238
0.439
3.011
2.795
4.031
2.695
5.074
1.085
0.179
0.264
4.827
0.376
1.095
0.261
1.294
0.367
0.144
1.361
1.504
0.958
0.91
1.567
0.405
0
11.821
3.492
0.937
0.146
0.393
0.639
4.956
0
0.493
0.192
0.167
8.097
0.395
2.125
0.017
0.025
3.013
4.271
0.849
0.074
0.146
0.117
0.003
5.399
9.261
0.591
0.122
0
0
0.1
0.086
0
0.134
0.031
0
0.312
0.078
0
0.335
0.027
0
0.11
0
0
0
0
0
0
0
0
0.084
2.051
0.233
0
0
0
0
0
0
0
0
0
0
0
0
0
0
0
0.086
0
0
0
0
0
0
0
0
0
0
0
0
0
0
0
0
0
0
0
0
0
0.035
0.151
0
0
0.068
0
0
0
0
0
0
0.154
0
0
0
0
0
0.416
0.043
0
4.133
0.398
0.097
4.265
0.354
0.007
0.027
1.123
0.391
0
0
0
1.615
6.993
0.707
0
0
0.476
0.089
0.253
1.602
2.589
0.857
0.18
0.604
0.245
0.915
0.069
0.007
0.038
7.012
0.656
37.115
10.849
6.077
4.987
1.447
0
1.081
0.18
0
0
0
0.943
0.129
0.06
2.781
0.893
0.548
0.043
0.628
0.153
0.237
1.392
1.95
3.313
1.954
1.406
0.153
3.849
1.612
3.607
0.96
1.253
0
0.282
0
0
0.553
0.203
1.929
0.196
0.017
0
0.36
17.303
0.8
4.312
1.535
0.227
5.376
5.792
2.465
0.24
0
0.144
6.139
8.305
0.79
2.05
4.755
2.331
0.326
0.203
0.096
0.058
0.021
0.014
0
5.758
0.415
0.007
4.731
18.879
5.119
4.185
6.921
8.552
3.066
9.119
11.014
0.024
0
0
4.333
3.062
0.038
7.309
6.073
1.943
4.075
13.592
6.003
72.081
26.129
8.128
7.471
7.224
2.361
9.632
3.702
4.429
0.592
0.034
0.442
5.467
2.759
5.733
8.564
1.252
1.96
7.213
13.202
0.905
3.222
18
23.828
2.074
6.709
10.731
2.726
5.587
5.249
12.665
12.581
3.759
5.473
7.852
2.545
4.3
0.877
20.938
5.377
0.675
0
2.697
15.817
7.615
4.903
0.348
3.917
4.913
0.33
1.727
1.82
0.031
9.158
0.458
0.103
6.027
12.38
5.301
13.611
6.557
2.125
0.496
17.643
20.843
14.227
4.206
3.169
4.522
7.464
8.926
6.619
14.104
2.022
1.033
0.316
0.422
3.674
0.898
2.47
10.598
6.853
0.333
9.517
7.076
11.697
14.244
11.814
7.694
8.542
1.631
12.524
1.044
10.173
11.845
9.409
2.826
3.78
5.103
2.058
1.081
4.441
7.102
3.976
0.524
0.992
6.783
2.202
2.963
2.503
1.598
0
1.332
2.141
2.85
0.803
0.403
0.127
0.477
0.764
1.389
9.86
3.346
3.244
0.031
1.492
0.683
0.069
0.007
0.12
0.003
0
0
8.43
12.263
0.212
0.01
0.338
0.014
0.021
0.003
0.048
0.216
4.06
7.565
0
0.103
0.065
0.076
1.646
0.282
0.076
0.041
0.041
0.268
9.937
10.825
5.955
7.515
4.721
0.007
0.501
0
0.086
0.192
6.077
0.144
0.158
0.058
2.836
0.573
0.56
0.117
0.021
0.031
0.093
0.062
0
0.161
0
0
0
0.048
0.093
0
0.271
0.118
0
0.003
0
0
0.007
3.258
0.199
0.031
0
0
0.11
2.655
0.635
0
0
0.3
0
0
0
0
0
0
0
0
0
0
0
0
0.007
0.007
0
0
1.016
0.154
2.046
0.151
35.956
5.256
0.185
0
0
0.007
2.28
0.721
9.39
0.91
5.133
2.626
0.203
0
0
0.027
0.566
0.058
0
0
0.412
0.213
0
0.007
0
0
0.103
0.318
1.748
0.474
0
6.08
0.982
0.021
0
1.26
0.048
1.33
1.001
2.187
0
0.003
0.017
0.031
0.718
0.56
0.007
3.035
1.322
17.067
4.594
0.426
3.708
5.39
0.501
0.336
7.224
3.866
0.891
9.27
0.137
0
0.007
0
0.041
0.453
0
0
0.021
0.124
0.021
0.003
1.675
2.994
0
0.065
2.074
1.205
0.608
0
0
0
3.083
8.662
3.694
8.199
3.579
12.895
3.663
2.29
5.043
8.662
6.836
5.188
0.412
2.242
0.33
0.326
2.407
0.247
2.19
0.879
0
0
0
1.638
6.748
0.106
0
3.814
10.08
47.622
0.189
0.443
2.187
0.617
10.198
7.309
0.034
0.108
0.211
3.393
1.111
1.617
13.684
9.113
1.423
1.94
2.226
2.887
3.731
9.335
6.813
2.299
10.686
4.645
10.607
2.132
1.782
7.88
12.385
3.155
0.149
1.118
1.045
1.816
8.423
5.742
1.899
5.939
7.91
3.16
11.182
1.722
2.05
5.934
7.618
0.321
0.114
4.236
3.876
0.29
6.07
12.14
3.416
2.544
2.954
4.359
0.51
0.906
5.404
0.398
1.236
12.497
2.016
11.355
7.637
12.991
2.803
6.061
10.621
3.583
3.097
0.196
0.549
9.307
12.852
2.333
2.695
11.337
5.909
4.127
5.019
14.291
10.781
5.497
9.096
1.672
5.079
5.56
9.384
16.363
6.216
8.252
4.583
3.801
1.133
10.337
6.564
6.221
12.349
5.394
2.479
10.689
7.325
2.705
6.374
11.838
9.871
14.739
25.797
6.901
0.415
4.753
8.068
8.631
1.387
7.265
0.46
4.662
0.858
9.297
1.514
8.933
1.823
8.895
12.916
0.261
6.314
2.774
25.976
1.566
17.503
3.629
1.727
0.69
3.227
8.724
6.54
4.645
0.482
0.312
1.638
1.363
5.644
6.396
23.246
7.409
1.109
0.745
1.257
1.699
5.346
18.172
15.419
10.269
8.125
1.873
7.716
0.285
0.158
1.214
9.501
10.353
7.121
0.034
2.671
4.999
4.999
6.255
3.615
0.065
0
0.165
0.117
0
0
0
0
0
0
0
0.055
0.209
0.072
0.076
0
0
0.089
0.124
0.034
0.113
0.096
0.11
0.233
0.017
0
5.091
0.22
0.01
0
0.381
0.227
0.91
0.089
0.206
0.972
0.237
0.165
0.354
0.141
0.129
0.11
0.069
0
0.076
0.706
0.154
0.041
0.148
0.11
0.021
1.181
0.282
0.22
0
0.014
0
0.117
0.213
0.003
0.439
0.076
0
0.038
0.051
0
0
0.045
0
0
0
0
2.551
0.062
0.062
0.179
0.228
0.094
0
0.027
0
0
0.244
0.148
0.112
0
1.022
0.992
14.112
17.434
10.861
0.299
0
3.033
3.692
0.28
4.147
1.555
1.111
0.939
0.089
0.268
0
0
0.184
0.048
0.021
0
0.014
0.488
0.529
0.58
1.147
11.522
2.544
1.706
2.709
0.24
3.711
0.055
1.638
0.01
1.411
10.162
0.299
0.093
0
0
0.038
0
0
0
0
0.021
1.044
0.261
0.003
0.23
3.552
0.273
1.181
0.357
0
0.13
0.031
0
0.378
0.124
0.096
5.898
0.421
0.021
1.526
0.069
0.443
0.201
0.309
4.894
0.451
0.735
5.852
0.529
0.675
0.781
0.355
9.417
10.954
19.528
0.113
0.13
0.01
4.927
12.967
3.22
6.894
0.656
2.626
0.515
3.231
0.457
2.235
3.172
0.003
0.045
5.699
7.014
7.732
0.106
1.16
0.144
0
0.048
3.924
3.965
5.902
4.027
12.167
6.209
3.756
4.056
8.217
4.352
9.788
13.402
15.005
7.442
2.196
2.141
7.86
7.071
5.811
0.076
14.466
2.513
2.906
3.037
3.136
10.106
11.603
8.259
3.297
0.431
4.837
0.69
1.002
0.115
6.206
12.095
8.267
7.13
12.926
3.823
5.22
9.126
5.309
9.382
6.845
3.083
0.149
6.767
4.02
4.247
5.512
3.32
0.714
0.227
0
0.137
0.227
0.139
0.045
0.141
2.57
7.29
0.453
0.18
0.348
0.436
0.247
0.192
3.66
0.364
0.196
0
8.865
3.845
12.593
13.293
6.657
5.28
3.399
1.861
13.115
12.226
9.819
7.738
1.167
5.555
26.474
5.782
0.285
4.793
16.785
9.472
2.376
12.792
2.214
6.022
0.886
3.128
0.591
2.52
2.249
0.261
6.781
10.859
0.81
12.772
8.583
10.289
6.454
12.833
11.045
15.741
7.665
14.602
11.858
4.611
6.022
5.277
7.241
15.168
4.954
13.022
2.232
11.797
21.901
5.206
8.15
3.892
6.406
12.09
5.976
7.414
13.374
18.217
5.782
4.496
5.309
0.373
2.94
10.791
0.482
7.014
3.298
3.262
1.231
2.741
0.695
0.197
0.302
2.396
2.687
13.043
5.05
0.673
3.133
2.206
3.061
8.02
2.729
4.587
0.838
2.192
2.681
5.109
4.285
0.651
1.73
0
0
0
5.63
6.458
0.113
0
3.996
2.384
0.884
0.124
3.622
0.889
0.103
0.103
0.196
0
0.137
0.275
0.11
0.288
0.175
0
0.772
0.185
1.02
0.259
0.117
0.093
0.093
0.134
0
0
0
0
0
0.058
0.12
0
0
0.041
0.388
0.172
0.014
0
0
0.045
0
0.007
0.144
0.045
0.251
0
0
0
0
0.089
0.096
0.146
0.003
0
0
0
0
0
0
0
0
0
0
0
0
0
0
0
0.139
0.395
2.604
0.333
0.46
0.494
0.939
0.266
0.532
0.381
9.369
2.122
0.203
0
0
0.156
0
9.349
0.28
0.086
8.755
2.386
0.024
0.261
1.253
0.838
0
0.086
0.225
29.076
5.811
0.161
0.106
5.462
15.716
2.523
0.692
0.323
10.059
0.397
4.07
0.076
0.275
0.474
7.728
0.079
0.278
0.038
8.772
0.168
0.079
1.389
1.464
9.967
0.568
0.051
5.459
1.749
2.568
0.944
0.103
0.11
0.225
0.048
0.003
0.051
0.005
0.122
3.986
2.611
1.389
0
0
0.014
0.027
0.556
4.985
0.566
0
1.346
0.058
0
0.034
10.646
1.397
0.003
0.01
0.027
0.177
0.18
4.137
0
6.88
0.724
2.649
6.717
0.477
0.113
1.356
0.93
0.196
0
0.735
0.748
4.405
0.518
0.936
0.113
1.689
1.085
9.555
0
0
1.73
3.059
6.389
0.467
1.36
0.415
1.658
0.124
2.997
6.873
12.445
1.521
3.183
6.461
11.666
0.34
0.065
2.307
8.202
3.553
0.038
0.807
12.507
4.542
0.536
9.857
6.554
0.374
0.151
3.71
3.787
3.021
10.126
16.136
2.875
3.409
6.266
0.326
12.861
8.95
2.556
4.91
0.488
2.159
18.876
3.128
3.341
13.293
1.353
0.192
3.516
7.072
4.161
1.184
5.469
9.641
1.806
2.053
0.233
9.637
9.898
3.797
8.628
0.601
3.016
3.062
1.785
0.136
0.362
0.082
0.333
0.335
0.544
0.124
1.88
0.402
9.198
9.761
0.251
18.024
4.264
1.181
1.744
0.491
0.493
0.165
0.093
8.514
6.461
1.782
0.781
4.913
0.635
8.909
1.308
0.369
1.184
1.567
13.156
15.171
18.663
15.583
8.365
20.932
16.94
11.536
13.467
9.644
2.764
7.763
0.208
5.431
13.063
0.1
12.991
9.936
9.479
6.015
5.153
11.23
1.009
9.963
13.007
8.212
8.648
3.68
10.76
24.124
0.378
7.866
13.431
11.694
10.495
3.073
19.775
25.773
9.987
37.843
1.875
4.247
3.217
5.361
4.618
21.887
18.584
3.926
20.019
3.567
15.903
23.142
17.178
12.178
0.462
1.377
1.751
1.933
1.205
0.834
6.798
6.868
9.572
2.177
0.106
0.757
0.154
0.486
1.988
4.202
1.593
0.99
0.985
0.879
0.824
0.724
1.624
1.669
0.587
2.699
3.433
1.826
7.045
0.666
0.041
1.734
0.17
0.24
2.966
0.295
0.352
0.206
0.086
0.554
0.587
0.002
0
0
0.364
0.354
0
0
0
0
0.206
0.194
0
0.252
0.093
0.304
0
0
0
0
0
0
0
0
0
0.062
0.153
0.182
0.227
0.271
0.024
0.11
0.13
0.172
0.089
0.041
0
0
0
0
0
0
0.003
0
0
0.003
0
0
0
0
0
0
0.002
0
0.002
0
0.462
1.069
0.01
0.141
0
0.045
0
0.261
0.103
1.82
0.268
0.014
0.062
0.271
0.439
1.035
6.053
0.201
0
0
0
0
0
0.821
0.1
0
0
0.015
1.816
1.77
0.937
0.216
2.427
0.179
1.634
1.397
0.038
0.259
0.956
0.433
0.022
2.029
1.954
0.395
2.632
30.358
0.76
0.395
0
1.2
12.071
1.368
0.766
0.058
0.014
0.041
0.01
0.027
1.267
0.151
1.535
0.467
0.524
0.309
1.013
7.742
50.201
0.323
0
0.007
1.068
0.124
0.007
1.679
7.984
0.005
0.062
1.253
4.449
0.443
15.504
0.007
0.233
10.059
10.121
0.088
0.216
2.702
17.815
0.062
8.066
3.401
0.13
0.359
0.714
0.142
0.882
1.073
0.252
0.01
3.337
0.422
0.045
5.953
7.385
0.323
0
6.147
0.702
4.429
6.993
0.209
0.007
0.886
7.486
14.83
12.212
9.946
1.49
0.578
5.85
0.156
3.414
0.333
0
3.898
8.106
2.472
0.594
7.898
12.246
7.199
10.145
5.452
5.462
0.194
0.003
4.012
3.145
3.145
6.173
1.823
2.537
4.978
6.666
5.095
3.148
6.945
5.799
11.9
13.422
4.079
7.296
12.699
13.695
10.53
27.888
14.986
10.087
17.945
6.709
8.889
0.656
5.648
7.117
18.859
17.187
1.62
0.874
8.49
10.324
2.987
0.148
0.4
2.712
2.057
0.426
1.154
3.025
0.326
0.139
1.157
1.411
12.583
10.592
12.576
0.906
0.187
1.775
0.577
0.474
0.257
0.021
8.226
4.745
0.814
0.268
0.834
1.085
0.642
0.276
1.212
0.613
0.192
10.609
0.985
0.359
0.319
1.112
0.304
1.346
2.28
65.145
1.507
5.373
6.846
9.019
0.793
0.275
1.459
11.395
3.37
2.158
0.299
0.076
0.127
10.519
3.924
0.7
2.326
16.128
9.891
8.686
7.083
1.112
15.949
11.294
0.285
5.047
5.263
5.153
0.862
7.835
7.347
14.052
17.616
9.069
17.067
1.154
8.326
7.927
22.309
6.42
6.238
6.403
11.649
5.751
3.674
8.473
4.678
6.975
0.762
12.993
6.88
9.603
8.621
7.423
8.48
3.365
10.681
6.767
9.174
5.905
4.566
0.148
6.139
3.926
7.505
4.837
2.422
9.785
2.626
1.075
4.06
4.31
0.821
0.417
3.584
5.189
2.953
2.057
1.684
3.378
3.404
3.112
2.213
5.122
3.265
0.388
8.185
1.27
0.503
0.299
4.716
3.495
4.48
3.329
0.759
1.634
3.117
3.292
3.969
3.323
1.641
0.072
0
0.268
2.118
0.003
0.24
1.572
0.563
0.072
1.61
1.693
3.989
3.473
5.74
1.657
0.282
0.264
0.288
0.223
0.007
0.237
0.009
0.051
0
0
0.125
0.189
0.002
0.11
0.185
0.117
0
0
0
0
0
0
0
0
0
0
0
0
0
0
0.001
0
0
0
0
0
0
0
0
0.086
5.236
0.098
0.003
4.668
0.208
0.051
0
0
0
0
0
0
0
0
0.271
0.223
0.199
0.041
0
0.038
0.12
0.127
0.017
0.395
0.093
0.062
0.007
0.007
0
6.76
0.681
0.16
0.003
7.883
0.467
2.826
0.525
0.192
0.81
0.772
0.87
0.695
0.086
0.014
0.079
0.13
0.014
0.007
0.386
0.887
2.328
0.937
5.445
2.808
0.227
0.003
0.807
1.112
8.95
0.026
0.007
0.285
0.189
0.185
0.034
1.705
0.031
0.843
1.208
0.563
5.426
6.726
0.639
7.663
0.216
0.007
0.144
0.306
0.062
0.745
1.088
1.04
0.827
3.238
4.782
5.291
2.341
3.512
0.161
1.14
1.595
0.697
2.594
3.16
0
1.504
5.102
1.088
20.51
4.913
3.107
3.794
2.317
1.62
0.807
6.329
0.754
6.554
2.149
1.14
0.597
0.93
0.323
0.158
0.027
0.082
51.557
3.819
0.566
0.053
0.1
1.148
1.013
16.728
14.612
6.98
4.096
3.31
5.934
7.416
1.979
10.16
5.328
2.154
41.142
6.733
1.343
0.98
1.26
1.706
6.482
4.819
0.031
0.648
0.984
0.393
10.233
9.16
1.1
5.195
0.565
0.106
0.633
0.009
0.167
6.178
6.183
6.346
2.966
0.206
1.552
3.196
9.402
13.577
7.804
7.045
6.276
0.855
1.837
8.298
16.747
11.33
2.364
13.194
14.693
6.022
6.453
11.33
3.972
3.016
16.346
0.405
0.52
7.79
3.533
4.34
0.735
1.629
0.45
0.165
2.949
0.093
2.53
4.498
2.074
0.069
1.449
1.047
0.261
0.168
0.014
0.13
0.014
0.244
0.086
1.833
1.064
0.24
2.055
1.066
0.676
0.324
14.835
25.349
0.144
1.648
2.963
1.123
9.438
11.144
12.119
3.977
3.873
5.431
3.232
14.83
10.959
8.746
15.53
20.742
6.331
7.302
11.175
12.288
35.915
11.017
8.324
7.344
1.418
6.709
2.163
14.893
12.263
31.981
119.988
8.865
2.915
1.239
15.02
0.656
0.282
1.911
4.108
18.804
10.475
10.617
13.19
3.433
4.377
5.867
0.199
10.827
0.446
2.977
5.531
9.828
5.236
8.346
7.155
8.511
3.145
4.463
5.861
1.583
2.674
4.24
4.807
3.016
1.49
2.381
11.508
1.954
2.443
2.935
2.477
1.785
0.474
1.33
1.84
9.319
2.398
0.719
1.003
0.948
4.238
2.788
2.563
1.804
5.925
5.663
2.829
0.627
2.005
2.438
5.187
2.971
5.328
3.172
4.161
1.007
1.492
0.978
0.529
3.876
7.642
3.838
0.007
0.735
0.666
0.002
0
0
0
0.118
0
4.432
1.936
0
0
0.002
0
0
0
0
0
0
0
0
0.002
0
0
7.117
1.605
2.414
0.9
0.295
0.007
0.318
0.105
0
0
1.449
3.432
0.017
0.112
1.301
0.585
0
1.842
3.674
6.314
0.326
0.848
1.023
0.441
1.124
0.009
0.292
1.83
0.151
0.233
0.481
4.625
29.606
14.761
0.433
0
0
0
0.027
0.216
0.173
3.849
1.114
0.505
3.255
1.178
0.422
0.735
10.365
0.106
0.354
0.615
0.584
0.34
0.127
0.113
0.402
1.418
0.031
1.366
13.24
3.718
0.086
0.009
0.539
0.958
5.383
1.045
0.064
1.384
0
3.229
4.345
3.946
2.125
4.072
7.895
12.263
3.272
7.32
2.218
2.908
8.959
9.422
5.466
0.12
1.62
5.473
3.433
0
0.539
5.222
1.325
0.227
0.017
1.955
0.148
1.507
0.239
6.259
5.833
5.356
1.212
0.045
14.087
0.014
3.893
0.33
1.473
0.961
0.882
11.237
3.476
13.537
3.756
3.931
6.48
2.798
0.316
0.084
9.325
8.789
6.187
4.589
0.826
1.964
2.578
9.321
16.447
17.487
6.188
2.63
1.789
2.585
2.135
10.859
37.276
4.714
2.081
2.482
7.1
0.233
6.724
4.36
7.036
2.149
6.372
12.906
14.045
3.821
13.053
1.466
1.327
3.363
0.608
1.765
14.447
12.768
8.123
8.068
0.613
3.037
9.4
6.89
9.421
0.597
8.837
2.777
4.614
14.382
18.872
10.77
10.21
9.551
10.619
6.681
2.877
3.382
0.446
14.428
8.003
14.499
18.392
7.062
12.277
11.797
18.737
9.474
0.69
1.463
0.769
0.721
13.963
7.03
2.115
3.425
0.275
1.006
6.877
3.402
5.019
0.402
0.299
0.494
0.141
7.404
3.1
4.885
2.999
10.312
2.493
0.896
3.746
9.582
-99
-99
-99
-99
-99
-99
-99
-99
-99
-99
-99
-99
-99
-99
-99
-99
-99
-99
-99
-99
-99
-99
-99
-99
-99
-99
-99
-99
-99
-99
-99
-99
-99
-99
-99
-99
-99
-99
-99
-99
-99
-99
-99
-99
-99
-99
-99
-99
-99
-99
-99
-99
-99
-99
-99
-99
-99
-99
-99
-99
-99
-99
-99
-99
-99
-99
-99
-99
-99
-99
-99
-99
-99
-99
-99
-99
-99
-99
-99
-99
-99
-99
-99
-99
-99
-99
-99
-99
-99
-99
-99
-99
-99
-99
-99
-99
-99
-99
-99
-99
-99
-99
-99
-99
-99
-99
-99
-99
-99
-99
-99
-99
-99
-99
-99
-99
-99
-99
-99
-99
-99
-99
-99
-99
-99
-99
-99
-99
-99
-99
-99
-99
-99
-99
-99
-99
-99
-99
-99
-99
-99
-99
-99
-99
-99
-99
-99
-99
-99
-99
-99
-99
-99
-99
-99
-99
-99
-99
-99
-99
-99
-99
-99
-99
-99
-99
-99
-99
-99
-99
-99
-99
-99
-99
-99
-99
-99
-99
-99
-99
-99
-99
-99
-99
-99
-99
-99
-99
-99
-99
-99
-99
-99
-99
-99
-99
-99
-99
-99
-99
-99
-99
-99
-99
-99
-99
-99
-99
-99
-99
-99
-99
-99
-99
-99
-99
-99
-99
-99
-99
-99
-99
-99
-99
-99
-99
-99
-99
-99
-99
-99
-99
-99
-99
-99
-99
-99
-99
-99
-99
-99
-99
-99
-99
-99
-99
-99
-99
-99
-99
-99
-99
-99
-99
-99
-99
-99
-99
-99
-99
-99
-99
-99
-99
-99
-99
-99
-99
-99
-99
-99
-99
-99
-99
-99
-99
-99
-99
-99
-99
-99
-99
-99
-99
-99
-99
-99
-99
-99
-99
-99
-99
-99
-99
-99
-99
-99
-99
-99
-99
-99
-99
-99
-99
-99
-99
-99
-99
-99
-99
-99
-99
-99
-99
-99
-99
-99
-99
-99
-99
-99
-99
-99
-99
-99
-99
-99
-99
-99
-99
-99
-99
-99
-99
-99
-99
-99
-99
-99
-99
-99
-99
-99
-99
-99
-99
-99
-99
-99
-99
-99
-99
-99
-99
-99
-99
-99
-99
-99
-99
-99
-99
-99
-99
-99
-99
-99
-99
-99
-99
-99
-99
-99
-99
-99
-99
-99
-99
-99
-99
-99
-99
-99
-99
-99
-99
-99
-99
-99
-99
-99
-99
-99
-99
-99
-99
-99
-99
-99
-99
-99
-99
-99
-99
-99
-99
-99
-99
-99
-99
-99
-99
-99
-99
-99
-99
-99
-99
-99
-99
-99
-99
-99
-99
-99
-99
-99
-99
-99
-99
-99
-99
-99
-99
-99
-99
-99
-99
-99
-99
-99
-99
-99
-99
-99
-99
-99
-99
-99
-99
-99
-99
-99
-99
-99
-99
-99
-99
-99
-99
-99
-99
-99
-99
-99
-99
-99
-99
-99
-99
-99
-99
-99
-99
-99
-99
-99
-99
-99
-99
-99
-99
-99
-99
-99
-99
-99
-99
-99
-99
-99
-99
-99
-99
-99
-99
-99
-99
-99
-99
-99
-99
-99
-99
-99
-99
-99
-99
-99
-99
-99
-99
-99
-99
-99
-99
-99
-99
-99
-99
-99
-99
-99
-99
-99
-99
-99
-99
-99
-99
-99
-99
-99
-99
-99
-99
-99
-99
-99
-99
-99
-99
-99
-99
-99
-99
-99
-99
-99
-99
-99
-99
-99
-99
-99
-99
-99
-99
-99
-99
-99
-99
-99
-99
-99
-99
-99
-99
-99
-99
-99
-99
-99
-99
-99
-99
-99
-99
-99
-99
-99
-99
-99
-99
-99
-99
-99
-99
-99
-99
-99
-99
-99
-99
-99
-99
-99
-99
-99
-99
-99
-99
-99
-99
-99
-99
-99
-99
-99
-99
-99
-99
-99
-99
-99
-99
-99
-99
-99
-99
-99
-99
-99
-99
-99
-99
-99
-99
-99
-99
-99
-99
-99
-99
-99
-99
-99
-99
-99
-99
-99
-99
-99
-99
-99
-99
-99
-99
-99
-99
-99
-99
-99
-99
-99
-99
-99
-99
-99
-99
-99
-99
-99
-99
-99
-99
-99
-99
-99
-99
-99
-99
-99
-99
-99
-99
-99
-99
-99
-99
-99
-99
-99
-99
-99
-99
-99
-99
-99
-99
-99
-99
-99
-99
-99
-99
-99
-99
-99
-99
-99
-99
-99
-99
-99
-99
-99
-99
-99
-99
-99
-99
-99
-99
-99
-99
-99
-99
-99
-99
-99
-99
-99
-99
-99
-99
-99
-99
-99
-99
-99
-99
-99
-99
-99
-99
-99
-99
-99
-99
-99
-99
-99
-99
-99
-99
-99
-99
-99
-99
-99
-99
-99
-99
-99
-99
-99
-99
-99
-99
-99
-99
-99
-99
-99
-99
-99
-99
-99
-99
-99
-99
-99
-99
-99
-99
-99
-99
-99
-99
-99
-99
-99
-99
-99
-99
-99
-99
-99
-99
-99
-99
-99
-99
-99
-99
-99
-99
-99
-99
-99
-99
-99
-99
-99
-99
-99
-99
-99
-99
-99
-99
-99
-99
-99
-99
-99
-99
-99
-99
-99
-99
-99
-99
-99
-99
-99
-99
-99
-99
-99
-99
-99
-99
-99
-99
-99
-99
-99
-99
-99
-99
-99
-99
-99
-99
-99
-99
-99
-99
-99
-99
-99
-99
-99
-99
-99
-99
-99
-99
-99
-99
-99
-99
-99
-99
-99
-99
-99
-99
-99
-99
-99
-99
-99
-99
-99
-99
-99
-99
-99
-99
-99
-99
-99
-99
-99
-99
-99
-99
-99
-99
-99
-99
-99
-99
-99
-99
-99
-99
-99
-99
-99
-99
-99
-99
-99
-99
-99
-99
-99
-99
-99
-99
-99
-99
-99
-99
-99
-99
-99
-99
-99
-99
-99
-99
-99
-99
-99
-99
-99
-99
-99
-99
-99
-99
-99
-99
-99
-99
-99
-99
-99
-99
-99
-99
-99
-99
-99
-99
-99
-99
-99
-99
-99
-99
-99
-99
-99
-99
-99
-99
-99
-99
-99
-99
-99
-99
-99
-99
-99
-99
-99
-99
-99
-99
-99
-99
-99
-99
-99
-99
-99
-99
-99
-99
-99
-99
-99
-99
-99
-99
-99
-99
-99
-99
-99
-99
-99
-99
-99
-99
-99
-99
-99
-99
-99
-99
-99
-99
-99
-99
-99
-99
-99
-99
-99
-99
-99
-99
-99
-99
-99
-99
-99
-99
-99
-99
-99
-99
-99
-99
-99
-99
-99
-99
-99
-99
-99
-99
-99
-99
-99
-99
-99
-99
-99
-99
-99
-99
-99
-99
-99
-99
-99
-99
-99
-99
-99
-99
-99
-99
-99
-99
-99
-99
-99
-99
-99
-99
-99
-99
-99
-99
-99
-99
-99
-99
-99
-99
-99
-99
-99
-99
-99
-99
-99
-99
-99
-99
-99
-99
-99
-99
-99
-99
-99
-99
-99
-99
-99
-99
-99
-99
-99
-99
-99
-99
-99
-99
-99
-99
-99
-99
-99
-99
-99
-99
-99
-99
-99
-99
-99
-99
-99
-99
-99
-99
-99
-99
-99
-99
-99
-99
-99
-99
-99
-99
-99
-99
-99
-99
-99
-99
-99
-99
-99
-99
-99
-99
-99
-99
-99
-99
-99
-99
-99
-99
-99
-99
-99
-99
-99
-99
-99
-99
-99
-99
-99
-99
-99
-99
-99
-99
-99
-99
-99
-99
-99
-99
-99
-99
-99
-99
-99
-99
-99
-99
-99
-99
-99
-99
-99
-99
-99
-99
-99
-99
-99
-99
-99
-99
-99
-99
-99
-99
-99
-99
-99
-99
-99
-99
-99
-99
-99
-99
-99
-99
-99
-99
-99
-99
-99
-99
-99
-99
-99
-99
-99
-99
-99
-99
-99
-99
-99
-99
-99
-99
-99
-99
-99
-99
-99
-99
-99
-99
-99
-99
-99
-99
-99
-99
-99
-99
-99
-99
-99
-99
-99
-99
-99
-99
-99
-99
-99
-99
-99
-99
-99
-99
-99
-99
-99
-99
-99
-99
-99
-99
-99
-99
-99
-99
-99
-99
-99
-99
-99
-99
-99
-99
-99
-99
-99
-99
-99
-99
-99
-99
-99
-99
-99
-99
-99
-99
-99
-99
-99
-99
-99
-99
-99
-99
-99
-99
-99
-99
-99
-99
-99
-99
-99
-99
-99
-99
-99
-99
-99
-99
-99
-99
-99
-99
-99
-99
-99
-99
-99
-99
-99
-99
-99
-99
-99
-99
-99
-99
-99
-99
-99
-99
-99
-99
-99
-99
-99
-99
-99
-99
-99
-99
-99
-99
-99
-99
-99
-99
-99
-99
-99
-99
-99
-99
-99
-99
-99
-99
-99
-99
-99
-99
-99
-99
-99
-99
-99
-99
-99
-99
-99
-99
-99
-99
-99
-99
-99
-99
-99
-99
-99
-99
-99
-99
-99
-99
-99
-99
-99
-99
-99
-99
-99
-99
-99
-99
-99
-99
-99
-99
-99
-99
-99
-99
-99
-99
-99
-99
-99
-99
-99
-99
-99
-99
-99
-99
-99
-99
-99
-99
-99
-99
-99
