19790101
0.087
0
0
0.027
0.027
0.007
0.041
0
0.027
0.003
0.014
0.177
0.276
0.196
0
0.048
0
0
0
0
0
0.014
0
0
0
0
0
0.027
0.007
0.611
0.057
1.5
3.802
0.366
0.096
0
0.021
0.01
0.477
0.053
0.01
0.021
1.844
1.583
0.184
0.683
0.192
6.533
3.481
0
0
0
0.007
0
0.017
0.673
0.228
0.706
0.257
4.092
3.423
12.325
1.555
0.257
0.021
0
0
0
3.835
4.793
1.233
0.027
0
0
2.699
0.657
0.027
0.13
5.998
4.705
8.02
12.36
4.494
7.546
6.53
0.385
3.831
0.716
12.329
0.251
15.896
19.123
38.747
7.32
3.625
6.86
8.552
2.032
0.127
0.01
0.021
0
0
0.031
0
0.491
1.809
4.213
4.082
6.842
8.87
1.133
3.272
7.086
7.364
6.664
6.712
0.124
3.481
2.592
17.067
7.742
18.618
5.898
2.958
9.743
7.035
7.85
0.103
0
9.565
10.114
5.994
7.694
3.509
12.514
10.197
5.428
1.226
3.478
6.993
1.796
4.226
2.671
2.729
5.936
1.263
3.962
4.566
3.876
4.745
4.372
5.057
2.995
11.113
15.398
4.249
2.695
10.832
9.115
5.964
16.423
6.959
10.605
1.118
8.451
5.931
0.105
0
10.664
10.71
3.375
6.777
8.006
2.001
8.286
12.607
1.452
11.759
7.742
2.92
0.587
0.194
0.007
1.387
2.168
4.479
0.894
2.206
1.883
1.027
4.637
1.196
2.4
2.002
8.36
0.992
7.606
0.472
7.405
6.65
11.055
4.343
8.729
10.925
7.076
15.518
5.634
3.201
0.453
10.054
12.497
6.681
5.061
2.836
3.887
2.554
2.923
1.078
1.928
0.683
2.262
1.138
1.969
2.299
5.078
1.311
0.673
0.978
3.064
1.881
2.111
9.445
3.131
3.174
0.113
4.839
0.944
6.834
8.478
5.203
2.515
3.993
1.365
0.474
11.597
2.807
1.811
0.409
3.528
2.767
7.29
2.975
17.297
21.634
4.02
5.002
6.853
8.211
0.485
2.208
8.101
7.261
16.058
16.251
32.386
3.835
12.162
5.584
1.893
3.164
8.427
0.45
4.594
0.584
2.348
8.168
0.721
9.989
16.055
0.505
3.804
1.772
2.613
1.675
4.738
3.162
3.849
4.872
1.627
2.386
8.298
6.175
1.758
0.508
2.407
1.888
6.207
0.512
0.106
2.733
5.812
0.58
2.939
8.135
2.438
2.166
5.018
6.633
5.759
11.423
4.176
6.283
9.483
2.844
2.144
3.65
0.879
5.17
0.266
0
0
3.544
11.011
2.547
1.413
0.201
0.007
0
0.779
8.442
3.694
5.955
2.551
2.855
0
0.1
0.127
0
0
0
0.103
0
0
0
0
0
0
0.103
0
0.017
0
0
0.058
0.887
0.221
0.118
0.094
0
0
0.397
0.036
0
0.213
0.021
0
0
0.01
0
0
0.076
0.175
0
0
0
0
0.034
0.251
0.855
0.783
0.014
0.007
0.182
0.034
0
0
0
0
0
0
0.027
0
0
0
0.062
0
0.01
0
0
0.003
0
0
0.482
0.116
0
0.675
1.643
1.455
0.788
3.856
0.356
0
0.045
0.01
0
0.716
0.716
0.053
0
0.003
0
0.046
0
0.147
0.04
0.01
0.041
0.003
0
0.371
4.884
7.417
2.592
0.115
0
0.922
6.93
0.364
2.317
0.499
9.192
12.569
0.9
1.442
0.112
0.285
0.022
0.422
5.596
1.427
0.203
0
0.525
0.673
0
0.041
0.141
12.73
9.555
2.867
0.185
7.234
2.613
0.496
2.784
0.282
0.11
0.879
6.98
6.187
0.906
0.089
0.36
8.585
2.105
5.888
3.207
0.525
2.733
0.58
0
0.089
9.936
11.268
0
0
0.031
1.586
1.581
4.192
2.177
0.357
5.057
2.985
1.948
0.034
3.064
18.198
2.281
4.618
0.563
5.055
9.376
9.834
6.156
1.416
10.94
4.134
7.908
2.147
1.912
1.063
3.96
11.213
4.633
6.87
11.956
9.692
4.262
9.819
1.755
2.341
4.626
3.023
9.17
7.107
4.693
4.855
4.636
1.246
7.871
9.1
0.819
8.626
0.996
5.445
22.04
4.283
1.054
2.214
5.885
0.916
1.989
3.658
1.001
0.146
1.392
6.148
1.535
0.292
0.003
0.072
4.511
2.396
3.408
21.001
13.042
0.422
0.681
0.112
0.124
0.079
0.364
1.171
0.886
0.05
0.834
7.807
0.486
5.905
11.496
3.383
5.095
7.752
2.958
2.452
9.999
1.652
2.348
0.463
0.058
0.415
0.209
0.144
0.165
0.62
7.004
14.282
1.974
1.366
1.777
3.093
0.463
2.836
5.606
0.532
1.768
3.711
14.327
0.941
10.451
4.326
14.78
2.032
7.591
8.418
3.691
0.673
1.679
4.446
2.038
13.06
37.736
5.974
5.543
5.933
2.856
8.962
8.082
15.546
5.624
14.602
30.542
1.596
0.611
7.363
2.544
0.697
5.953
13.803
10.355
5.565
8.602
6.161
9.053
7.031
5.263
4.449
0.779
4.092
8.253
6.018
26.25
15.772
9.095
4.465
0.096
5.191
1.995
1.696
1.758
4.281
2.376
0.978
7.44
2.28
8.94
14.543
1.311
6.024
9.155
3.382
7.601
0.539
1.366
4.003
3.627
3.533
8.786
9.402
0.764
4.405
5.818
4.625
5.212
1.873
1.183
5.2
2.917
1.31
0.443
0.079
0
4.175
7.412
5.588
0.62
1.095
1.677
0.508
1.269
0.115
3.643
1.112
0.233
0.434
0.058
0.101
0.036
0.271
1.03
0.616
2.051
0.161
0.354
2.846
0.323
0.491
1.466
0.793
0.304
0.017
0.031
0.069
0.117
0
0.027
0
0.412
0
0
0
0
0
0
0
0
0
0
0
0
0.261
0
0.003
0.275
0
0
0
0.058
0
0
0
0
0
0.007
0
0.003
0
0.206
0
0
0.027
0.463
0.055
0
0
0.062
0.697
0.055
0.076
0
0
0.007
0
0
0.968
0.148
0
0
0
0
0.233
0.058
0
0.01
0
2.297
0.285
0.542
1.645
0.35
15.669
0.412
2.482
1.294
0.12
1.888
0
1.617
0.141
0
0
3.502
84.799
24.465
1.809
6.367
2.34
9.29
3.686
2.494
14.584
13.223
4.589
26.003
63.897
0.082
3.138
9.756
10.144
1.718
0.115
1.32
8.461
1.746
6.264
1.61
1.015
7.05
1.401
0.01
6.506
14.856
2.644
0.069
1.154
6.218
2.688
0.227
7.922
1.057
17.08
5.291
0
0.391
0.041
0
0.007
0.996
2.335
3.066
1.854
6.204
2.486
0.055
0.63
0.934
0.347
0.7
16.22
13.338
4.249
9.714
9.692
3.562
5.388
8.962
4.525
9.498
1.863
9.4
1.686
2.647
1.583
0.802
4.601
3.718
2.781
5.816
4.695
19.042
11.743
8.946
16.043
2.776
7.522
6.702
0.932
1.633
3.334
3.929
2.129
1.239
0.203
12.528
0.24
2.41
2.774
9.493
4.292
2.544
11.96
9.124
1.212
11.697
8.36
0.24
1.686
9.242
4.271
20.108
6.406
7.325
4.415
10.801
7.763
12.954
2.929
4.374
4.472
2.747
0.8
3.124
6.042
0.697
9.04
1.476
10.384
2.688
16.476
8.569
1.638
2.657
1.432
1.284
11.996
2.661
2.638
0.803
0.8
1.229
1.693
1.013
1.468
5.105
6.918
0.251
2.338
3.924
1.71
0.192
0.913
0.251
5.967
2.523
8.549
7.39
7.069
5.354
0.134
10.284
4.971
13.778
0.306
6.425
8.25
0.288
0.271
8.008
1.909
9.476
5.795
0.948
3.135
0.179
1.449
1.543
1.799
2.379
1.366
1.116
2.39
3.969
9.392
8.641
4.429
5.061
2.341
5.57
13.956
4.24
16.572
14.329
5.594
4.127
1.547
3.789
0.625
17.925
28.736
7.131
9.874
13.314
10.159
6.003
11.474
3.006
5.375
8.133
3.615
2.336
7.234
0.264
6.959
7.103
3.993
5.799
5.146
2.271
7.699
1.092
17.079
13.839
8.049
1.487
10.386
5.799
12.092
3.704
4.086
7.512
0.062
0.944
4.329
3.308
4.801
4.868
4.35
3.042
3.117
1.471
4.616
1.25
0.982
4.048
1.73
1.95
0.529
0.941
0.347
0
0
0
5.342
0.103
0.079
0.45
0.161
0.309
0
0.089
0
0
0.041
0.113
0
0
0
0
0
0
1.651
0
0.062
0
0
0
0
0
0.007
0
0.591
0.048
0.103
0.062
0.13
0.093
0.656
0.196
0
0
0
0.179
0.36
0.034
0.065
0
0
0
0.776
0.137
0.11
1.044
0.124
0
0
0
0
0.161
2.063
0.312
0
0
0
0
0
0
0
0.003
0
0.364
1.092
0.381
0.776
0.731
0.851
5.16
0.055
0
0
0
0
0
0
0
0
0.041
0
0
0
0.134
0.203
0
0.367
0.029
0
0
0
0
0
0.851
0.125
2.558
0.869
4.968
0.587
0.227
1.107
1.325
0.113
0.014
0.261
0.072
0.128
3.629
0.395
0
0
0
0
0
0
0
0.494
0.448
1.501
0.53
0.192
0.017
2.154
1.057
1.765
2.891
9.259
0.731
1.31
10.307
10.31
0.994
0.587
0.033
0.017
0.007
0
0.446
0.179
0
0.105
0.026
1.746
0.225
0.58
0.597
1.205
1.931
0.191
0.558
1.228
0.149
1.653
0.976
0.058
0
10.875
3.219
9.717
3.622
6.909
2.813
3.111
1.09
10.089
1.653
1.126
0.373
7.385
4.473
2.856
5.4
0.082
0.302
1.085
6.182
3.9
58.88
0.048
0
4.642
0.491
6.115
0.161
0.021
0
4.511
8.484
0.1
0
0.577
8.415
5.174
10.815
0.985
6.927
1.528
2.221
6.307
4.599
5.504
9.332
2.463
8.034
4.389
4.669
2.311
1.617
9.184
10.313
5.97
12.206
8.561
2.621
0.704
2.942
5.766
11.869
6.156
1.684
5.261
4.856
4.01
1.826
13.697
8.732
1.715
1.402
8.022
4.721
1.214
0.516
5.517
6.693
4.498
2.824
4.719
4.322
4.805
1.06
5.145
6.619
15.161
8.894
7.356
3.651
11.969
7.162
5.847
5.636
3.756
1.832
2.503
1.097
0.755
0.048
0.003
3.306
1.619
0.563
9.888
3.71
4.091
0.503
0.621
0.239
1.775
0.01
1.046
2.87
0.123
1.202
7.048
4.038
2.482
2.637
8.217
9.155
2.163
6.545
0.556
0.216
0.767
2.353
2.123
0.45
2.91
23.372
0.232
2.864
7.229
5.019
9.797
17.957
10.037
13.206
3.573
8.295
1.198
0
16.763
13.665
8.047
7.582
3.748
9.019
8.463
3.126
8.478
4.414
8.444
34.351
4.848
4.687
7.447
8.296
0.529
2.874
1.814
1.64
0.606
3.462
6.453
3.703
7.351
2.546
0.569
12.016
24.843
6.714
3.897
13.899
15.331
2.723
1.966
6.183
8.37
3.779
3.018
0.585
2.236
0.282
2.352
5.445
6.933
2.686
4.137
2.538
1.802
0.805
3.117
5.546
8.086
2.326
3.861
5.919
0.017
0.683
12.729
12.15
4.683
0.745
2.256
0.031
0
0.251
2.705
0.534
0.958
1.08
0.251
0.299
1.375
0.132
0.192
0
0
0
0
0
0
0
0
0.01
0
0.117
0
0.017
0.082
2.657
0
0
0
0
0
0.068
0.01
0
0
0
0
0
0.041
0.069
1.206
3.816
2.223
0.398
0
1.377
0.177
0.04
0.058
0
0
0
0
0
0
0
0
0
0
0
0
0
0
0
0
0
0
0
0
0
0
0
0
0
0
0
0
0
0
0
0
0
0
0
0
0
0
0
0
0.003
0
0
0
0
0.014
0
0.201
0.268
0.017
0.328
1.15
0.089
0
0.045
0.191
0.058
0
0
0
0
0.007
0
0.014
0.017
0
0
0
0
0
0
0
0
0.165
1.919
0.165
0.343
0.024
0
0
3.565
0.282
0.333
0.4
0.108
0.024
1.198
4.044
1.051
1.311
3.038
3.631
0.532
0.144
0.027
0.319
0.577
3.55
4.52
0.865
0.615
0
0
0
0
0.041
0.007
0.735
0.261
3.849
0.333
0.021
0.096
1.143
0.148
0.027
0.793
0.093
6.121
0.034
5.16
1.36
0.735
0.628
0.549
1.294
0.388
0.398
0.827
0.027
0.29
0.014
0
1.112
0.639
6.846
7.079
3.09
5.558
4.504
1.267
6.42
6.822
1.075
8.686
1.802
7.866
5.617
3.303
4.578
4.587
9.313
6.386
1.284
2.877
1.325
4.679
4.473
6.939
6.911
18.392
18.854
13.427
12.415
0.69
13.094
16.74
2.156
6.173
2.733
9.455
17.516
2.403
1.116
4.098
3.268
5.733
0.656
4.964
7.27
0.151
0.381
0.141
3.32
0.137
0.227
1.397
1.432
1.655
8.123
5.933
3.049
3.819
3.426
0.319
2.87
0.573
0.089
34.161
0.196
1.181
0.312
2.633
4.147
6.856
0.68
1.301
2.776
0.199
0.39
0.326
0.343
0.566
0.027
0.192
3.971
0.295
0.795
6.88
3.193
3.718
0
0.034
0.949
0.247
0
0.048
0.297
0.027
0.216
0.213
0.086
11.728
1.38
1.037
0.525
3.419
5.548
7.677
0.797
3.217
2.448
5.198
0.381
1.574
0.179
5.612
0.925
3.795
5.253
0.34
2.501
0.179
2.019
9.326
1.39
10.088
1.267
2.748
9.169
2.402
1.732
4.542
4.919
5.2
7.342
4.456
7.435
6.838
1.147
2.671
5.618
7.981
3.207
3.268
1.99
0.446
10.744
2.252
3.032
3.1
0.077
0
0.027
0
0.389
6.485
20.531
0.027
0.024
0.046
0.036
0
0.486
1.551
0.712
0.153
2.686
0
2.17
0.266
0.089
7.189
2.661
0.094
0.348
0.064
0.003
1.267
0.354
0.153
0.324
0.168
0.01
0
0
0
0.809
0.105
7.593
0.98
0
0.003
0.127
0.072
0
0.017
0.259
0.017
0
0.062
1.349
1.715
0.477
0.762
0.513
0.402
8.535
1.099
0.113
0.072
0.213
0.007
0.038
0.875
5.836
0.299
0.048
0.076
0.106
0.021
4.285
0.443
0
1.552
0.127
0
0
0
0.299
0.041
0
0
0
0
0
0.048
0.271
0.017
0
0
0
0
0.113
0.072
0.021
0.017
0.017
0.003
0
0
0
0
0
0
0
0
0
0
0
0
0
0
0
0
0.048
0.833
0.076
0
0
0
0
0
0
0
0
0
0
0
0
0
0
0.113
1.979
0.161
0.021
0
0.007
0
0
0.374
1.796
0.488
0.014
0.295
1.181
3.299
0.275
1.84
1.167
0.127
0.374
0.168
0.072
7.275
1.325
6.753
4.37
0.426
1.184
26.371
4.319
3.941
0.288
0.264
1.881
0.082
2.043
3.972
1.772
0
0
1.03
0.1
0
0
0
0
0.319
49.342
8.089
3.934
81.886
67.126
0.007
3.746
0.257
0
0.192
0.048
0.649
0.996
0.089
1.346
0.312
0.978
0.069
1.257
0.014
0.989
0.069
0.254
0.158
0.051
0
0.772
0.148
0
0.316
0.18
1.917
0.134
0
0.318
0.079
0
2.249
0.007
2.427
9.939
1.001
1.107
7.174
5.418
1.444
0.06
0.024
0.074
2.666
4.535
1.078
5.352
0.627
0
0.259
0.072
0.007
9.599
3.983
1.037
0.106
0
7.09
0.158
10.876
6.533
5.943
0.045
0.072
36.636
23.622
1.037
9.816
12.404
4.865
5.709
5.83
4.714
6.901
2.008
3.227
3.636
2.685
5.891
11.131
0.371
1.087
7.855
1.868
1.799
7.869
5.243
5.04
3.093
1.174
5.548
6.224
16.703
7.294
1.418
5.63
5.433
20.332
0.913
2.802
1.878
7.783
2.779
11.163
1.517
4.654
6.269
2.202
0.573
2.997
3.931
4.477
16.874
6.739
15.992
8.965
5.059
9.232
4.661
0.721
1.354
11.529
6.794
5.79
0.441
5.637
15.021
5.276
13.34
11.706
7.325
5.153
8.207
8.604
15.716
6.152
4.049
0.748
2.238
5.435
5.531
6.101
12.979
24.037
0.362
0.065
6.976
10.241
2.014
6.12
2.724
4.717
11.313
1.497
12.657
8.005
9.024
12.466
23.112
3.526
6.466
89
8.175
17.209
6.061
1.851
3.226
10.404
5.708
4.93
5.126
5.487
10.228
4.285
8.877
13.149
18.624
13.729
6.981
13.014
4.592
4.199
2.238
13.575
14.423
9.919
10.086
6.836
3.109
2.458
96.638
16.478
11.306
3.699
5.021
0.645
2.078
0.408
0.067
0.524
7.369
12.143
2.099
0.288
1.427
0.242
0.103
0.034
0
0
0.01
0.161
0.01
0
5.873
1.566
0.058
0.191
0.117
0
0.278
0.113
0.179
6.206
0.532
0.117
0.088
0
0
1.608
0.257
0.194
0.076
1.38
1.917
0
0
0
0.041
0
0
0
0.129
0.034
0
0.103
0.058
0.461
0
0
0
0
0
0
0
0
0
0.096
0
0
0.039
1.277
1.945
0.151
0
0
0
0.007
0
0
0
0
0
0.007
0
0
0.216
0.374
1.233
0.144
0
0.103
4.101
1.435
0
0.103
0
0
0
0.855
0.079
0
2.005
0.082
0.034
0.027
1.456
0.56
0.1
0
0
0
0.118
0
0
0
0
0
0
0
0
0
0
0
0
0
0
0
0
0.542
0.048
0
5.779
6.947
0.558
0.778
0.079
0
0
0
0.093
0.017
0
0
0.673
5.198
5.543
6.403
0.786
7.553
2.444
2.829
2.005
6.612
0.086
3.244
3.732
10.02
0.203
1.607
6.475
3.231
4.609
0
2.987
0.788
4.127
8.772
4.882
2.723
0.573
22.302
0
0
1.796
13.839
29.011
0
3.117
8.983
1.181
0.103
2.571
3.701
0.367
1.96
11.165
1.995
0.007
0.271
0.282
3.375
0.553
1.291
5.246
0.793
30.621
9.314
4.049
0.01
0.237
1.385
0.271
4.683
10.313
1.001
1.756
11.616
3.712
10.149
17.382
11.73
6.176
6.535
47.457
8.842
2.793
6.192
0.542
0.007
6.763
3.753
3.465
2.418
66.706
7.036
1.745
4.443
0.038
8.643
1.045
0.197
8.976
7.582
0
1.003
6.999
7.316
5.404
8.513
11.129
0.319
8.574
4.225
0.97
8.523
13.144
2.417
7.447
3.706
1.725
6.672
6.781
2.326
7.265
6.077
0.961
3.016
51.811
20.043
1.524
1.275
6.077
3.165
5.037
6.791
2.894
0.185
1.033
2.98
8.199
14.643
11.209
0.807
1.404
0.742
9.283
4.175
0.414
3.625
4.062
0
0.007
6.386
6.911
4.305
16.229
1.765
15.577
6.338
3.123
7.148
5.2
6.489
4.8
8.87
7.198
23.55
27.062
10.854
16.334
14.061
5.725
7.036
15.058
4.432
10.648
32.696
6.647
7.58
3.698
14.438
4.47
4.149
3.668
4.937
11.797
7.709
5.086
5.291
15.027
7.723
4.187
0.711
6.877
3.488
6.377
9.752
5.225
11.665
3.498
6.203
23.159
15.319
7.359
16.48
8.684
5.425
20.879
9.119
10.081
4.293
0.409
26.396
22.707
9.884
6.197
9.6
8.774
2.838
9.323
8.787
6.515
12.816
3.642
3.541
4.806
1.297
1.208
5.316
6.206
4.086
7.256
3.739
0.331
2.784
2.431
3.123
0.591
1.233
0.781
0.948
2.141
2.798
4.133
2.13
10.841
7.9
8.95
9.077
4.34
0.288
0
0
4.237
8.168
6.571
3.056
36.233
0.518
1.727
1.741
6.424
5.754
1.483
3.303
1.636
0.127
7.44
5.143
1.84
0.728
1.36
0.017
2.225
0.591
0.027
0.893
0.027
0.13
0.154
0.076
0
0.045
0
0
0
0
0
0
0.203
0.484
0.45
0.134
0
0
0
0
0
0
0
0
0
0
0.213
0
0
0.144
0
0
0
0
0
0.117
0
0.045
0.127
0
0
0
0
0
0
1.039
0.027
0
0
0.01
0.082
0
0
0
0
0
0
0
0
0
0
0
0
0
0.048
0.038
1.136
0.199
0.776
12.384
1.184
2.674
9.011
0.072
0
0.031
0.079
2.242
15.841
0.134
0.158
0.659
1.844
0.134
1.174
0.014
0.508
0.81
0.127
0.24
0.721
30.326
0.893
0.228
3.351
1.512
1.03
0.433
4.36
6.161
1.317
1.883
2.827
0.211
0.311
0
0
0.575
6.175
1.717
0
0
0
1.832
3.999
1.311
0.371
0
0.104
0.937
1.397
1.102
0.089
0.999
0.117
0.295
1.329
0.124
1.895
1.851
0.563
0.041
0.096
0.282
0.151
0.381
2.297
1.699
0.312
0.014
0
1.387
1.936
4.752
0.419
0.041
0.46
0.007
0.316
0.058
6.715
7.45
0.364
1.854
0.913
0.01
21.132
18.354
0.12
0.954
5.51
1.287
0.546
0.275
14.811
4.676
0.494
0.721
2.012
8.655
11.424
1.143
0.13
0.525
3.529
0.113
6.123
9.163
11.153
24.331
4.515
2.63
1.167
-99
0.539
-99
0.639
0.158
0.134
0
6.786
22.383
0.294
3.811
3.344
3.701
1.899
1.95
3.092
1.706
5.661
4.346
5.747
0.36
6.369
4.673
0.975
0
0
0
0.069
0
0
0
2.894
12.847
7.162
8.944
3.262
11.422
3.596
1.905
6.001
7.011
6.664
4.93
11.306
6.733
5.042
3.335
5.917
4.954
0.494
0.027
9.246
2.06
0.196
5.953
4.613
5.435
0.788
1.088
1.219
0.695
1.899
1.504
9.901
0.474
1.689
6.056
2.149
8.37
6.496
7.407
0.254
0.309
2.293
1.945
5.548
1.409
0.283
0.704
10.55
10.564
9.949
9.489
1.789
4.177
7.237
0.827
2.321
14.183
13.247
1.112
4.298
1.174
3.337
2.868
0.268
1.564
12.414
13.553
1.172
0.048
4.575
2.125
10.005
28.043
8.72
7.17
6.402
10.645
8.55
8.108
7.096
1.979
4.012
6.127
8.44
0.959
2.942
23.617
7.634
2.953
12.209
13.649
4.54
11.652
1.859
4.099
2.063
3.165
31.17
5.483
0.841
12.274
0.802
5.953
0.917
1.442
2.571
0.972
0.233
4.985
4.872
21.394
0.412
0.299
1.184
0.306
5.974
5.071
1.703
1.871
3.601
17.019
4.736
9.429
4.733
5.891
7.282
4.907
0.178
1.54
1.629
0.809
0.757
0.224
0.003
0.065
0.058
0.093
0
0
0
0.055
0.493
0.036
0.247
2.065
0.367
0
0
0
0
0
1.038
0.378
0
0.021
0.072
0.11
0
0.106
0
0
0
0
0
0
0
0
0.038
0
0
0
0
0
0
0
0
-99
-99
-99
-99
-99
-99
-99
-99
0.055
0.021
0
0
0
0.003
0
0.024
0.017
0
0.051
0.003
0
0
0.003
0
0
1.559
0.282
0.508
0.103
0
0
0
0
0
0.024
0.196
0.027
0.072
0
0
0
0
0
0
0.007
0.141
2.017
1.612
0.233
0.365
3.359
2.641
11.163
15.941
0.978
0.007
0.374
0.034
0.142
0.392
0.076
3.018
4.287
1.48
0.736
0.093
2.642
0.328
0.003
0.285
1.784
0.749
0.797
4.755
1.452
4.518
19.542
3.815
0.302
0
0
3.675
5.123
0
0.197
0.885
0.28
3.002
0.883
6.4
0.541
0
1.112
5.491
2.311
7.728
1.458
0.029
8.619
20.069
24.024
4.585
10.54
0.076
1.03
0.699
0.065
0
0
0
5.807
4.86
1.995
1.44
2.633
2.25
11.908
1.184
0.124
0.034
0.058
2.626
0.288
33.591
31.498
8.035
4.274
1.294
0.06
1.246
2.798
0.295
0.649
0.134
0.003
1.071
5.026
0.584
1.641
8.707
4.23
0.158
0.639
4.034
4.14
2.256
7.272
4.896
2.465
10.327
2.276
10.66
2.606
0.113
3.746
1.363
5.785
1.826
6.166
3.354
2.297
6.4
4.858
3.049
2.022
0.096
2.427
18.036
1.289
6.856
2.165
9.108
5.558
9.551
0.103
2.959
4.048
11.11
1.899
3.646
5.045
8.284
22.91
0.22
10.574
26.774
3.862
3.708
6.094
0.402
0.716
8.626
0.077
0.065
0.723
7.399
2.594
0.347
5.593
2.103
0.966
13.316
32.877
6.303
6.35
8.949
8.442
4.826
0.458
7.653
7.625
2.934
11.277
12.845
0.314
1.154
7.201
3.802
7.627
10.199
4.794
6.896
41.238
3.8
5.778
0.903
10.456
14.564
12.394
8.88
13.572
5.328
12.076
6.652
1.353
0.855
56.688
20.186
5.776
5.469
3.064
8.911
10.849
4.512
18.996
3.926
3.854
1.514
1.756
2.856
8.37
6.794
1.747
2.22
4.582
11.163
17.291
3.667
1.916
20.186
15.05
9.52
6.363
3.091
12.478
6.755
4.322
4.713
11.405
11.398
8.525
23.746
32.892
5.167
11.176
6.793
3.129
11.777
12.719
6.817
1.887
2.762
11.724
6.806
0.251
7.684
58.487
14.773
1.825
5.013
10.473
7.704
6.159
9.141
1.622
3.481
9.268
3.669
5.569
3.389
2.966
1.478
6.061
6.686
1.972
1.701
5.679
2.872
0.288
6.88
3.953
6.079
1.902
4.807
7.907
5.929
10.324
2.613
5.466
8.121
1.991
0.869
0.518
0.683
0.409
0.134
0.168
0.282
0
0.014
0.089
0.027
0.203
0.517
0.278
0.179
0.271
0.158
0.13
0.106
0.027
0
0.024
4.285
0.671
4.679
0.093
6.417
3.347
0.041
0.051
0.007
0.062
0.01
0
0
0.01
0.124
0.031
0
0
0.261
0.017
0.048
0
0
0
0
0
0.23
0.275
0
0.048
0
0
0
0
0
0
0
0
0
0.184
0
0
0
0
0.034
0
0.01
1.505
0.187
0.027
0.424
0.106
0
0.901
3.672
0.697
0
1.533
3.253
2.972
7.138
2.079
1.299
0.35
0.096
1.02
0.1
0.395
0.932
14.116
6.657
0
0
0
0
0
0
0.299
0.029
0
0
0
0
0.154
0.088
0.007
0.007
1.196
0.501
0.01
4.678
1.971
10.427
8.161
1.147
15.94
8.854
3.622
8.367
0
12.13
11.985
0.618
0.045
0.288
0.034
0
0.343
13.534
41.772
0.532
12.33
8.286
0.645
2.345
4.161
18.052
9.562
0
0
3.904
4.056
2.769
3.89
2.645
0.168
6.758
0.769
0.103
0.53
2.125
5.969
0.433
0.01
0.033
0
2.956
0.046
4.576
5.176
1.107
16.437
8.72
18.687
9.69
4.686
0.7
13.817
5.655
8.82
5.747
18.109
9.616
9.016
0.041
0
0
0
0.221
0.185
0.041
0.415
1.741
0.11
7.811
7.445
3.395
5.953
4.075
2.937
2.908
1.421
2.76
3.583
11.086
0.426
0
5.744
2.822
9.52
1.912
4.779
6.379
6.686
1.32
10.202
6.223
8.973
1.913
11.941
4.165
8.248
1.576
1.605
0.524
5.625
5.332
3.828
13.441
15.269
3.852
14.749
6.758
14.365
4.583
3.143
1.306
7.121
0.323
5.931
4.556
12.338
3.165
4.911
7.56
3.138
1.013
8.068
1.27
10.264
10.722
3.783
4.748
7.096
8.703
10.001
3.176
2.62
1.428
3.148
6.142
2.817
0.817
2.024
4.927
2.438
5.593
0.726
1.439
8.442
4.937
8.442
7.962
2.098
2.901
0.12
0.347
2.892
3.686
3.889
0.331
2.122
9.119
3.48
0.223
0.215
3.607
3.069
3.141
3.267
2.546
0.264
1.095
0.431
3.536
1.548
1.99
10.351
0.649
0.74
2.441
0.676
0.014
5.534
0.627
0.948
5.016
2.626
2.256
1.274
7.289
1.778
2.07
2.762
5.219
5.284
8.72
4.798
8.587
9.208
13.963
2.084
3.976
1.583
8.202
1.071
24.973
4.037
2.067
0.082
5.503
0.718
6.24
3.145
8.219
8.085
29.569
28.453
3.523
0.398
4.523
7.907
53.614
4.715
2.485
3.83
1.768
2.372
5.502
1.336
3.842
4.01
3.449
3.663
1.781
3.219
0.055
2.695
0.728
0.136
5.219
1.881
1.832
0
6.453
12.088
0.158
3.129
0
0
0.17
0.115
0.055
0
0.23
0.635
0
0.594
0.208
0.203
5.447
2.46
2.43
1.333
2.017
0.338
7.278
0.137
0
0.477
2.129
1.311
0.141
3.304
3.624
0.652
0.007
0.027
0.055
0.038
0.014
0.113
0.417
0.124
2.158
0.651
0
0
0
0.01
0.045
0.055
0.007
0
0.049
0
0
0.007
0
0
0
0
0
0
0.208
0
0
0
0
0
0
0
0
0
0
0
0
0
0
0
0
0
0
0
0
0
0
0
0
0
0
0
0
0
0
0
0
0
0.048
0.048
0
0
0
0
0
0
0
0
0.051
0.003
0
0
0
0
0
0
0
0
0
0
0
0
0
0
0.089
1.123
0.124
0
0
0
4.951
0.687
5.473
6.949
0.927
9.785
2.396
0.99
3.529
4.237
10.471
1.02
13.438
3.214
30.906
76.049
0.446
5.545
0.014
0
0
0
5.552
1.459
1.624
3.052
0
0
0.038
0.611
0.848
0.11
0.345
0.065
0.271
0.295
0.048
0.786
0.628
0.632
2.053
2.626
0.354
3.646
8.147
19.274
2.795
0.041
0.01
1.669
23.693
0.045
0.069
4.477
0.316
0
0.669
2.971
9.508
0.117
0.034
0.062
4.443
4.549
2.247
2.774
1.799
2.378
1.66
0.194
0.039
0.017
0
0
1.742
1.863
0.584
10.26
0.663
0.589
0.053
6.257
0.01
0
3.205
12.616
0.738
1.183
0.034
5.297
0.055
0
4.024
10.269
2.275
7.007
0
0
0.486
70.845
52.394
0.003
0.794
7.728
4.876
0.302
9.556
2.867
1.729
5.116
11.403
5.593
9.268
8.734
13.054
4.511
4.137
3.964
0.484
1.305
44.663
11.24
4.523
3.042
1.286
4.98
2.951
6.001
3.591
17.923
8.755
4.661
15.371
1.926
6.152
0.623
2.637
6.207
4.017
2.561
1.179
1.166
0.238
4.604
7.407
1.636
3.141
6.878
0.058
1.9
4.146
1.83
5.04
0.014
0
2.132
0.168
0.007
9.139
0.124
7.306
29.275
12.425
4.264
2.06
3.189
5.177
2.015
0.154
31.414
60.401
17.647
55.047
4.879
8.944
11.446
1.521
2.747
12.16
0.336
8.98
3.419
0.311
2.099
3.723
1.464
1.487
5.313
9.706
2.823
13.706
32.413
1.248
9.213
7.28
7.407
4.391
21.475
26.032
3.256
3.55
3.888
0.488
1.154
3.638
5.661
0.797
7.302
8.849
11.433
7.608
6.406
14.196
8.782
11.869
7.467
5.109
9.383
0.051
2.585
0.209
2.118
3.708
19.494
6.382
0.46
7.907
5.363
0.721
6.709
2.575
5.122
3.141
0.343
0.151
4.408
2.647
1.214
1.449
1.487
2.896
0.934
0.249
0
0
1.346
0.144
0.187
0.369
1.269
0.352
0.125
0.017
0.062
0.379
0.163
0.014
1.207
0.122
0.492
0.076
3.66
0.599
0.522
0.158
0.039
0.031
0.266
0
0.482
4.873
0.742
0.017
0.01
0.031
0.173
0.055
0
0.003
0.041
0.01
0
0.082
0.153
0.331
0.355
0.081
0.034
0.031
0
0.041
0.031
1.93
0.122
0.122
0.014
0
0.266
1.667
3.26
4.533
1.49
0.058
0.048
0
0.22
0.225
0.136
0.179
0.007
0.434
0.014
0.003
0.12
0.007
0
1.145
0.082
0
0
0.872
2.223
2.602
0.101
0
0
0
0
0
0
0
0
0
0
0.81
0.086
0
0
0
0
0
0
0
0
0
0
0
0
0.017
5.004
32.264
7.526
1.275
0.123
0.038
0.043
0.017
0
0
0
0
0
0
0.003
0
0
0
0.041
0
0.017
0
0
0
0
0
0
0.551
3.179
0.906
0.046
0
0
0
0
0
0
0
0
1.305
4.115
0.596
12.6
3.214
0.134
0
0.003
13.324
11.508
0.53
2.554
3.186
6.736
0.711
0.168
0.192
0.014
0.192
1.449
12.514
13.671
0.745
0.124
3.169
3.612
9.637
0
6.376
0.714
4.034
2.568
0.936
1.442
0.021
0.999
1.84
0.007
0.003
0.223
2.915
0.398
0
0.003
0.058
2.932
5.709
0.076
7.117
5.898
0
0.089
0.542
0.041
0.027
0
1.888
0.807
0
0.007
2.551
11.179
2.057
3.519
1.138
0.395
0.029
0.024
3.095
0.338
0
0.501
1.806
8.77
0
0
0.797
4.918
0.457
5.768
8.181
0.311
1.337
7.466
1.998
0.069
0.477
22.184
0.63
6.886
2.518
2.014
0.184
1.035
5.299
2.468
10.819
11.922
5.055
9.611
5.364
0.784
4.087
0.187
0.385
1.351
6.794
6.137
2.702
8.202
7.83
0.251
6.396
11.949
4.745
3.284
0.007
0.069
13.036
8.639
8.029
4.992
4.738
2.846
0.158
9.338
5.435
7.43
4.441
12.641
2.685
3.081
7.254
3.934
1.768
0.11
0.714
2.184
1.087
1.366
0.072
1.02
7.296
0.306
0.086
0.295
0.024
5.129
0.089
7.953
4.449
13.844
3.852
13.448
7.792
12.004
4.111
5.568
8.384
17.157
17.829
7.014
8.95
11.134
1.534
1.746
21.254
0.342
6.218
19.506
2.118
5.237
12.918
5.685
27.703
19.678
2.772
2.07
4.326
2.443
0.112
53.301
1.789
3.076
12.375
0.479
0.137
17.379
13.632
0.34
3.229
3.344
5.397
2.547
0.227
5.428
4.491
1.614
2.359
15.384
15.058
0.134
1.576
2.115
0.105
0.027
0
2.729
1.905
2.044
0.108
0.374
0
0.348
0.714
4.635
0.807
1.24
0.155
0.067
0.033
0
1.246
0.115
3.84
1.479
0.134
0.463
10.231
0.939
0.079
0.326
6.8
1.562
9.167
5.484
3.611
4.977
0.29
0.065
0.057
0.07
0
0
0
0.003
0.453
0.106
0
0.051
0.058
0.062
0.017
0.072
0.13
0.007
0.034
0.92
0.203
0.127
2.256
0.982
5.658
1.579
0.271
0
0.57
1.195
0.91
3.076
0.718
0
0
0.088
0
0.021
0
0
0
0
0
0
0
0
0
0
0
0
0
0
0.01
0
0
0.031
0
0.137
0.017
0.924
0.297
0.149
0.271
0.537
0.079
0.098
0.038
0.316
0.055
0
0
0
0.086
0.034
0.021
0.051
0.021
0
0
0
0
0
1.315
0.395
0.33
0.113
0.021
0.168
3.498
0.398
0.532
2.046
0.93
0.34
85.8
46.158
0.92
4
5.988
1.624
0.069
0.156
0.12
1.911
0.158
1.825
0.896
0.069
0
3.919
2.699
0.64
0
0.307
0.017
1.044
0.014
0
0.089
0.978
1.512
0.846
3.266
0.354
3.253
0.288
1.408
0.251
0.007
4.552
6.508
30.027
0.45
20.819
3.876
0.062
2.798
1.62
5.383
53.424
0.402
0.182
13.578
8.985
0.11
0
1.14
0.096
0.034
2.338
0.11
0.021
0.106
0.158
0.79
0.391
7.855
0.639
4.765
8.561
0.233
1.579
3.684
5.483
3.996
0.46
0.017
0.783
1.717
1.157
0
15.055
7.145
3.299
8.291
9.263
8.013
10.688
3.826
15.765
5.074
16.579
11.515
12.535
9.033
1.233
1.964
6.485
1.275
0.278
6.478
15.542
1.332
0.378
2.42
3.176
0.807
5.799
1.418
1.329
0.673
6.06
8.381
15.92
6.06
0.978
7.629
0.515
0.003
3.945
6.956
2.115
16.83
3.131
3.516
2.3
6.503
1.823
10.928
2.335
12.641
1.054
10.829
6.923
3.553
12.893
4.71
2.307
0.251
5.941
1.063
0.462
16.615
11.778
4.005
4.312
0.699
0.295
4.25
4.889
4.891
3.263
1.848
3.377
0.199
2.45
5
0.179
0.089
4.111
4.87
2.245
13.699
16.272
0.415
1.898
2.959
0.982
0.893
0.76
0.076
0.093
7.175
3.953
3.761
10.274
11.967
1.923
2.886
2.06
6.786
3.912
0.768
0.632
2.599
3.006
3.692
1.04
0.945
0.142
4.15
6.245
0.321
0.261
9.702
21.883
10.732
7.666
8.176
3.892
0.048
0.189
7.187
17.516
10.554
4.554
5.682
11.527
8.137
3.986
8.144
12.205
13.221
3.08
5.572
47.457
9.033
5.244
1.195
1.971
2.238
2.043
5.311
2.28
7.687
4.12
0.724
2.019
5.462
12.411
7.361
0.041
3.375
3.011
1.818
0.858
0.477
3.543
0.505
9.098
0.082
0.297
3.481
4.803
63.717
32.93
4.728
7.122
6.152
8.556
8.607
1.655
9.611
3.529
1.169
0.33
0.031
1.119
3.852
1.794
2.252
0.608
4.82
8.497
1.72
0.014
0.151
0.151
0
0
0
0
0
1.339
0.433
0.007
0.034
0.525
0.151
0.738
0.23
0.151
0.014
0.062
0.031
0.045
0.252
1.126
0.143
0.01
2.484
0.386
0
0.021
0.003
0.007
0.107
0.031
0.179
0
0
0
0
0
0.081
0.007
0
0.086
0.865
0.069
0
0.051
0
0
0.102
2.487
0.112
0.102
0
0
0
0
0
0
0
0
0
0
0
0
0
0
0
0
0
0
0
0
0
0
0
0
0
0
0
0
0
0
0
0
0.215
0.014
0
0
0
0
0.055
0.007
0
0
0
0
0
0
0
0
0
0
0
0
0
0
0
0
0
0.079
0.108
0
0
0
0.867
3.493
0.503
0.894
0.082
0.46
3.05
0.465
3.135
0.076
0
0.017
30.806
13.17
3.981
1.655
1.737
0
0
0.922
3.942
4.69
0
0
0.069
0
0.01
0
1.847
0.999
0.35
28.606
15.233
0.56
1.178
2.846
12.315
7.866
2.455
0.179
7.999
1.844
0.062
7.876
3.025
1.713
4.357
0.893
0.055
0.11
0.096
2.585
1.133
7.114
16.54
4.841
5.397
1.488
2.168
24.084
26.13
0.28
4.63
5.694
0.064
8.344
10.396
44.835
18.914
3.72
0.565
11.553
2.39
3.236
7.308
1.039
10.504
6.379
0.35
2.345
3.416
4.911
4.846
9.46
6.209
5.184
1.169
1.615
8.576
31.119
5.245
0.148
0
3.739
1.471
2.653
10.18
1.542
2.848
2.628
7.56
11.575
8.285
0
0.257
1.651
0.003
0.014
0.007
0.027
0.382
9.635
0.755
3.986
2.041
0.516
0.003
2.35
4.995
4.992
7.838
12.361
0.227
6.01
5.047
1.521
0.742
0.872
5.194
3.135
4.199
0.965
2.712
6.327
0.695
0.704
4.165
4.949
0.395
0.752
0.707
1.02
4.988
7.874
3.435
1.754
0.616
0.172
2.125
0.975
0.024
4.448
5.668
3.148
5.296
0.463
0.007
0.087
1.702
0.745
0
0.024
0.024
0.081
0.441
2.044
4.238
1.473
0.29
0.027
0.273
0.069
0.007
9.824
2.015
0.114
0.051
0
0.271
0.161
0.299
0.589
2.091
8.888
32.441
0.831
0
1.576
15.741
0.043
0.034
7.625
7.896
0.096
0.599
14.569
5.764
15.042
20.58
4.561
21.24
0.714
7.481
1.236
0.618
2.736
5.037
12.064
14.081
1.181
0.67
5.339
2.316
1.31
1.283
3.093
2.836
29.272
16.638
5.861
5.87
1.66
4.467
3.15
4.599
3.922
3.541
5.783
3.07
0.943
2.922
1.717
0.325
1.349
0.154
0.017
0.051
0.083
11.663
1.969
0.472
0.089
0.089
0.755
5.747
8.655
1.761
6.985
5.517
2.166
0.36
0.244
0
0
0.388
1.133
0.069
0
0.027
0.148
0.036
0.026
0.484
0.419
0.165
0
0
0
0
0
0
0
0
0.027
0.017
0
0.189
0.021
0
0.007
0
0
0.038
0.007
0.101
0.003
0
0
0.024
0.13
0.091
0
0
0.048
0.041
0
0
0.003
0.01
0.055
0.021
0.021
0.007
0.165
0.034
0.007
0
0
0
0
0
0
0
0
0
0
0
0
0.086
0.034
0
0
0
0
0
0
0
0
0
0
0
0
0
0.848
0.307
0.003
0.003
0.003
0
0
0
0
0
0
0
1.99
0.645
0.036
0.112
3.711
0.362
0
0.017
0
0.017
0
4.564
0.784
0
9.67
8.224
2.862
0.264
1.289
3.318
10.018
0.723
5.898
5.9
5.479
0.403
0
4.41
0.13
12.1
0
0.103
0.112
0.367
0.034
0.045
0
0
0
0.003
0.031
0.76
0.579
2.472
0.23
1.669
3.882
0.144
0.199
2.01
0.282
0.142
0.125
0.01
0
0
0
3.311
0.596
0.613
2.741
4.99
0.451
3.613
16.018
0.429
0
0.977
9.508
0.247
0.92
5.914
8.623
10.871
0.082
0
1.174
1.051
6.884
1.037
0.069
2.496
0.385
0.189
20.277
6.269
0.203
7.055
1.878
54.963
11.858
0.453
0.182
0.402
5.033
6.812
3.481
2.304
0.069
0.91
6.273
0
0.041
10.883
2.719
1.068
5.219
0.096
1.095
5.66
4.14
5.035
10.828
7.507
1.993
4.08
8.073
0.251
0
0.307
5.126
3.177
3.172
0
0.98
7.359
0.24
8.506
14.808
1.964
6.664
0.628
2
4
2.956
3.885
4.901
14.342
7.763
2.499
4.21
4.086
2.421
0.364
0.01
3.311
1.119
0.985
1.96
3.387
6.76
1.124
6.079
23.964
5.771
2.032
8.058
6
1.305
5.026
6.182
19.98
8.33
3.385
2.772
2.68
6.678
3.564
29.864
11.421
0.482
0.3
3.859
2.685
0.189
0.01
0.218
2.24
0.27
0.232
2.58
0.694
1.301
7.28
0.247
2.644
0.103
7.974
10.978
0.146
0.639
5.028
6.001
3.861
4.487
7.917
3.526
10.329
3.56
2.238
3.028
12.895
12.154
8.741
11.302
5.143
13.395
1.081
3.457
1.919
0.086
0.154
2.812
9.459
21.004
5.751
7.558
12.415
12.995
17.142
7.179
0.446
7.052
9.606
2.257
2.158
5.225
8.552
19.011
3.059
0.117
5.902
44.979
4.841
1.39
4.209
15.371
17.733
0.426
3.505
4.573
10.667
1.045
1.039
1.878
2.887
2.414
0.264
5.658
2.875
7.09
8.264
1.305
0.1
0.034
2.971
0.601
0.965
0.549
0.014
0.326
0.948
0.209
0.134
5.771
0.003
0.014
0.076
0.587
0.065
0.508
2.118
0.556
1.241
5.885
0.093
0.199
1.196
0.124
0.628
0.051
0.294
0.299
0.388
1.583
1.14
0.385
6.142
3.066
0.975
10.908
8.042
17.451
3.985
2.75
0.275
0.197
0
0
0.072
0.191
0.206
0.021
0.081
0.074
0
0
0
0.039
0.007
0
0.003
0.199
0.031
0
0.167
0
0
0
0
0
0
0
0
0
0
0.072
1.868
0.216
0.355
1.524
0.223
0.055
0.038
2.441
0.106
0.045
0.041
0.089
0
4.925
0.46
0
0
0.069
0.014
0
0
0
0.027
0
0.179
0.968
0
0
0
0
0
0
0
0
0
1.373
0.848
0.271
0.014
0
0
0
0
0.031
0.271
0.014
0
0
0
0
0
0
0.034
0.575
0.546
0.364
2.946
0.862
0.257
0.254
0.017
2.935
11.192
0.886
0.014
0.429
4.317
1.219
0.755
0.089
0
0.017
0.024
4.71
0.385
0.017
0.85
0
0.058
0.007
0
0
0.203
0.184
4.29
3.541
4.872
8.344
0.197
0.398
0.603
0.342
0
0
0.33
0.39
0.139
0.007
3.675
2.391
0.505
0.007
0.038
0.003
0
0.105
1.928
0.85
0.003
0.299
0.726
0.252
0.093
1.39
1.224
6.98
3.765
2.7
0.149
5.296
0.199
0.479
0.057
0.076
0
0
0.314
0.036
3.972
0
0.014
10.916
0.738
0.051
2.563
6.59
0.716
1.164
2.5
6.793
15.12
1.252
1.711
0.587
2.465
7.28
0.237
5.919
1.521
9.699
3.88
0.034
7.117
10.355
3.521
17.705
5.098
0.154
10.719
0.141
2.242
8.988
8.408
1.693
0.117
1.001
7.704
3.886
11.016
10.67
2.716
12.408
0.017
4.872
0
0.304
6.052
0.748
0.024
7.55
3.138
0.127
0.086
1.208
3.888
0.134
2.299
6.314
19.336
0.175
0.582
1.778
1.248
0.811
7.757
2.117
3.952
1.027
2.002
1.675
5.931
1.404
0
2.718
2.767
5.836
0.003
0.021
0.4
0.252
0.007
0
0.312
0
3.892
6.511
1.234
0.106
0
2.419
7.879
0.973
5.364
21.028
7.337
3.402
0.421
0.076
3.413
8.339
2.493
2.374
38.354
25.028
5.756
18.332
12.82
24.584
25.423
51.859
4.535
0.168
0.74
0.541
1.171
0.024
1.329
8.537
2.462
1.499
0.031
1.638
5.517
5.295
0.821
13.59
16.209
14.445
21.09
1.609
97.337
0.625
4.331
1.566
2.851
9.917
5.107
4.959
7.29
20.026
3.39
1.433
7.405
3.961
17.825
16.207
7.646
4.87
7.018
0.352
6.657
14.19
6.5
21.855
24.091
25.23
18.534
4.673
2.632
0.031
0.779
1.809
2.891
2.403
1.971
2.311
0.965
7.591
1.513
0.1
0.031
5.028
0.941
0.566
0.661
0.109
0.091
0.048
0.014
0
0.074
1.112
0.122
0.003
1.107
0.17
0
0.743
0.311
0.1
0.534
0.094
0.062
0.055
0
0.007
0.017
0
0
0.604
0.12
0.034
0.027
0.611
0
0
0
0
0
0
0
0
0
0
0
0
0
0
0
0
0
0
0
0
0.079
0
0.041
0
0
0.007
0
0
0
0
0.151
0.014
0
0
0.007
0
0
0
0
0
0
0
0.188
0.065
0.024
0.058
0
0
0.064
0
0
0
0
0
0
0.027
0.076
0.048
0
0.065
0
0
0
0
0.144
0
0
2.826
0.855
0.007
0.01
0.034
0
0.306
0.021
0
0
0
0
0.017
0
0
0.244
7.028
1.641
0
0.542
13.584
3.437
0.743
0.388
2.062
3.133
0.194
6.121
9.453
1.202
4.003
0.954
0.398
1.408
2.877
1.262
0.253
10.046
1.119
2.872
0.271
0.175
0.144
0.017
0
0
0.851
0.27
2.393
1.864
3.27
1.581
1.785
0.13
0.443
0.213
0.772
0.92
6.633
1.699
0.491
0.01
0.972
1.789
15.065
19.741
4.501
2.472
0.233
1.219
0.412
24.525
0.247
1.102
0.01
0.402
4.384
0.251
1.576
0.034
3.519
4.59
0.192
0.192
5.459
2.163
1.428
8.075
9.867
19.278
12.72
2.795
0.093
0.021
3.45
1.576
0.203
0
0.563
0.395
0.295
15.264
1.813
5.727
6.781
0
7.653
5.201
0.769
2.712
0.209
1.646
2.42
6.43
13.652
4.763
2.141
9.915
0.7
2.908
8.974
6.729
1.04
0.967
0.103
51.147
0.244
1.825
1.578
3.926
0.694
3.631
2.838
27.279
3.316
2.407
4.71
7.155
14.771
5.634
12.593
10.513
11.546
5.507
2.438
1.404
7.11
4.858
2.02
7.594
6.842
5.162
6.717
1.905
1.627
9.167
0.35
1.548
6.317
14.773
8.521
1.572
3.238
8.859
2.62
2.493
0.227
20.876
8.223
1.26
2.147
0.345
4.801
2.438
17.161
3.363
6.186
2.359
2.189
0.451
7.278
0.173
7.733
5.486
8.521
1.064
7.61
5.039
2.13
16.136
8.228
3.264
13.52
5.37
8.866
6.6
8.807
3.403
5.493
12.741
4.692
2.225
55.481
1.686
9.895
9.156
30.302
0.838
4.192
2.424
8.617
4.364
4.762
2.245
1.665
2.86
2.331
0.412
0.003
4.958
14.536
2.022
8.665
4.728
5.991
7.89
12.566
23.257
4.999
8.188
13.602
3.977
3.381
0.208
0.041
0.239
1.797
1.404
10.191
2.319
6.321
7.965
9.562
10.237
3.411
6.793
2.448
1.72
2.127
2.961
5.418
12.572
7.529
2.518
3.658
4.574
3.792
0.566
0.057
2.216
1.224
2.144
2.468
2.245
7.083
5.217
12.991
3.093
4.518
3.771
0.304
0.024
0.003
0.122
0.247
0.091
0.591
0.074
0.003
0
0.161
0
0.142
0
0.003
0.048
0.069
0.035
0
0
0.021
0.093
2.559
6.688
0.443
0.594
2.147
8.018
1.6
0.089
0.048
0.659
0.132
0.031
0
0
0.007
0
0
0
0.076
0.072
0.599
0.134
1.928
0.216
0
0
0
0
0
0.125
0.038
0.003
0
0
0
0
0
0.014
0
0
0.024
0.014
0.185
0.031
0.01
0.014
0
0
0
0
0
0.027
0.007
0
0
0
0.144
0.014
0
0
0
0
0.058
1.004
1.655
0.338
0
0
1.142
0.086
1.064
0.17
3.924
2.505
1.474
0.551
3.687
2.747
0.675
0.228
0.525
0.01
0
0
0
0.06
4.185
0.702
0.469
7.347
5.61
1.409
0.118
1.328
5.897
0.494
3.636
2.134
2.072
2.997
7.775
0
0.748
2.889
56.547
8.096
0.388
0.077
0.606
0.534
0.433
4.26
0.92
6.571
0.838
39.575
0
0.153
3.064
2.532
17.412
12.403
25.061
17.532
0.172
0.575
0.027
0.103
0.007
0
1.028
3.03
15.939
43.87
0
0.434
0.79
3.304
10.562
0.098
0.299
0.051
0.007
4.077
16.492
0.292
0.007
0
3.66
0.452
0.76
0.232
0.158
0.024
0.014
18.577
8.384
4.28
0
4.897
9.431
3.066
4.434
1.368
7.265
0.764
0
1.684
0.154
0
0.021
0.027
0
7.888
0.245
3.625
0.614
0.891
16.646
6.104
10.729
8.626
0.78
8.775
1.047
9.091
2.757
8.169
10.123
14.499
15.242
8.144
14.363
5.881
5.438
2.867
4.102
10.585
17.602
1.205
0
1.711
0.082
1.569
9.524
1.857
4.295
0.53
5.177
5.157
2.723
5.1
2.123
8.998
11.414
4
9.678
0.762
4.341
6.98
2.163
4.185
2.146
2.541
1.483
5.988
5.836
2.184
3.979
8.449
0.082
0.199
0.079
1.469
0.534
0.872
3.073
1.167
0.129
0.154
0.172
0.014
1.342
6.633
4.225
0.18
8.037
3.309
13.417
0.364
9.265
0.996
0.481
9.376
1.818
4.86
16.112
3.203
5.136
4.487
1.722
2.012
0.7
8.356
1.531
1.608
8.165
5.131
10.325
0.843
0.183
3.631
0.548
5.912
1.607
2.936
2.962
3.998
0.127
1.816
5.605
0.051
7.124
3.452
7.498
10.736
10.002
2.393
1.972
3.923
8.102
0.221
1.168
3.113
0.223
2.452
6.824
0.264
3.522
4.599
12.348
0.461
0.604
0.5
0.314
0.257
4.81
15.369
0.118
2.451
11.793
3.471
2.431
1.818
1.929
0.113
7.249
18.649
5.836
7.155
0.579
0.201
2.026
1.203
4.937
2.522
0.536
0
0.003
1.241
2.232
3.131
0.342
0.003
0
0.038
0.021
0
0.148
0.024
0.007
0
0
0
0.076
0.199
0.089
0.137
0.041
0.285
0.11
0.096
0
0.179
0.35
0.082
0.12
0.148
0.051
0.051
0.021
0.027
1.373
2.431
2.11
0.299
7.89
0
0
0.676
0.306
0.086
0.01
2.098
0.204
1.5
0.345
0.078
0
0
0.045
0.045
0.021
0.014
0
0
0.007
0
0.007
0
0.034
0
0
0
0.003
0.014
0.041
0.024
0.048
0
0.161
0
0.697
0.055
0
0.041
0.007
0.003
0
0
0.031
0.089
0.065
0.034
0.021
0
0.134
0.017
0
0
0
0
0
0.082
0.034
0
0.127
0.151
0.199
0
0
0
0
0
0.103
0.082
0
0
0
0.137
0.079
0.151
0
0
0
0
0
0.014
0
0
0
0
0.065
2.081
0.326
0.522
10.519
53.867
0
0
0
0
0
0
0
0.025
0.007
0
0.003
0.007
0
0
0.055
0.051
1.868
0.154
0.954
3.459
22.33
30.108
15.716
17.779
0.149
0
0.534
1.02
1.234
7.799
12.408
2.59
7.896
0.671
0
0.01
0.017
0.003
0
15.451
82.684
0
3.73
0.877
20.977
4.831
1.409
0.666
0.01
1.802
0.75
1.483
4.46
6.987
3.296
0.093
2.669
6.829
7.852
8.193
3.023
0.064
12.579
8.585
3.897
17.549
3.177
0.263
0.254
0.029
2.889
0.613
0.007
0.01
0.007
1.475
12.021
2.202
7.721
0.069
2.566
9.611
7.467
2.18
0.148
0.563
14.207
11.544
7.357
7.484
4.096
3.52
8.708
7.677
1.351
9.895
8.609
5.483
4.467
45.274
21.686
6.432
0.084
9.297
18.479
15.947
11.417
6.254
3.838
3.864
4.389
0.218
2.844
4.609
2.844
8.611
2.731
8.284
4.247
0.366
3.538
3.189
0.917
4.271
0.412
0.239
0.069
4.213
7.278
2.369
4.855
4.978
4.264
1.112
2.269
2.982
0.367
2.939
0.944
1.027
1.476
6.255
5.061
5.297
2.949
5.733
2.843
0.199
5.376
3.461
8.724
0.211
1.255
2.389
3.227
1.073
0.244
0.263
0.207
0.676
6.791
0.757
0.146
2.738
4.34
4.098
5.663
0.536
0.124
5.48
1.306
9.159
10.639
4.027
3.576
5.197
6.921
0.374
6.894
37.469
2.107
8.186
0.304
1.051
0.621
12.078
17.049
22.361
10.447
8.665
1.102
9.84
16.555
10.969
6.729
19.434
5.205
7.34
26.577
9.551
1.808
2.156
0.489
3.783
20.946
1.016
0.628
0.106
0.783
3.444
54.884
0.003
0.12
0
1.739
12.781
0.093
0
0.504
0.062
4.348
6.278
4.352
3.835
3.667
11.04
0.085
3.669
1.296
0.294
1.347
0.362
1.138
1.261
0.326
3.747
4.051
0.369
6.643
0.076
8.537
0.069
1.011
0.082
1.423
0.211
1.123
0.482
4.302
3.998
5.737
0.194
0.287
0.017
0.957
0.076
0.038
0
0.027
0.034
0.802
2.42
1.519
4.171
0.707
0.17
0
0.089
10.574
0.424
0.506
0.034
0.021
0.007
0
0
0
0.088
0
0.086
0.045
0.007
9.525
2.666
0.257
11.795
0
0.578
0
0
0
0
0
0
0
0
0.014
0
0.003
0
0
0
0
0
0
1.038
0.117
0.014
0.045
0
0
0
0
0
0
0
0
0
0
0
0
0
0
0
0
0
0
0
0
0
0.11
0.024
0
0.664
0.003
0.98
0.666
0.517
0.031
0
0.149
0.014
0
0
0.759
8.181
2.803
0
0
0.045
0
0
0
0
0
0
0
0.027
0
0
0.007
0
0
0
0
0.127
0.007
0.017
0
0
0
0
0
0
0.05
6.13
4.813
10.729
2.724
0
0
0
0
0
0
0.048
0.014
0
0.714
0.041
0.201
0.867
0.994
0.058
0
0
0.144
0.1
0.391
0.034
0.058
0.165
0.021
0.021
0.227
0.879
5.988
1.123
0.021
0.017
1.287
2.65
1.092
0.069
0.014
2.561
0.484
0.584
1.566
0.11
0.615
0.141
7.92
19.597
2.99
6.472
6.067
11.91
5.689
14.083
3.571
2.3
0.896
6.132
0.536
1.081
0.223
0.175
0.086
0.724
0.041
0.518
0.397
0.014
9.459
0.062
0
0.027
0
1.469
6.376
0.687
0.546
2.747
1.195
11.611
13.719
15.863
11.563
3.023
31.594
0.407
0.106
7.229
1.043
0
0
0.141
8.402
9.187
0.304
0.532
0.27
0.017
2.977
8.894
4.494
0.542
0.227
0.477
7.998
12.435
9.903
3.975
7.387
2.069
5.874
7.364
0.003
0.144
6.993
2.118
1.778
0.117
1.737
3.382
10.583
2.122
10.691
0.173
4.511
1.318
5.644
1.26
0.048
4.017
4.721
9.479
11.385
7.337
2.139
5.548
6.956
10.487
0.161
1.184
2.245
1.928
16.581
3.243
2.441
1.931
0.256
3.718
7.943
14.856
6.405
4.86
7.411
1.899
1.554
1.79
4.534
3.874
3.495
1.119
0.819
3.22
0.956
10.454
3.117
0.096
0
0.137
4.283
3.814
1.246
0.261
6.315
2.577
0.01
0
0.237
0
0.319
0.079
0.003
2.57
8.466
17.188
6.983
0.657
6.139
13.521
1.363
10.94
9.898
3.347
7.121
4.901
7.06
2.685
16.825
19.03
5.148
0.512
0.688
0.137
0.522
2.35
10.696
0.163
0.257
5.174
1.941
2.673
0.515
10.955
15.659
3.689
0.185
0.942
1.73
0.809
80.065
30.784
3.596
0.546
7.546
47.658
16.248
1.118
0.587
0.081
0.237
0.13
1.681
0.364
0.154
0.191
0.184
0.714
0.427
0.297
0.117
0.189
0.103
0.048
0
0.045
0
0.558
0.172
0
0.11
0.441
0.15
0.058
0.082
0.413
0.153
0
0.167
4.25
0.685
0.048
0.055
0.45
0.079
0.003
0.01
0.003
0.084
0.094
0.216
3.741
0.33
0.014
0
0.084
0.048
0.088
0
0
0
0
0
0
0
0
0
0
0.007
0
0
0
0.479
0.191
0.014
0.038
0.168
0.089
0
0.261
0.247
0.003
0.103
0.106
0
0.065
0.391
0.415
0.137
6.482
0.982
0.021
0.017
0
0
0
0
0.192
0.014
0
0.048
1.112
0.017
0
0.309
0.556
0.089
0.027
1.957
0.233
0
0
0
0
0
0
0
0
0.168
0.127
14.014
7.248
3.763
4.388
0.24
0
0.069
0
0
0
0
0.299
0.199
1.418
0.065
0.194
0.527
3.804
0.494
0.031
2.65
1.375
1.408
1.419
0.151
1.917
4.667
0.033
0
0.338
0.304
8.904
12.457
0.359
0.007
0.01
0.515
0.324
2.481
1.631
1.744
0.124
0.007
0
0
5.706
13.434
0.597
0.086
0
2.05
0.937
0.158
0
0
0
0
0
0
4.968
0
0
1.414
0.251
2.108
0.199
0.364
0.481
0.027
0
4.436
11.405
11.604
0.055
0.458
0.062
0
3.215
0.549
0.062
3.083
1.418
1.363
0
0.702
0.051
11.845
0
13.233
8.746
3.568
0.069
2.494
4.436
9.419
1.857
0
0
2.307
44.874
10.653
0.026
9.402
5.806
5.17
3.107
1.686
0.158
10.913
15.026
0.649
0
5.746
3.779
6.084
0.098
6.018
0.498
0
2.468
6.581
5.725
3.293
8.157
7.692
3.179
0.1
0
2.408
4.786
0.853
0.1
11.426
74.652
1.088
1.986
12.803
86.04
0.369
3.346
8.768
7.038
9.798
6.904
5.486
2.544
6.557
1.607
14.442
0.391
1.905
22.318
11.477
2.142
7.599
6.238
2.709
4.587
2.74
1.954
6.727
0.999
0.827
1.693
2.365
9.005
4.106
4.734
0.306
0.182
0.055
0.021
0
2.036
0.22
0.007
0.065
4.074
0.415
10.976
0.024
0
0
9.987
3.401
5.682
4.643
9.846
7.309
11.46
15.166
253.52
13.946
4.576
3.88
6.24
2.75
6.418
6.358
5.188
6.611
3.329
1.607
4.34
15.53
1.284
10.473
6.17
3.14
4.777
4.482
12.148
2.639
12.773
11.124
9.083
2.586
0.276
0.347
13.468
12.955
5.842
9.683
0.021
8.066
4.334
4.619
8.821
0.082
0.026
25.072
2.412
1.713
2.099
15.683
2.249
1.679
14.313
1.545
1.195
2.187
0.887
11.484
5.296
2.272
6.076
0.184
0.079
3.504
6.815
3.05
4.409
1.2
7.354
0.259
2.578
8.496
4.175
3.748
4.173
0.544
2.929
0.531
0.333
0.069
0.776
0.763
3.963
6.111
5.122
0
0.093
0.007
0.034
0
3.492
3.606
0.503
1.004
0.254
0.213
0.177
1.761
2.812
5.739
0.472
0.606
0.072
1.056
0.124
0.048
0.069
0.041
0
0
0
0.093
0
0.12
0
0
0
0
0
0
0
0.007
0
0.051
0
0.065
0.197
0.149
0.419
0.254
0.244
0.182
0
0
0
2.709
1.893
0.385
1.308
0.312
0.072
0.014
0
0
0
0
0.007
0.003
5.73
1.5
0.079
0.014
0.697
3.703
0.51
0.017
0.254
0.941
0.439
0.759
0.069
0
0
0
0
0.161
0
0
0
0
0
0
0
0
0
0
0
0
0
0
0
0
0
0
0
0
0.014
0
0
0
0.46
0.089
0.007
0.137
0
0
0
0
0
0
0
0
0
0
0
0
0
0
0
0
0
0.323
0.027
0.419
1.282
0.367
0.062
0.038
0.003
3.612
3.54
0.845
0.017
0
0.385
0.124
0.827
0.412
0.527
0.094
2.786
0.348
2.194
0.661
0.039
0.388
0.463
0.081
0.141
0.141
0.017
1.159
1.471
0.24
0.026
0
1.454
0.108
0.155
0.103
0.294
0.043
0.309
1.928
3.998
0.642
0.656
0.134
0.031
0.058
0.007
0
1.164
1.96
0.278
0.048
0.01
0
5.016
0.431
0
0.096
0.01
0
0.385
0.048
0
0
1.394
9.555
0.887
0.055
0
0
2.846
0.587
0.045
2.008
3.069
0.041
5.4
5.72
13.345
0.683
0.055
0.017
0
7.148
0.045
0
0
7.316
4.484
9.96
7.289
7.232
3.9
5.133
12.336
2.915
0.182
0.021
0.051
0.041
0.306
1.327
7.325
2.953
2.987
2.367
7.347
0.003
9.246
0.056
1.928
5.235
1.507
0.208
9.948
1.638
1.318
0.126
2.131
0.391
0.22
0.01
1.009
0.118
0.172
0.195
0
0.254
0.014
0.065
8.825
0.347
6.09
0.141
0
4.243
4.604
9.242
4.298
8.965
0.627
5.09
23.546
3.116
1.772
0.389
0.245
6.882
4.201
0.137
0.113
4.982
2.494
0
0.106
6.392
9.283
5.459
7.714
9
2.688
5.8
1.696
0.079
3.73
5.851
4.89
1.233
0.318
0.074
6.674
7.569
0.869
10.77
0.697
13.271
11.694
4.243
1.418
2.221
3.746
4.331
8.231
1.251
3.366
0.003
0.989
8.346
0
14.962
0.314
3.625
0.417
0.625
0.076
1.337
1.535
0.992
5.328
0.62
0.273
2.836
5.852
0.906
1.009
0.058
0
0.184
4.51
0.918
0.314
1.156
1.912
1.584
0.154
0.596
0.529
1.727
1.908
0.806
0.055
9.022
7.023
0.038
0.524
0.647
2.906
1.469
0.124
0.137
1.393
0.582
0.611
0.043
0.172
0
0.134
0.12
1.799
0.12
0.027
0
0
0.901
1.687
0.118
0.117
0.014
0
0.038
0
0
0
0
0.074
0.158
0
0.017
0
0
0.048
0.048
0
0
0
0
0
0
0.096
0.1
0
0.055
0
0
0
0
0.058
0.007
0
0.031
0.082
0.034
0
0.034
0
0
0
0
0
0
0
0
0
0
0
0
0
0
0
0
0
0
0
0
0.149
0.271
0.041
0
0
0.07
0
0.089
0.129
0.072
0
0
0
0
0
0.493
0.101
0.027
0
0.021
0.058
0.074
0.007
0.156
0
0
0
0
0
0
0
0
0
0
0
0
0
0.079
0.01
0.067
0.01
0.203
0.038
0.069
0
0.093
0.371
0
0
0
0
0.961
0.427
0.474
6.382
2.197
0.08
0.666
0.026
0.395
1.171
0.105
0
1.099
0.112
0.014
0
0.003
2.625
0.376
0.366
0.15
0.05
16.79
103.617
82.289
0.47
5.411
0.527
0
0
0
0.038
0.038
0.611
0.439
0.01
3.117
0.251
0
0.659
1.971
0
2.028
0.319
0.014
1.078
0.216
0.167
0
0.036
0.331
0.079
0.597
0.312
0.022
0.913
0.115
0.003
0
0
0
0
0
0
0.316
0.415
3.692
0.01
0.105
1.385
19.207
0
0
0.014
0.129
4.165
0.003
0.048
0
0
0.378
2.127
9.241
2.275
0.239
5.977
0
3.433
0
0
2.729
0.024
2.493
5.11
2.487
1.143
2.439
0.05
1.49
27.243
9.148
4.173
1.593
0.496
26.942
4.827
5.578
2.748
2.396
5.153
11.668
6.261
3.332
8.533
1.057
0.134
20.146
10.797
14.004
0.106
6.856
6.2
2.898
5.349
0.161
0.086
1.339
0.45
5.418
0.23
0.129
1.006
0.336
1.013
1.806
4.237
1.342
0.069
0.436
0.069
0.027
1.258
3.704
1.718
0.546
1.157
0.007
0
0.117
3.59
1.243
1.444
3.371
0.218
0.877
0.223
2.293
5.26
0.537
0.795
6.367
1.584
0.024
0.402
1.334
1.746
0.048
9.838
5.387
0.251
1.947
0.39
0.271
0.076
0.482
0.034
0.076
2.34
1.413
0.403
1.924
0.079
7.847
5.193
5.628
3.54
8.937
8.922
3.121
4.388
0.453
3.086
0.05
6.916
0.251
5.809
7.414
7.224
0.882
0.806
4.43
4.161
11.026
0.266
0.441
2.454
1.289
4.908
2.196
1.478
0.556
4.073
5.341
2.046
0.819
2.704
7.38
4.783
50.043
6.207
0.164
17.559
2.262
1.378
0.251
1.626
0.228
3.054
0.257
0
0.017
0.024
0.11
0.156
3.665
0.47
0.196
0.151
0.628
0.062
0.161
0.113
1.119
0.263
0.594
2.939
2.915
3.09
0.141
0.058
0.22
0.179
0.913
0.282
0.556
0.446
0.209
5.493
0.577
0.457
0.301
4.717
0.597
0.096
0.024
0.498
2.103
0.443
0.125
0.062
0.129
0.062
0.211
0.177
0
0.604
0.137
0.058
0.221
0
0.223
0.128
0
0.01
0.027
0.017
0
0.038
0.343
0.139
0
0.007
0.031
0.041
0
0.003
0.041
0
0
0
0.021
1.678
4.053
0.925
0.273
0.069
0.364
0
0
0
0
0
0
0
0
0
0
0
0
0
0.566
0.05
0.01
0.045
0.115
0.056
0
0
0
0
0
0
0
0
0
0
0
0
0.038
0
0
0
0
0
2.836
0.233
0
0
0.12
0.462
0.331
0.024
0
0.256
0.017
0.003
0.455
2.034
0.355
0
0.912
0.129
6.111
22.864
13.642
13.868
3.033
0.053
0
0
1.605
0.113
0.003
0.003
0
0
0
0.117
1.289
0.507
0.177
0.01
1.703
1.121
0.076
0
0.633
0.039
0.007
3.691
0.745
0.041
2.311
5.373
7.907
12.305
4.82
0.282
0
0.165
0.106
0.783
12.171
1.672
32.399
0.608
1.027
0.106
0
0.728
2.688
0.546
3.032
0.302
0.014
0.893
0.872
1.775
0.141
0
0.316
0.316
3.433
0
0
12.796
0.196
8.037
5.725
0
0.053
0.676
1.257
0.103
0.089
0.141
1.284
0.391
3.662
0.522
0.093
0.402
0.051
0.014
3.787
0.182
0.366
1.689
0.173
0.051
4.982
5.194
0.47
0.175
0.106
0
4.199
7.773
0.089
0
0.505
7.517
1.404
2.29
1.414
6.834
9.919
4.106
0.817
0.003
0.261
0.257
0.457
4.422
1.885
0.034
2.242
12.071
15.72
12.564
5.804
0.043
3.014
0.402
0
0
10.294
6.557
3.086
0.106
3.982
0
0.082
8.868
0.592
4.681
10.396
2.565
6.41
17.87
1.641
4.396
0.036
0.779
3.332
4.281
6.325
1.423
0.831
0.455
4.928
0.366
5.737
11.522
3.093
3.811
0.244
0.381
8.962
1.748
3.299
4.872
1.94
0.944
8.399
10.01
14.258
2.139
8.895
12.25
0.227
0
2.341
19.72
7.165
0.051
0.115
1.348
3.763
0.618
0.747
0.726
4.714
16.219
6.258
3.092
3.009
0.11
2.341
1.99
1.62
0.034
0.838
0.714
0
1.066
1.399
2.894
1.65
11.568
0.209
1.183
0.069
12.3
1.489
0
3.231
0.115
4.271
2.606
0.1
1.181
3.852
4.522
9.395
12.027
14.474
3.298
1.567
7.715
0.127
1.547
5.453
8.434
1.456
6
0.323
0.312
1.132
7.907
0.441
0.182
4.494
3.615
0.288
0.082
2.765
0.704
0.247
0.069
0.007
0
0.069
0.319
6.379
9.15
10.739
0.038
0.601
3.581
1.967
0.427
0.326
0.429
7.357
0.512
0.103
0.134
0.082
0
0.051
0
0
0.034
0
0.062
0.06
0.051
0.127
0.319
0.034
0.007
0.062
0.01
0
10.923
7.941
0.045
0
2.604
0.56
0.402
0.312
0.257
0.076
0.051
0.031
0.076
0
0
0.096
0
0.069
0.027
0
0
0
0
0
0
0
0
0
0
0
0
0
0.055
0
0.038
0
0
0
0.046
0.68
6.727
0.051
0
0
0
0
0
0
0.192
0.343
0.069
0.021
0
0
0
0
0
0
0
0
0
0
0.014
0
0
0
0.124
2.16
0.944
1.152
0.851
1.342
0.192
0.851
0.355
0.021
0
0
0
0
3.409
0.385
0.041
0.33
0.542
0
0.292
0.072
0.402
0.041
0
0
0
0
0.021
0
0.089
0.003
0
0
0.065
0
0
0
1.943
0.206
0.027
0.532
0.027
0
0
0.01
0
0
0.474
4.858
0.354
0
0.237
0.479
0.096
2.884
4.922
4.261
1.037
0.158
0.237
2.276
0.251
0
0.014
6.863
0.203
1.514
0.927
0.347
3.735
0.35
1.15
0.096
0.124
0.041
2.983
0.051
0.007
1.394
0.264
0.039
0
0
2.807
7.955
5.409
0.302
0.091
0.805
0.076
1.409
3.845
0
0.003
0
1.809
1.943
1.599
1.045
0.139
0
0.13
0
0.07
0
0.026
0.124
7.987
4.211
4.988
0.64
7.234
18.824
1.802
3.965
4.834
5.239
8.689
8.837
9.689
3.481
13.383
17.285
0.886
7.196
0.045
0
1.552
2.529
1.102
7.817
4.288
0.086
12.543
0.934
44.457
0.412
0
3.485
7.241
7.8
0.048
0
0
0.512
0.051
0
0.136
0.003
0.848
0.216
2.035
0
1.422
15.131
5.989
2.837
10.339
14.459
12.36
2.226
4.398
8.444
0.137
0.232
0.13
2.072
3.004
0.038
1.051
4.721
4.24
0.01
1.16
3.512
0.378
0.491
0.814
8.823
0.505
0.048
1.339
9.074
2.743
15.044
2.431
1.663
2.76
10.145
0.865
0.24
10.526
0.436
3.526
8.073
0.295
0.271
1.243
0.924
1.16
6.988
6.073
0.096
0
1.245
0.985
35.345
8.346
12.732
18.496
7.118
13.992
10.363
5.688
4.17
6.844
4.683
1.308
2.747
5.074
1.193
16.095
9.158
0.385
14.102
4.28
2.422
0.836
5.649
5.895
0.16
1.093
17.171
1.95
6.307
0.172
3.076
0.199
1.445
8.236
1.581
2.736
3.986
0.522
1.27
1.432
11.306
9.793
7.031
15.539
0.982
2.726
2.369
1.281
1.463
0.539
1.092
3.265
0.457
0.496
0.948
0.192
6.767
5.054
3.638
0.776
0.476
0.072
0.053
0
2.692
8.983
4.346
0.438
0
1.354
2.238
3.153
0.278
1.842
3.104
0.141
0.23
0.021
0.132
0.118
0.027
1.251
0.09
0
0.096
0.051
0
0.045
0.96
0.141
0.214
0.736
0.189
0.041
0
0.074
0
0
0
0
2.189
0.731
0.05
0.031
0
0.021
0.12
0.117
0.079
0.247
0.045
0
0.017
0.112
0.225
0
0
0
0
0
0
0
0
0
0
0.086
0.354
0.58
0
0
0
0
0
0.395
0.371
0.443
0
0
7.337
14.078
0.017
0
0
0
0
0
0
0
0
0
0
0.306
0.045
0.021
0
0
0
0
0
0
0
0
0.021
1.408
0.179
0.034
0
0
0.01
0.203
0.014
2.448
0.213
0
1.26
1.181
6.839
2.606
5.002
4.116
7.469
6.959
37.783
0
0
0
0
0
0
0
0
0
0
2.64
0.723
0.014
0
0.272
6.448
0.688
0
0.027
0.154
0.052
0.007
1.399
0.884
1.576
0.129
10.566
29.397
10.231
0
0
0.345
0.723
0.688
0.282
0.038
0.678
0.007
0.23
0
0.791
0.453
0.853
0.762
0.046
1.432
0.077
0
2.02
0.395
0
0.003
0.142
13.527
0.1
0.529
0.57
0.34
0
0
0
0.714
5.194
0.076
0
0
8.607
1.317
0.264
0.247
8.693
1.566
1.088
4.539
8.762
2.486
0
0.003
3.306
4.12
0.295
5.747
0.912
0.041
0
0.402
1.456
7.148
0.251
0.017
1.188
1.699
0.106
0.048
2.582
0.446
7.172
6.767
8.013
11.543
12.185
4.443
4.913
3.777
1.792
1.964
0.027
0.034
0.146
10.54
0
0
0
0
3.447
24.438
6.104
1.332
7.388
1.6
4.015
2.245
2.173
10.573
7.867
7.611
6.159
77.411
22.457
4.954
4.285
0.203
6.175
6.559
4.746
2.257
4.305
1.651
10.958
0.886
2.777
2.64
0.486
0.031
0.692
12.404
5.738
2.778
16.072
0.211
6.551
0.356
0
0.465
12.473
0.007
2.434
0.167
7.496
1.545
0.055
0.027
4.234
0.101
1.245
0.793
4.578
16.114
2.024
0.251
11.022
3.009
2.051
3.298
3.675
11.422
4.098
4.036
2.501
5.39
12.787
13.802
4.37
1.28
0.089
5.156
3.097
1.181
0.18
4.02
3.536
10.281
0.244
7.752
24.275
3.574
3.957
7.523
2.256
8.282
4.893
0.045
5.086
8.816
1.345
8.693
3.725
0.285
2.02
0.021
3.94
3.732
2.149
6.575
32.671
10.145
4.346
0.956
2.862
3.196
5.279
1.744
0.724
2.918
1.886
4.463
7.474
0
0
2.664
2.426
1.775
1.456
0.203
0.387
0.33
0.12
2.105
7.708
0.489
0.074
0.021
4.384
2.13
0.084
0
0.609
0.094
0
0.124
0
0.204
1.826
0.3
0.154
0.893
0.522
1.328
0.378
4.001
0.254
0
0.072
0.122
0.06
1.327
0.22
0.065
0.232
0.173
0.142
0.165
0.221
0.106
0.007
0
0
0
0.074
0.01
0.031
0.024
0.432
0.237
0.153
0.041
0
0.049
0.003
0.01
0.027
0
0
0
0.051
0.041
0.445
1.473
0.118
0.021
0.076
0.072
0
0.158
0
0
0
0
0
0
0
0
0
0
0
0
0
0
0
0
0
0
0
0
0
0
0.003
0
0.151
3.962
0.336
0
0
0
0
0
0.721
4.425
0.302
0.014
0.027
3.965
0.364
0.103
2.774
0
0
0
0
0
1.221
0.17
0.882
0.645
0.062
0.058
0
2.843
0.182
0
0.978
0.409
0.34
1.487
0.11
0.041
0.22
1.281
0.45
0.271
0.055
0.687
2.596
0.268
0.031
0
0
0
0.065
0.093
35.015
29.155
0.237
0.529
0.106
0.021
0.469
0.034
0.278
0.151
0.01
0.824
0.062
0.549
0.053
0
0.127
0.014
0.335
0.203
2.147
2.278
0.182
0.318
1.607
10.137
0
0
0
2.165
1.322
0.575
0
5.461
3.387
0.848
0.003
0
0
0
0.97
3.421
0.941
0
5.057
18.697
3.557
14.27
2.024
6.454
8.786
0.01
0
3.033
0
0
0
0.18
7.199
6.88
6.738
0.01
0
8.981
0
0.017
0.01
5.527
0.038
0.007
3.713
12.967
20.325
0.463
6.182
15.292
1.936
7.932
22.352
2.75
3.595
3.311
5.981
4.885
3.41
0.11
0.299
7.327
3.102
3.113
0.13
1.053
0.575
3.603
7.996
2.106
0.371
23.082
19.013
3.911
0.955
1.997
1.257
4.383
2.093
4.163
0.587
0.515
0.778
0.086
2.048
6.252
5.831
2.455
6.097
8.497
2.673
1.222
9.095
16.211
1.245
0
0.316
10.232
1.002
4.234
3.399
6.915
4.074
4.678
7.611
4.106
0.378
0.209
0.007
0.196
0.539
0.007
1.404
7.759
0.079
1.622
0
0.106
0.966
6.846
2.348
0.021
0.261
5.603
1.239
0.409
0.175
0.038
0.034
0.12
0.711
4.498
1.62
13.827
4.463
0.896
13.915
5.824
2.587
14.538
16.57
1.689
0.185
6.745
1.171
0.743
2.313
1.178
3.79
10.952
2.225
0.484
11.841
0.27
0
3.905
2.687
3.016
6.734
9.955
1.351
2.578
9.471
15.189
13.271
9.855
1.13
10.816
0.706
7.672
10.269
4.391
5.785
7.313
0.295
0.776
6.204
2.62
4.072
3.009
2.616
0.491
0.488
4.923
7.457
1.588
0.412
1.912
7.265
0.093
3.725
0.874
0.724
0.374
8.192
0.91
0.34
1.705
0.316
4.748
6.848
0.034
0
2.641
8.216
0.318
0.058
0.23
0.154
0.863
0.003
0.244
0.062
0.139
0.048
0.199
0.129
0
0.048
0.129
0.245
0.175
0.257
0.256
0.307
0.026
0.038
0.1
0.106
0.165
1.006
0.23
0.11
0.117
3.306
0.275
0.058
0.745
0.106
0.168
0.007
2.63
0.385
0.13
0.148
0.089
0
0.048
0.134
0.22
0.36
0
0
0
0
0.041
0
0.017
0.017
0
0.141
0.089
0
0
0
0.302
0.069
0.124
13.091
0.467
0.086
2.17
0.048
0.165
0
0.021
0
0.007
0.041
0.021
0.007
0
0
0
0
0
0.244
0.041
0
0.093
0
0.027
1.011
0
0.01
0
0
0.032
0
0
0
0
0.025
0
0.021
0.875
0.399
0
0
0.567
0.108
0.204
0.021
0.007
0
0
0
0
0
0
0.031
1.765
0.862
0
0
0.196
18.169
5.984
2.606
0.323
0.007
0
0
0
0.036
0
0.021
0
0
0.003
0
0
0
0.103
0.051
0.446
0.663
0.106
0.477
0.652
3.037
0.134
1.291
0.221
9.486
1.064
0
0
0
0
0.003
0.336
0.024
0
0.27
0
0
0
0.639
0.089
0
0
0
0.22
8.792
14.282
5.636
1.071
5.685
0.651
0.33
0.826
1.681
0.18
0
0
0
0
0
0.515
0.16
0.017
0
3.384
1.198
0.144
0.035
0.699
1.081
2.506
1.108
0.153
0.75
16.474
0.136
5.141
0.908
0.187
2.736
0.12
3.371
0.319
0.347
1.14
5.074
3.385
7.248
3.962
9.493
8.679
1.914
0.11
50.74
6.197
3.598
3.862
7.625
9.235
0.213
0
5.589
21.111
27.445
4.487
4.794
7.586
0.027
1.919
0.1
0.1
4.288
6.468
0.014
0
0.299
2.971
13.086
4.697
13.175
7.374
5.912
0.994
8.464
8.293
9.154
0.924
22.271
6.211
3.244
8.995
2.069
6.939
0.522
2.918
0.264
1.378
6.015
0.127
0.07
0.348
12.183
5.206
7.373
8.654
6.128
3.06
6.482
1.674
0.051
5.121
0.287
0.642
2.089
3.199
5.047
0.978
3.63
2.944
19.748
9.864
0.038
0.578
0.3
0.676
1.156
1.802
1.088
0.038
19.008
32.496
0.671
9.611
5.073
11.707
7.804
11.841
10.919
166.658
4.81
14.852
10.498
4.992
2.803
7.498
10.616
2.348
5.28
1.032
6.764
7.872
7.799
5.244
6.509
4.42
3.845
16.117
9.8
1.176
9.951
4.231
5.672
4.159
7.649
4.97
7.493
18.129
10.07
2.649
4.443
10.947
9.501
7.466
18.043
9.26
8.394
3.165
0.695
0.508
3.432
4.044
2.599
9.641
5.256
0.034
9.751
0.046
3.086
3.591
0.386
0.608
8.962
0.511
0.235
0.105
0.512
3.196
0.869
2.134
2.262
1.839
0.309
0.244
1.83
0
0.319
0.215
0
0.076
0.285
0.007
0
0.003
0
0
0
0.678
0.039
0
0
0
0.123
0.122
0
0
0
0
0.051
0.12
0.048
0
0
0
0
0
0
0
0
0.048
0
0.034
0
0
0.082
0.01
0.079
0.007
0
0
0.034
0
0.027
0
0
0.069
0.127
0
0
0
0
0
0
0
0
0
0
0
0
0
0
0
0
0
0
0
0
0
0
0
0
0
0
0
0
0
0
0
0.034
0.021
0
0.089
0
0
0
0
7.218
96.81
28.724
0
0
0
0
0
0
0.05
0.858
0.137
0.137
0
0.353
0
0
0
0
0
0
0.041
0.007
0
0
0
0
0
0
0
0.148
0.13
0.01
0
0
0
0.017
0
0.026
0.01
0.024
0
0
0
0.082
0
0.13
0
0
0.003
0
0.003
0.173
0.018
0.05
2.513
0.187
0.769
0.101
1.301
0.079
0.061
0.257
0.557
0.065
0.13
1.091
4.164
5.255
0.09
0.003
0
0.011
1.804
0.136
0
0
0.315
7.34
1.46
0.349
1.5
0
8.823
0
0.33
0.072
0.172
0
0
0.333
3.461
8.339
0.357
1.967
0.488
4.092
5.339
0
1.713
0.113
0.484
0
0.196
0.021
0
0
0.021
0.175
0.429
0.041
0.287
0.057
0
12.875
7.304
10.53
5.519
0.549
3.608
5.136
0.604
0.158
2.637
8.037
1.875
1.092
0.316
0.051
4.257
8.199
5.558
13.328
3.993
4.638
5.867
15.281
26.209
11.759
8.944
0.553
12.782
0.261
0
0.031
1.385
3.964
10.379
0.966
0.745
2.271
0.01
0
0.119
2.577
6.285
0
3.011
8.993
5.9
8.974
2.896
7.105
2.022
6.614
4.106
0.367
1.948
37.043
10.435
5.186
8.362
0.436
0.118
0.076
4.348
15.528
0.783
0.503
0.924
0.118
4.152
1.792
9.561
16.403
11.543
7.211
5.677
5.915
1.178
2.505
11.646
0.469
11.882
12.123
7.709
0.86
3.287
6.863
7.354
19.087
22.119
9.345
12.574
16.246
4.837
2.541
11.184
25.382
35.167
3.052
12.298
10.653
10.418
7.167
5.693
12.073
3.057
7.136
5.112
10.911
5.858
6.031
9.905
0.357
0.608
2.185
5.461
0.542
5.497
3.437
1.317
3.193
0.371
1.227
1.584
6.125
0.233
1.384
5.116
1.984
5.033
3.708
6.266
0.738
4.958
0.676
4.278
0.556
0.412
1.95
3.485
1.071
6.015
4.031
3.303
1.936
4.714
0.731
0.141
0.257
3.725
0.639
1.143
0.24
1.044
1.703
0.621
1.796
0.242
1.66
1.588
0.498
0.4
0
12.14
2.709
0.649
0.053
0.096
0.151
6.022
0
0
0.714
0.211
9.038
0.594
0.127
0.027
0.939
3.155
2.266
0.743
0.058
0.05
0.088
1.507
2.851
0.455
0.27
0.053
0.031
0
0.021
0.055
0
0.211
0.055
0.017
0.388
0.053
0
0.024
0.007
0
0.259
0
0
0
0
0
0
0
0
0.077
1.507
0.137
0
0
0
0
0
0
0
0
0
0
0
0
0
0
0
0.106
0
0
0
0
0
0
0
0
0
0
0
0
0
0
0
0
0
0
0
0
0.007
0.034
0.108
0
0
0.097
0.003
0.017
0
0
0
0
0.201
0
0
0
0
0
0
0
0
2.163
0.281
0
2.141
0.172
0.003
0.021
0.129
0.094
0.01
0
0
0.819
6.357
0.645
0
0
0.669
0
0.294
0.532
0.827
0.738
0.082
0.721
0.125
0.328
0.025
0
0.053
5.594
2.317
82.708
14.49
4.973
0.391
0.747
0
1.637
0.259
0
0
0
0.082
0
0.088
1.923
0.287
0.096
0.021
0.556
0.072
0.031
0.077
2.087
1.73
0.252
0.836
0.28
5.241
0.156
0.618
0.383
1.257
0.014
0.041
0
0
0.254
0.24
2.252
0.206
0
0
0
19.377
0.515
1.511
2.091
0.12
10.454
1.552
0.203
0.021
0
0.103
2.431
8.065
0.694
1.713
5.699
1.796
0.189
0.079
0.014
0.055
0.027
0.007
0.168
4.473
1.363
0
2.352
14.694
2.335
3.131
3.474
7.179
0.779
6.626
9.836
0.003
0
0
4.213
0.419
1.03
4.079
4.552
2.084
2.311
12.205
3.816
93.277
26.649
4.58
0.572
6.861
1.793
10.016
4.954
2.005
0.757
0.003
0.426
4.643
4.566
8.475
6.381
1.729
0.814
7.932
8.362
0.745
5.509
22.51
29.402
2.02
8.5
8.871
1.202
3.613
4.465
10.089
17.436
6.458
7.993
5.105
3.368
2.432
0.915
15.939
4.084
0.652
0
7.161
12.605
9.026
6.077
3.152
3.644
2.932
1.234
0.755
4.19
0.024
5.634
0.553
0.191
5.133
15.068
5.217
8.834
5.821
1.82
0.276
16.452
18.443
10.348
9.019
3.049
4.944
4.106
6.427
8.799
10.087
1.947
1.174
0.247
1.075
3.557
0.326
1.849
13.685
7.591
0.275
9.52
7.227
16.466
12.023
13.901
10.125
5.236
0.862
11.415
2.235
14.519
9.515
8.166
2.638
3.536
4.975
0.433
0
4.99
7.376
3.694
0.5
0.47
4.708
2.146
3.725
2.206
2
0
1.711
0.304
1.318
1.171
1.02
0.208
0.159
0.16
0.939
11.429
7.862
3.875
0.031
1.473
0.518
0.041
0.003
0.137
0
0
0
7.399
4.201
0.222
0.038
0.22
0.014
0.072
0.01
0.017
0.065
4.637
4.956
0.007
0.101
0.051
0.093
0.058
0.137
0.034
0.034
0.034
0.168
10.561
11.306
10.571
6.091
5.727
0
0.141
0
0.096
0.003
3.564
0.1
0.024
0.021
0.086
0.065
0
0.055
0.014
0.027
0.003
0.096
0.024
0.237
0
0
0
0.11
0.117
0
0.22
0.079
0
0
0
0
0
4.65
1.775
0.276
0
0.024
0.058
1.834
0.563
0
0
0.529
0
0
0
0
0
0
0
0
0
0
0
0
0.007
0.017
0
0.007
0.476
0.048
0.299
0.021
12.346
2.98
0.113
0
0
0
0
0.158
7.89
0.666
2.36
0.673
0.086
0
0
0
0.35
0.027
0.103
0
0.309
0.179
0
0
0.058
0.014
0.924
0.127
0.395
0.237
0
2.053
1.011
0.062
0.007
1.205
0
0.148
0.469
0.419
0
0
0.027
0.154
0.158
0.367
0.027
2.355
1.998
2.946
1.627
0.185
2.623
8.88
0.714
0.027
5.291
2.132
1.111
2.949
0
0
0.01
0
0.014
0.134
0
0
0.021
0.865
0.117
0.007
2.07
4.319
0
0
0.254
1.59
1.03
0
0
0
2.019
5.768
0.055
10.719
4.987
13.441
4.405
3.306
6.956
11.076
6.386
4.573
0.316
0.639
0.079
0.031
1.699
0.251
1.991
0.017
0
0
0
2.026
4.104
0.11
0
2.472
5.792
45.415
0.144
0.536
0.039
1.122
9.071
4.606
0.01
0.069
0.141
3.903
0.378
5.507
9.701
6.937
0.944
2.144
3.085
1.787
3.907
6.252
7.433
1.436
9.809
5.517
9.768
3.927
2.636
7.671
12.562
3.373
0.506
1.423
1.984
1.753
7.328
6.494
2.541
5.366
6.774
2.865
6.307
1.348
0.021
6.422
4.458
0.245
0.165
4.482
3.16
0.385
6.08
14.322
2.804
2.577
0.414
3.558
0.448
1.081
5.049
1.406
0.857
10.733
1.182
11.8
7.957
10.075
3.217
5.153
8.427
4.226
1.859
0.103
0.283
8.473
12.197
3.243
3.421
11.786
3.55
8.267
4.11
16.97
7.031
4.642
6.801
2.456
3.783
5.836
3.383
14.171
6.516
10.13
5.178
3.799
1.044
9.654
2.52
6.142
10.89
4.813
4.262
11.599
5.912
2.705
3.04
9.306
18.006
15.068
26.848
3.989
0.268
6.633
4.295
7.031
0.539
7.733
0.168
1.624
1.092
10.361
5.534
9.307
2.142
8.02
14.052
0.302
6.523
5.294
41.259
0.704
12.772
3.677
1.595
0.577
1.72
6.616
7.598
5.443
0.292
0.137
1.693
1.195
4.971
6.077
19.31
5.256
0.046
0.409
0.343
2.341
2.472
18.018
12.971
9.496
6.626
1.797
1.516
0.082
0.065
0.045
4.056
2.408
5.984
0.007
1.584
0.517
6.175
3.047
3.207
0
0
0.177
0.297
0
0
0
0
0
0
0
0.07
0.165
0.081
0.117
0
0
0.13
0.127
0.021
0.103
0.086
0.144
0.206
0
0
1.294
0.007
0
0
0.505
0.144
0.179
0.045
0.22
0.697
0.137
0.076
0.237
0.055
0.041
0.093
0.051
0
0.048
0.577
0.124
0.041
0.11
0.113
0.003
1.006
0.549
0.168
0
0
0
0.065
0.151
0.01
0.034
0.021
0
0.031
0.058
0
0
0.055
0
0
0
0
1.39
0.014
0.027
0.182
0.232
0.081
0
0.027
0
0
0.244
0.094
0.118
0
2.549
0.713
15.254
17.063
8.398
0
0
0.932
2.058
0.151
3.308
1.16
0.858
0.306
0.039
0.22
0
0
0.443
0.1
0.007
0
0
0.354
0.069
0.615
1.425
17.499
2.589
0
1.392
0.089
0.948
0.065
0.038
0.003
1.181
6.111
0.271
0.051
0
0
0.031
0
0
0
0
0.003
1.009
0.154
0
0.049
0.525
0.029
0.378
0.051
0
0.024
0
0
0.112
0.108
0.041
0.003
0.227
0.014
0.154
0.01
0.026
0.12
0.824
1.375
0.359
0.597
2.031
0.151
0.443
0.615
0.687
8.599
11.812
33.718
0.041
0.113
0
2.987
13.843
5.943
2.705
0.278
6.952
0.333
4.585
0.604
0.542
0.711
0
0.343
5.617
7.869
4.096
0.213
0.051
0.021
0
0.027
2.908
2.616
3.155
2.723
9.901
2.642
4.243
2.575
8.084
3.888
9.34
8.326
13.711
4.237
1.227
1.931
11.797
8.664
7.454
0.062
15.585
2.642
3.004
2.807
2.992
6.324
10.214
14.783
1.871
0.175
5.792
0.726
1.976
0.134
3.883
15.226
11.017
0.362
9.937
1.275
5.718
9.802
7.068
8.765
6.379
1.566
0.1
3.989
3.505
4.534
6.013
2.525
0.62
0.239
0
0.069
0.154
0.038
0.017
0.096
0.187
7.459
0.366
0.024
0.204
0.666
0.254
0.045
2.87
0.371
0.199
0
4.175
3.636
12.919
11.405
6.877
3.9
3.543
2.156
8.164
6.923
7.407
6.197
0.824
3.433
24.918
4.58
0.851
13.465
11.244
8.374
2.544
12.669
0.992
5.397
0.714
1.734
0.398
4.954
2.575
0.755
6.053
6.228
1.188
11.271
6.66
9.853
3.842
10.887
7.478
14.972
13.381
13.651
11.75
2.874
4.772
4.734
9.266
19.123
3.111
10.715
3.038
7.1
19.782
3.152
5.847
12.057
5.292
13.841
5.951
6.812
9.718
23.341
4.745
2.166
5.421
0.27
0.637
8.827
0.495
4.985
0.812
4.498
1.442
1.538
0.666
2.338
0.419
1.948
3.16
8.466
7.171
1.929
1.487
1.758
6.267
8.48
1.04
6.513
0.803
0
4.02
3.619
0.453
0.227
1.669
0
0
0
4.281
6.86
0.268
0
2.877
5.689
1.03
0.11
0.168
0.271
0.079
0.089
0.185
0
0.148
0.22
0.065
0.237
0.137
0
0.512
0
0
0.177
0.203
0.055
0.086
0.165
0
0
0
0
0
0
0.031
0
0
0.041
0.374
0.13
0.014
0
0
0.027
0
0
0.144
0.027
0.192
0
0
0
0
0.124
0.031
0.089
0
0
0
0
0
0
0
0
0
0
0
0
0
0
0
0
0.027
0.288
2.805
0.288
0.177
0.385
0.853
0.273
0.795
1.118
8.691
1.914
0.563
0
0
0.117
0
3.631
0.342
0
2.316
0.467
0
0.23
1.09
0.56
0
0
0.331
13.513
4.182
0.13
0.24
6.496
11.961
3.021
0.184
0.089
1.787
0.077
0.615
0.045
0.591
1.797
6.159
0.065
0.53
0.051
2.307
0.082
0.024
0.848
0.469
6.497
0.031
0.017
0.422
1.167
1.217
2.268
0.249
0.051
0.113
0.021
0
0.014
0.002
1.037
2.458
1.16
1.239
0
0
0.003
0.017
0.312
0.563
0.127
0.003
0.913
0.045
0
0.062
7.91
0.786
0
0
0.01
0.088
0.038
5.339
0.591
7.656
0.656
2.573
4.142
0.694
0.093
0.93
0.439
0.074
0
4.137
0.517
4.782
0.034
0.233
0.062
1.456
0.46
11.69
0
0
0.031
2.024
4.518
0.436
1.325
0.117
0.05
0.009
5.507
5.576
10.128
1.964
2.264
4.606
9.18
0.179
0.048
2.067
4.425
2.654
0.069
0.877
8.387
3.286
0.45
14.02
7.227
0.385
0.055
2.947
3.186
2.338
5.469
8.854
2.058
1.938
4.642
0.606
10.392
6.928
2.014
6.709
0.257
0.508
15.491
3.571
2.197
13.218
1.099
0.124
4.994
6.049
6.221
0.731
4.219
10.087
2.704
1.799
0.247
4.062
8.399
2.269
3.516
0.481
2.481
3.207
0.542
0.048
0.757
0.034
0.244
0.196
0.297
0.009
2.086
0.457
7.254
13.451
0.206
6.482
1.624
0.845
1.737
0.161
0.385
0.161
0.051
4.36
2.661
0.676
0.5
2.559
0.299
5.824
0.412
0.621
1.693
1.876
6.533
10.399
14.883
9.253
4.58
18.725
15.422
10.67
9.038
10.365
3.241
6.245
0.185
6.595
13.276
0.592
10.406
8.109
8.616
4.875
4.594
8.837
0.34
9.435
9.302
6.566
8.858
3.601
9.719
15.645
0.168
7.656
8.284
9.929
8.885
3.928
21.506
29.411
9.812
27.474
1.277
4.408
2.702
3.728
3.316
15.59
18.917
4.827
21.063
2.571
13.87
24.493
14.766
10.461
0.304
1.202
1.562
1.572
1.246
0.69
4.202
1.955
8.532
0.814
0.364
0.489
0.134
0.07
0.817
0.676
1.586
0.994
0.628
1.09
0.99
0.309
0.834
1.181
0.421
2.039
3.66
1.408
3.111
0.276
0.021
0.489
0.072
0.105
0
0.031
0.319
0.076
0.158
0.196
0.185
0.002
0.017
0
0.223
0.23
0
0
0
0
0.11
0.081
0
0.189
0.024
0.129
0
0
0
0
0
0
0
0
0
0.014
0.115
0.096
0.151
0.175
0.01
0.051
0.086
0.203
0.01
0.057
0
0
0
0
0
0
0
0
0
0.003
0
0
0
0
0
0
0.002
0
0.002
0
0.369
0.678
0.007
0.199
0
0.11
0
0.251
0.062
1.068
0.117
0.021
0.024
0.484
0.189
0.29
6.164
0.252
0
0
0
0
0
1.054
0.117
0
0
0.002
2.05
0.642
0.364
0.003
0.714
0.182
3.955
1.245
0.041
2.494
1.354
1.864
0.251
1.59
6.751
0.838
3.148
16.567
0.984
0.153
0.002
1.837
14.833
2.129
0.476
0.017
0.014
0.216
0.041
0.209
0.354
0.062
0.088
0.015
0.014
0.151
0.419
11.359
41.322
0.024
0
0.021
0.498
0.082
0.007
1.112
6.216
0
0.419
1.923
2.386
0.532
10.667
0.007
0
5.733
5.826
0.06
0.053
1.966
13.283
0.666
7.601
1.682
0.021
0.017
1.009
0.094
0.494
0.872
0.156
0.003
2.589
0.275
0.161
2.723
5.39
0.261
0.024
3.284
0.451
0.031
3.783
0.036
0.01
0.886
5.701
8.71
7.289
11.464
0.4
0.627
4.769
0.108
1.662
0.261
0
2.609
5.73
1.329
0.134
6.595
10.248
8.147
8.058
16.095
1.505
0.769
0.01
3.485
1.984
1.387
13.448
1.772
2.908
4.092
2.779
4.285
4.007
8.415
5.074
8.477
18.926
3.739
4.068
11.374
10.53
8.497
20.325
12.804
8.236
9.541
4.099
4.995
0.282
2.592
2.633
16.243
10.868
0.189
0.501
7.498
7.397
4.044
0.206
1.081
4.676
1.16
0.168
2.173
1.346
0.323
0.118
0.91
1.493
6.204
6.448
9.534
0.649
0.213
1.531
0.409
0.343
0.089
0
6.963
4.034
0.865
0.127
0.687
0.862
0.666
0.18
1.631
0.282
0.206
7.862
0.476
0.24
0.154
0.271
0.18
1.576
1.984
43.571
1.528
4.504
2.8
6.049
0.132
0.082
0.726
5.72
1.988
0.297
0.065
0.072
0.093
2.34
1.37
0.508
2.477
10.679
8.921
7.103
5.311
0.841
10.789
4.443
0.11
3.773
2.932
4.177
0.522
4.144
1.754
9.253
14.567
7.491
10.312
1.796
6.362
6.307
18.962
2.558
7.1
2.365
8.506
1.816
1.109
9.586
7.642
5.792
0.803
13.098
6.063
6.582
6.678
6.039
8.782
2.927
11.422
6.564
6.753
3.564
3.972
0.165
6.223
2.58
7.048
4.659
2.7
9.668
2.264
1.717
6.041
3.6
0.594
0.259
2.63
3.741
2.201
0.463
1.523
3.322
3.95
3.674
0.397
2.029
0.755
0.151
4.686
0.225
0.252
0.196
1.327
2.702
4.714
5.823
0.625
1.365
2.517
2.099
2.592
1.787
0.712
0.017
0
0.158
0.072
0.003
0.154
1.648
0.463
0.045
0.165
1.281
2.448
1.672
4.005
1.509
0.179
0.192
0.172
0.189
0.027
0.227
0
0
0
0
0.043
0.134
0.002
0.034
0.093
0.076
0
0
0
0
0
0
0
0
0
0
0
0
0
0
0
0
0
0
0
0
0
0
0
6.197
3.547
0.046
0.009
2.213
0.175
0.007
0
0
0
0
0
0
0
0
0.065
0.01
0.227
0.031
0
0.007
0.113
0.051
0.003
0.017
0
0.003
0
0.067
0.024
6.65
0.862
0.079
0.003
7.946
0.058
2.822
0.501
1.39
1.895
0.354
0.91
0.062
0.06
0.024
0.003
1.418
0.144
0
0.242
0.807
1.84
5.301
5.811
1.545
0.117
0
1.126
0.041
0.889
0.019
0
0.038
0.1
0.062
0.01
2.329
0.034
4.803
1.631
0.419
3.492
5.239
4.295
1.854
0.179
0.007
0
0.027
0.007
1.095
0.766
1.493
0.728
0.803
1.957
1.947
0.769
2.42
0.203
4.041
2.819
0.192
5.881
1.751
0
2.115
5.675
0.779
16.383
1.509
1.905
2.396
2.28
0.989
0.017
6.406
0.817
3.117
7.986
1.878
0.196
1.157
0.312
0.079
2.074
0.24
79.282
3.155
0.316
0.031
0.117
0.469
0.436
16.232
11.388
5.013
2.348
3.718
5.085
4.679
0.812
6.079
5.455
1.397
31.493
4.293
1.283
0.585
1.329
1.638
6.351
4.056
0.007
0.965
0.628
0.147
7.684
5.316
1.009
2.636
0.295
0.076
0.595
0.024
0.135
3.912
6.195
5.342
3.881
0.146
1.027
3.287
6.621
8.058
3.104
4.966
4.42
0.388
0.577
6.705
9.307
8.829
1.32
8.192
11.965
3.926
6.573
9.023
2.403
2.393
12.765
0.247
0.378
6.647
1.988
3.15
1.178
0.982
0.196
0.505
1.595
0.058
1.315
3.107
1.106
0.055
0.735
0.371
0.038
0.156
0.017
0.017
0.007
0.148
0.01
0.954
0.457
0.196
4.767
0.802
0.687
0.985
9.668
12.157
0.185
1.188
5.249
1.833
7.313
6.734
7.213
2.824
3.419
6.678
3.44
6.93
12.411
4.072
16.171
11.266
5.649
4.549
9.084
9.795
33.364
6.957
9.385
6.255
1.96
7.151
3.773
11.632
7.347
32.626
61.441
8.748
3.426
1.696
14.799
0.409
0.673
1.253
3.675
19.133
8.868
4.873
11.676
2.057
4.116
3.572
0.261
11.072
0.251
4
6.963
9.728
4.309
4.206
5.304
6.784
4.655
2.008
1.524
2.184
1.051
5.479
5.347
2.486
2
3.215
8.617
2.132
2.805
4.324
1.26
1.274
0.187
0.096
1.739
8.096
2.39
0.599
1.098
0.642
4.336
2.506
2.319
3.874
3.995
3.916
3.744
0.631
1.274
2.549
2.885
2.752
6.177
3.057
3.586
0.715
0.055
0.554
0.446
5.098
10.41
4.388
0
0.601
0.518
0.002
0
0
0
0.039
0
6.499
1.346
0
0
0.002
0
0
0
0
0
0
0
0
0.002
0.003
0.007
2.65
5.574
2.959
0.282
0.285
0
0.24
0.065
0.003
0
1.322
1.717
0.048
0.06
0.793
0.369
0
0.771
3.054
4.003
0.91
0.694
0.46
0.249
0.728
0.021
0.161
1.277
0.144
0.173
0.194
1.31
29.965
9.579
0.096
0
0
0
0.05
0.695
0.242
3.021
1.001
0.338
4.535
1.423
0.292
0.362
8.085
0.082
0.587
0.041
0.251
0.23
0.124
0.024
0.256
0.906
0.024
1.711
12.978
6.564
0.364
0.002
0.12
0.137
2.973
0.711
0.039
0.055
0.01
2.953
1.413
4.697
1.653
4.597
8.461
13.668
2.273
3.656
0.821
3.152
4.752
1.723
6.554
0.079
0.371
2.105
1.095
0
0.003
3.45
1.123
0.288
0.034
1.037
0.079
0
0.17
3.615
8.439
3.591
0.436
0.024
10.155
0.194
0.881
0.24
0.457
1.028
0.213
6.619
1.863
11.103
3.873
5.699
6.061
2.084
0.086
0.027
4.003
4.312
5.253
0.448
0.079
0.965
3.883
3.478
8.413
16.033
3.353
0.893
1.572
4.762
1.763
6.853
10.401
2.093
0.76
0.518
5.291
0.443
6.921
5.473
5.249
2.396
2.173
8.748
8.933
1.868
9.843
0.58
0.688
2.862
0.505
0.697
7.206
8.827
4.005
6.097
0.359
1.246
7.131
5.459
5.414
1.43
5.047
1.758
3.021
11.014
17.204
8.137
6.798
7.038
10.082
7.004
2.39
1.109
0.491
9.768
5.406
10.662
14.435
4.679
9.314
6.475
17.762
4.952
0.33
0.851
0.934
1.003
13.551
7.189
0.822
3.447
0.154
2.087
14.5
0.972
6.475
0.292
0.014
0.292
0.027
2.92
2.482
2.74
1.497
8.42
2.678
0.491
4.81
5.943
-99
-99
-99
-99
-99
-99
-99
-99
-99
-99
-99
-99
-99
-99
-99
-99
-99
-99
-99
-99
-99
-99
-99
-99
-99
-99
-99
-99
-99
-99
-99
-99
-99
-99
-99
-99
-99
-99
-99
-99
-99
-99
-99
-99
-99
-99
-99
-99
-99
-99
-99
-99
-99
-99
-99
-99
-99
-99
-99
-99
-99
-99
-99
-99
-99
-99
-99
-99
-99
-99
-99
-99
-99
-99
-99
-99
-99
-99
-99
-99
-99
-99
-99
-99
-99
-99
-99
-99
-99
-99
-99
-99
-99
-99
-99
-99
-99
-99
-99
-99
-99
-99
-99
-99
-99
-99
-99
-99
-99
-99
-99
-99
-99
-99
-99
-99
-99
-99
-99
-99
-99
-99
-99
-99
-99
-99
-99
-99
-99
-99
-99
-99
-99
-99
-99
-99
-99
-99
-99
-99
-99
-99
-99
-99
-99
-99
-99
-99
-99
-99
-99
-99
-99
-99
-99
-99
-99
-99
-99
-99
-99
-99
-99
-99
-99
-99
-99
-99
-99
-99
-99
-99
-99
-99
-99
-99
-99
-99
-99
-99
-99
-99
-99
-99
-99
-99
-99
-99
-99
-99
-99
-99
-99
-99
-99
-99
-99
-99
-99
-99
-99
-99
-99
-99
-99
-99
-99
-99
-99
-99
-99
-99
-99
-99
-99
-99
-99
-99
-99
-99
-99
-99
-99
-99
-99
-99
-99
-99
-99
-99
-99
-99
-99
-99
-99
-99
-99
-99
-99
-99
-99
-99
-99
-99
-99
-99
-99
-99
-99
-99
-99
-99
-99
-99
-99
-99
-99
-99
-99
-99
-99
-99
-99
-99
-99
-99
-99
-99
-99
-99
-99
-99
-99
-99
-99
-99
-99
-99
-99
-99
-99
-99
-99
-99
-99
-99
-99
-99
-99
-99
-99
-99
-99
-99
-99
-99
-99
-99
-99
-99
-99
-99
-99
-99
-99
-99
-99
-99
-99
-99
-99
-99
-99
-99
-99
-99
-99
-99
-99
-99
-99
-99
-99
-99
-99
-99
-99
-99
-99
-99
-99
-99
-99
-99
-99
-99
-99
-99
-99
-99
-99
-99
-99
-99
-99
-99
-99
-99
-99
-99
-99
-99
-99
-99
-99
-99
-99
-99
-99
-99
-99
-99
-99
-99
-99
-99
-99
-99
-99
-99
-99
-99
-99
-99
-99
-99
-99
-99
-99
-99
-99
-99
-99
-99
-99
-99
-99
-99
-99
-99
-99
-99
-99
-99
-99
-99
-99
-99
-99
-99
-99
-99
-99
-99
-99
-99
-99
-99
-99
-99
-99
-99
-99
-99
-99
-99
-99
-99
-99
-99
-99
-99
-99
-99
-99
-99
-99
-99
-99
-99
-99
-99
-99
-99
-99
-99
-99
-99
-99
-99
-99
-99
-99
-99
-99
-99
-99
-99
-99
-99
-99
-99
-99
-99
-99
-99
-99
-99
-99
-99
-99
-99
-99
-99
-99
-99
-99
-99
-99
-99
-99
-99
-99
-99
-99
-99
-99
-99
-99
-99
-99
-99
-99
-99
-99
-99
-99
-99
-99
-99
-99
-99
-99
-99
-99
-99
-99
-99
-99
-99
-99
-99
-99
-99
-99
-99
-99
-99
-99
-99
-99
-99
-99
-99
-99
-99
-99
-99
-99
-99
-99
-99
-99
-99
-99
-99
-99
-99
-99
-99
-99
-99
-99
-99
-99
-99
-99
-99
-99
-99
-99
-99
-99
-99
-99
-99
-99
-99
-99
-99
-99
-99
-99
-99
-99
-99
-99
-99
-99
-99
-99
-99
-99
-99
-99
-99
-99
-99
-99
-99
-99
-99
-99
-99
-99
-99
-99
-99
-99
-99
-99
-99
-99
-99
-99
-99
-99
-99
-99
-99
-99
-99
-99
-99
-99
-99
-99
-99
-99
-99
-99
-99
-99
-99
-99
-99
-99
-99
-99
-99
-99
-99
-99
-99
-99
-99
-99
-99
-99
-99
-99
-99
-99
-99
-99
-99
-99
-99
-99
-99
-99
-99
-99
-99
-99
-99
-99
-99
-99
-99
-99
-99
-99
-99
-99
-99
-99
-99
-99
-99
-99
-99
-99
-99
-99
-99
-99
-99
-99
-99
-99
-99
-99
-99
-99
-99
-99
-99
-99
-99
-99
-99
-99
-99
-99
-99
-99
-99
-99
-99
-99
-99
-99
-99
-99
-99
-99
-99
-99
-99
-99
-99
-99
-99
-99
-99
-99
-99
-99
-99
-99
-99
-99
-99
-99
-99
-99
-99
-99
-99
-99
-99
-99
-99
-99
-99
-99
-99
-99
-99
-99
-99
-99
-99
-99
-99
-99
-99
-99
-99
-99
-99
-99
-99
-99
-99
-99
-99
-99
-99
-99
-99
-99
-99
-99
-99
-99
-99
-99
-99
-99
-99
-99
-99
-99
-99
-99
-99
-99
-99
-99
-99
-99
-99
-99
-99
-99
-99
-99
-99
-99
-99
-99
-99
-99
-99
-99
-99
-99
-99
-99
-99
-99
-99
-99
-99
-99
-99
-99
-99
-99
-99
-99
-99
-99
-99
-99
-99
-99
-99
-99
-99
-99
-99
-99
-99
-99
-99
-99
-99
-99
-99
-99
-99
-99
-99
-99
-99
-99
-99
-99
-99
-99
-99
-99
-99
-99
-99
-99
-99
-99
-99
-99
-99
-99
-99
-99
-99
-99
-99
-99
-99
-99
-99
-99
-99
-99
-99
-99
-99
-99
-99
-99
-99
-99
-99
-99
-99
-99
-99
-99
-99
-99
-99
-99
-99
-99
-99
-99
-99
-99
-99
-99
-99
-99
-99
-99
-99
-99
-99
-99
-99
-99
-99
-99
-99
-99
-99
-99
-99
-99
-99
-99
-99
-99
-99
-99
-99
-99
-99
-99
-99
-99
-99
-99
-99
-99
-99
-99
-99
-99
-99
-99
-99
-99
-99
-99
-99
-99
-99
-99
-99
-99
-99
-99
-99
-99
-99
-99
-99
-99
-99
-99
-99
-99
-99
-99
-99
-99
-99
-99
-99
-99
-99
-99
-99
-99
-99
-99
-99
-99
-99
-99
-99
-99
-99
-99
-99
-99
-99
-99
-99
-99
-99
-99
-99
-99
-99
-99
-99
-99
-99
-99
-99
-99
-99
-99
-99
-99
-99
-99
-99
-99
-99
-99
-99
-99
-99
-99
-99
-99
-99
-99
-99
-99
-99
-99
-99
-99
-99
-99
-99
-99
-99
-99
-99
-99
-99
-99
-99
-99
-99
-99
-99
-99
-99
-99
-99
-99
-99
-99
-99
-99
-99
-99
-99
-99
-99
-99
-99
-99
-99
-99
-99
-99
-99
-99
-99
-99
-99
-99
-99
-99
-99
-99
-99
-99
-99
-99
-99
-99
-99
-99
-99
-99
-99
-99
-99
-99
-99
-99
-99
-99
-99
-99
-99
-99
-99
-99
-99
-99
-99
-99
-99
-99
-99
-99
-99
-99
-99
-99
-99
-99
-99
-99
-99
-99
-99
-99
-99
-99
-99
-99
-99
-99
-99
-99
-99
-99
-99
-99
-99
-99
-99
-99
-99
-99
-99
-99
-99
-99
-99
-99
-99
-99
-99
-99
-99
-99
-99
-99
-99
-99
-99
-99
-99
-99
-99
-99
-99
-99
-99
-99
-99
-99
-99
-99
-99
-99
-99
-99
-99
-99
-99
-99
-99
-99
-99
-99
-99
-99
-99
-99
-99
-99
-99
-99
-99
-99
-99
-99
-99
-99
-99
-99
-99
-99
-99
-99
-99
-99
-99
-99
-99
-99
-99
-99
-99
-99
-99
-99
-99
-99
-99
-99
-99
-99
-99
-99
-99
-99
-99
-99
-99
-99
-99
-99
-99
-99
-99
-99
-99
-99
-99
-99
-99
-99
-99
-99
-99
-99
-99
-99
-99
-99
-99
-99
-99
-99
-99
-99
-99
-99
-99
-99
-99
-99
-99
-99
-99
-99
-99
-99
-99
-99
-99
-99
-99
-99
-99
-99
-99
-99
-99
-99
-99
-99
-99
-99
-99
-99
-99
-99
-99
-99
-99
-99
-99
-99
-99
-99
-99
-99
-99
-99
-99
-99
-99
-99
-99
-99
-99
-99
-99
-99
-99
-99
-99
-99
-99
-99
-99
-99
-99
-99
-99
-99
-99
-99
-99
-99
-99
-99
-99
-99
-99
-99
-99
-99
-99
-99
-99
-99
-99
-99
-99
-99
-99
-99
-99
-99
-99
-99
-99
-99
-99
-99
-99
-99
-99
-99
-99
-99
-99
-99
-99
-99
-99
-99
-99
-99
-99
-99
-99
-99
-99
-99
-99
-99
-99
-99
-99
-99
-99
-99
-99
-99
-99
-99
-99
-99
-99
-99
-99
-99
-99
-99
-99
-99
-99
-99
-99
-99
-99
-99
-99
-99
-99
-99
-99
-99
-99
-99
-99
-99
-99
-99
-99
-99
-99
-99
-99
-99
-99
-99
-99
-99
-99
-99
-99
-99
-99
-99
-99
-99
-99
-99
-99
-99
-99
-99
-99
-99
-99
-99
-99
-99
-99
-99
-99
-99
-99
-99
-99
-99
-99
-99
-99
-99
-99
-99
-99
-99
-99
-99
-99
-99
-99
-99
-99
-99
-99
-99
-99
-99
-99
-99
-99
-99
-99
-99
