19790101
-99
-99
-99
-99
-99
-99
-99
-99
-99
-99
-99
-99
-99
-99
-99
-99
-99
-99
-99
-99
-99
-99
-99
-99
-99
-99
-99
-99
-99
-99
-99
-99
-99
-99
-99
-99
-99
-99
-99
-99
-99
-99
-99
-99
-99
-99
-99
-99
-99
-99
-99
-99
-99
-99
-99
-99
-99
-99
-99
-99
-99
-99
-99
-99
-99
-99
-99
-99
-99
-99
-99
-99
-99
-99
-99
-99
-99
-99
-99
-99
-99
-99
-99
-99
-99
-99
-99
-99
-99
-99
-99
-99
-99
-99
-99
-99
-99
-99
-99
-99
-99
-99
-99
-99
-99
-99
-99
-99
-99
-99
-99
-99
-99
-99
-99
-99
-99
-99
-99
-99
-99
-99
-99
-99
-99
-99
-99
-99
-99
-99
-99
-99
-99
-99
-99
-99
-99
-99
-99
-99
-99
-99
-99
-99
-99
-99
-99
-99
-99
-99
-99
-99
-99
-99
-99
-99
-99
-99
-99
-99
-99
-99
-99
-99
-99
-99
-99
-99
-99
-99
-99
-99
-99
-99
-99
-99
-99
-99
-99
-99
-99
-99
-99
-99
-99
-99
-99
-99
-99
-99
-99
-99
-99
-99
-99
-99
-99
-99
-99
-99
-99
-99
-99
-99
-99
-99
-99
-99
-99
-99
-99
-99
-99
-99
-99
-99
-99
-99
-99
-99
-99
-99
-99
-99
-99
-99
-99
-99
-99
-99
-99
-99
-99
-99
-99
-99
-99
-99
-99
-99
-99
-99
-99
-99
-99
-99
-99
-99
-99
-99
-99
-99
-99
-99
-99
-99
-99
-99
-99
-99
-99
-99
-99
-99
-99
-99
-99
-99
-99
-99
-99
-99
-99
-99
-99
-99
-99
-99
-99
-99
-99
-99
-99
-99
-99
-99
-99
-99
-99
-99
-99
-99
-99
-99
-99
-99
-99
-99
-99
-99
-99
-99
-99
-99
-99
-99
-99
-99
-99
-99
-99
-99
-99
-99
-99
-99
-99
-99
-99
-99
-99
-99
-99
-99
-99
-99
-99
-99
-99
-99
-99
-99
-99
-99
-99
-99
-99
-99
-99
-99
-99
-99
-99
-99
-99
-99
-99
-99
-99
-99
-99
-99
-99
-99
-99
-99
-99
-99
-99
-99
-99
-99
-99
-99
-99
-99
-99
-99
-99
-99
-99
-99
-99
-99
-99
-99
-99
-99
-99
-99
-99
-99
-99
-99
-99
-99
-99
-99
-99
-99
-99
-99
-99
-99
-99
-99
-99
-99
-99
-99
-99
-99
-99
-99
-99
-99
-99
-99
-99
-99
-99
-99
-99
-99
-99
-99
-99
-99
-99
-99
-99
-99
-99
-99
-99
-99
-99
-99
-99
-99
-99
-99
-99
-99
-99
-99
-99
-99
-99
-99
-99
-99
-99
-99
-99
-99
-99
-99
-99
-99
-99
-99
-99
-99
-99
-99
-99
-99
-99
-99
-99
-99
-99
-99
-99
-99
-99
-99
-99
-99
-99
-99
-99
-99
-99
-99
-99
-99
-99
-99
-99
-99
-99
-99
-99
-99
-99
-99
-99
-99
-99
-99
-99
-99
-99
-99
-99
-99
-99
-99
-99
-99
-99
-99
-99
-99
-99
-99
-99
-99
-99
-99
-99
-99
-99
-99
-99
-99
-99
-99
-99
-99
-99
-99
-99
-99
-99
-99
-99
-99
-99
-99
-99
-99
-99
-99
-99
-99
-99
-99
-99
-99
-99
-99
-99
-99
-99
-99
-99
-99
-99
-99
-99
-99
-99
-99
-99
-99
-99
-99
-99
-99
-99
-99
-99
-99
-99
-99
-99
-99
-99
-99
-99
-99
-99
-99
-99
-99
-99
-99
-99
-99
-99
-99
-99
-99
-99
-99
-99
-99
-99
-99
-99
-99
-99
-99
-99
-99
-99
-99
-99
-99
-99
-99
-99
-99
-99
-99
-99
-99
-99
-99
-99
-99
-99
-99
-99
-99
-99
-99
-99
-99
-99
-99
-99
-99
-99
-99
-99
-99
-99
-99
-99
-99
-99
-99
-99
-99
-99
-99
-99
-99
-99
-99
-99
-99
-99
-99
-99
-99
-99
-99
-99
-99
-99
-99
-99
-99
-99
-99
-99
-99
-99
-99
-99
-99
-99
-99
-99
-99
-99
-99
-99
-99
-99
-99
-99
-99
-99
-99
-99
-99
-99
-99
-99
-99
-99
-99
-99
-99
-99
-99
-99
-99
-99
-99
-99
-99
-99
-99
-99
-99
-99
-99
-99
-99
-99
-99
-99
-99
-99
-99
-99
-99
-99
-99
-99
-99
-99
-99
-99
-99
-99
-99
-99
-99
-99
-99
-99
-99
-99
0
0
0
0
0
0
0
0
0
0
0
0
0
0
0
0
0
0
0
0
0
0
0
0
0
6.559924126
0
0
0
0
0
0
0
0
2.447887659
0
0
0
1.562012196
0
0.781006098
0
0
0.594737589
0
2.26000309
0
0
1.325751901
0.572483778
14.34222507
0
3.186512947
2.589041948
0
1.792413592
0
1.871178746
0
0
0
0.893090189
24.66205025
1.161017179
0.890656948
2.000552416
1.17840755
6.631968498
3.535222769
3.774537802
12.34693336
5.871502399
0.704580367
35.19546509
22.42919731
0
1.523258209
1.36005199
3.023201227
0.438234329
0
2.483327627
4.917962551
2.483327389
3.638297558
1.123592019
6.581038952
7.758135319
0
0
24.6306076
4.580748081
0
0
0
13.72843266
0.968306363
0
1.75371027
2.592909098
10.47857952
0
0
0
0
0
0
2.213769913
3.748650551
2.066185236
0
5.02630949
1.518741131
0.605688453
0.560487807
2.736783028
4.071799278
0
14.33473492
13.09984684
8.082652092
26.8703289
17.53037262
6.78942728
10.92055988
2.492015839
4.575288773
3.9160254
3.019426823
7.56834507
2.384694576
3.460144758
0
1.356002688
2.150901079
1.651533604
3.994925737
5.490231991
7.074812412
4.418968201
9.052554131
14.25165558
11.07102776
2.538385153
11.927351
6.887485027
5.472247124
0
4.410820961
2.759711027
3.349393606
0
0
8.685956955
0
4.937002659
3.320998192
5.601417065
3.320998192
0
3.210298061
11.28881454
0
5.730713844
7.146129608
0
0
4.234088421
3.97150898
10.14211941
8.025074959
14.81001472
6.971013546
6.699768066
10.47008228
7.730501652
0
8.355861664
9.95276165
6.944650173
0
0
0
0
19.76441193
0
9.516511917
0
23.31751442
10.64943027
0
0
0
0
21.73064995
0
12.59916306
0
0
0
0
0
0
6.694096088
4.632971287
0
0
9.644635201
0
0
9.565904617
0
0
0
7.197406769
6.354619026
7.551377773
6.799100399
0
8.221262932
0
8.084890366
0
7.372473717
8.285877228
0
0
0
0
15.99704456
12.08811569
0
0
0
0
0
0
0
0
0
0
0
15.15291786
8.117555618
6.32625103
9.047219276
0
5.986129761
11.10881329
5.235354424
13.83525848
8.512888908
6.700093746
0
0
8.257428169
0
26.97659492
21.32170486
3.789268494
8.384464264
5.952545166
4.665890694
0.738535523
3.539877415
0
1.280977249
0.87096262
0
1.779434323
2.45562005
0
2.437825203
3.288581133
0
3.866419554
1.776003718
1.886472464
11.23352623
0
0
0
0
0
17.33519745
0
20.68233871
0
0
0
0
0
0
0
4.447675705
4.428908825
4.14741087
3.959745169
10.6390152
0
11.32986259
6.632113457
0
12.2970438
7.706683636
0
0
0
0
0
0
0
6.001633644
0
0
0
0
0
0
0
0
0
0
0
0
0
0
0
0
0
2.568603277
0
0
0
0
0
0
0
0
0
0
0
0
0
0
0
12.35587788
0
0
0
0
0
0
0
0
0
0
0
0
0
0
0
0
0
0
0
0
0
2.211865187
0
0
0
0
0
0
0
0
0
0
0
2.486842871
0
1.80296123
0
0
3.442867041
0
0
0
0
0
0
0
0
0
0
0
0
0
1.494929075
0.640683889
0
0
0
0
0
0
0
0
7.968857288
0
0.820392132
0
4.665979862
17.35642052
0
4.750729561
33.65100098
0
0
0
0
2.750000238
3.142857313
1.85556531
0
6.803739548
0
0
0
0
0
0.162048653
1.435288191
1.15953064
0
8.166056633
0
1.381568432
3.082402468
1.664497375
9.339679718
36.77306366
1.510377049
0.843070209
10.03253555
8.599316597
0
0
0
0.411278933
0.452406883
0
2.220906258
1.028197289
0
0
0
2.088286161
6.075013638
2.359132767
0
7.351715088
9.930303574
16.02015495
13.58041477
0.738066077
0
0
0
0
0
4.593893528
2.204396009
9.221443176
0
12.68985271
4.441448689
0
0
5.293812752
6.037807465
1.688296795
0.715380013
8.985173225
10.64942074
0
0
0
0
0
10.1374836
10.1374836
5.068741798
0
0
3.993028164
0
5.791213036
2.565057516
0
0
0
13.25520039
0
0
0
2.398383141
1.713130832
8.078071594
5.005799294
8.342997551
0
8.466598511
7.786798477
6.056399822
0
33.61896896
0
0
0
1.788851261
0
0
2.687556505
3.988539457
0
0
0
0
0
4.158749104
5.807908535
8.174092293
5.019179344
0
3.653671026
4.796449184
0
2.526988745
7.436105728
16.13884735
0
0
0
0
0
0
20.40332794
17.31794548
20.90097046
0
0
0
0
0
10.27420425
10.27420425
10.27420425
0
0
0
0
0
0
0
10.90839958
0
0
0
0
0
0
0
0
0
0
0
0
0
0
0
0
0
0
0
0
0
0
15.38005447
0
0
0
20.86128426
0
0
0
0
0
0
0
0
21.17106438
0
0
0
0
0
2.02357769
5.987676144
1.759304523
1.167835951
0
15.53315353
0
0
0
0
6.383939743
4.094527245
4.329338551
5.88496542
0
0
0
0
0
0
0
5.9340868
5.873842239
11.05487251
0
0
0
0
0
3.893924952
0
10.10002327
10.10002327
0
0
4.340551376
13.55267715
6.337666512
0
6.487739086
30.20814896
0
0
6.645213127
8.299262047
15.82511139
0
13.84697151
0
0
0
4.755409241
0
4.755409241
10.86950779
10.56806755
0
0
0
9.247057915
0
0
6.346181393
0
11.10581684
0
0
0
0
0
0
0
0
5.170933723
10.34186745
0
0
11.21119785
5.605598927
0
0
0
0
0
0
0
0
0
0
0
0
0
3.463440418
0
0
0
0
0
0
0
0
0
0
0
0
0
0
0
0
1.713902235
0
0
0
3.47464776
0
3.47464776
0
0
0
0
0
0
-0.3
6.8
0
0
0
0
0
0
0
0
0
0
0
0
0
0
0
0
0
0
0
0
0
0
0
0
0
0
0
0
0
0
0
0
0
0
0
0
0
0
0
0
0
0
0
0
1.783195138
0
3.547393322
0
0
0
9.223222733
0
0
0
0
0
0
0
0
0
2.224256277
0
0
0
2.200717449
0
0
0
0
0
0
0
0
0
0
1.674309254
0
0
0.558103085
10.36069775
0
0
0
0
0
3.899382353
0
0
15.59752941
7.798764706
0
0
7.242313385
0
0
1.966797709
17.40616226
1.671778083
1.475098252
0
6.007866383
0
6.007866383
0
0
13.46755886
13.46755886
8.978372574
8.978372574
8.978372574
0
0
9.087242126
0
0
9.38149929
9.38149929
4.690749645
0
0
0
3.446895361
0
0
0
4.727127075
0
0
0
0
0
0
0
9.979509354
5.702577114
16.16953659
7.359926701
7.638712883
9.590208054
0
0
0
0
7.795218468
5.19681263
0
0
25.65516472
0
12.82758236
12.82758236
14.55849648
7.279248238
36.39624023
0
7.279248238
0
8.246266365
4.160959244
20.23739624
37.63777161
16.30246925
16.94094658
0
17.45173073
15.70655537
0
0.641301453
0.472537905
0.66207242
1.999199152
0
0
0
0
0
0
0
0
0
0
0
0
0
0
0
0
0
0
0
0
0
0
44.64602661
0
0
0
0
0
0
0
0
0
0
0
0
0
0
0
0
0
0
0
0
0
0
0
0
0
0
0
0
0
0
0
0
0
0
0
0
0
0
0
0
0
0
0
0
0
0
22.46360397
0
0
0
0
0
6.787559032
20.36267662
0
0
15.7256937
0
0
7.761361599
0
17.74025536
0
0
11.54966545
0
0
12.51983643
0
0
14.8053894
0
0
14.8053894
0
0
0
0
0
0
0
0
12.13954544
9.309081078
0
0
0
8.714803696
8.714803696
0
0
14.27333736
0
0
0
0
0
0
11.42717361
0
0
0
0
10.95856285
0
0
0
0
0
0
0
0
0
0
0
0
0
0
0
0
0
0
0
0
14.22226238
0
0
0
0
1.636401176
0
5.88609314
5.88609314
5.88609314
0
0
9.298174858
4.649087429
4.649087429
0
0
0
7.240787029
0
0
0
0
0
0
0
7.201695919
3.60084796
0
0
0
0
0
2.871583462
2.871583462
0
0
0
0
0
0
0
0
0
0
0
0
-0.3
6.8
0
0
0
0
0
0
0
0
0
0
0.68820858
0
0
0
0
0
0
0
0
0
0
0
0
0
0
0
0
0
0
0
3.305786848
0
0
0
0
0
0
0
0
0
0
0
0
0
0
0
0
1.297154665
0
0
0
0
0
0
0
2.147946596
3.346891403
0
1.673445702
0
13.59062958
0
3.784732342
2.064399481
0
0
0
0.479589283
14.96130657
0.225689068
2.238589287
1.713333488
0
0.837907553
26.7380085
4.818099499
9.808274269
0
6.969037056
10.58261204
0
2.906859875
28.78841972
0
0
0
4.753890991
0
0
0
0
0
0
17.96738243
4.960351944
0.349395156
10.56085682
0
0
6.034775734
0
5.29742527
0
10.59485054
0
0
0
5.234815121
0
7.405348778
0
15.22704506
13.32366467
0
0
13.32366467
0
0
0
3.981799126
3.165019751
0
3.204247713
0
3.817826986
0
0
0
0
0
10.61482525
0
3.792732716
30.34185791
0
0
31.58207893
24.05379295
0
0
0
0
2.384623289
2.926583052
0
4.010503292
0
0
0
0
0
34.69653702
0
0
0
0
10.37981319
0
13.36046124
10.69710064
8.208387375
0
0.612652123
0.940023541
2.017231226
0
0.55497241
27.26437378
9.088125229
9.088125229
9.088125229
18.17625046
18.12073898
0
0
0
0
6.703997612
14.43498898
0
0
6.504302979
6.639083862
13.27816772
0
6.639083862
6.639083862
5.252882957
0
4.887879372
4.792660713
13.790802
0
0
8.330653191
16.66130638
8.330653191
8.374430656
0
25.12329102
8.374430656
0
0
0
0
17.22864532
17.22864532
0
2.637331009
2.690342903
0
8.52162838
3.47226572
36.2632637
22.24471283
0
13.23974228
0
0
0
0
0
16.36725998
0
0
6.773796082
0
10.20677376
0
0
0
0
0
21.81745911
0
0
0
0
9.075687408
11.74381828
0
6.892670631
9.944849014
0
0
0
5.224045753
0
4.902945995
0
1.428690553
3.192685604
0
3.751527071
0
6.844060421
0
13.68812084
0
0
52.5549736
4.256715298
9.072273254
0
12.47776508
0
10.91804409
0
0
4.812654972
4.812654972
0
9.625309944
0
6.82604599
11.52490425
7.000665188
3.635265827
9.905703545
0
5.331465721
0
10.66293144
0
0
12.31291103
0
6.156455517
0
12.98121643
0
11.35856438
0
0
8.505049706
0
0
17.01009941
0
0
0
7.849665642
15.69933128
0
7.849665642
2.263176441
0
0
0
2.263176441
0
0
0
0
8.099876404
3.526076555
0
7.052153111
0
0
0
12.09687138
8.064581871
0
4.608332157
0
0
0
3.946205854
0
0
0
0
0
0
0
0
0
0
0
0
0
0
0
0
0
0
0
0
0
0
0
0
0
0
0
0
0
0
2.731532812
0
3.084092855
0
0
0
0
-0.3
6.8
0
0
0
0
0
0
0
0
0
0
0
0
0
0
3.528162003
3.259233236
0
0
0
0
0
0
0
0
0
0
0
0
0
0
0
0
0
0
0
0
0
0
0
0
0
0
0
0
0
0
0
0
0
0
0
0
0
0
0
2.421678543
11.13473988
0
0
0
0
0
8.508788109
4.254394054
5.185093403
0
0
0
5.185093403
3.964978933
2.078934669
2.91479516
8.294306755
1.264506698
13.79337215
0
0
0
6.896686077
4.750498772
2.375249386
2.375249386
2.714570761
4.750498772
5.654060841
0
11.30812168
0
0
11.30812168
12.97974968
1.930451989
1.371636868
6.756581783
18.3646946
7.731913567
0
0
0
0
0
8.946326256
10.30957699
7.796085358
0
4.972213268
5.682529449
5.682529449
0
0
0
0
0
0
5.212652683
7.47276783
2.490922451
11.38707447
0
4.981844902
5.493368626
16.48010635
5.493368626
0
0
13.28596497
11.62521839
6.642982483
0
0
6.735931873
0
0
0
7.698207855
2.638025761
1.61385107
32.03907776
3.05183363
1.293149948
0
0
0
9.461565971
0
0
0
8.140122414
0
0
0
17.45135498
0
0
0
0
0
0
0
0
0
18.86341667
18.86341667
9.431708336
0
9.431708336
0
0
0
17.49979019
17.49979019
17.59747887
0
0
8.798739433
8.798739433
10.48998833
10.48998833
0
0
0
39.15900421
15.66360283
0
7.831801414
7.831801414
7.508688927
15.01737785
30.03475571
0
22.52606583
0
0
21.18186951
42.36373901
0
0
0
9.125805855
9.125805855
0
0
0
0
0
0
8.00362587
4.463560581
10.96223259
13.93793964
0
9.063936234
0
9.201077461
6.832753181
7.812750816
17.17716217
3.78072381
6.110025883
3.89777422
8.837295532
12.33710003
11.10331726
0
12.68950748
0
11.10331726
0
0
14.97155571
14.97155571
14.97155571
4.989600182
0
4.989600182
4.989600182
9.979200363
0
9.710561752
0
0
0
0
21.80589104
10.11478043
7.881648064
0
9.096735001
0
0
0
25.49796867
0
0
17.62512398
36.60186768
21.13933754
0
3.077143669
3.582079887
0
9.867054939
4.645417213
9.291343689
5.807089806
0
25.40602112
36.7588768
7.012904167
6.141735554
14.1564827
5.183450222
0
9.187492371
0
0
0
5.249996185
5.451705456
0
0
0
4.683182716
6.056583881
18.16975212
0
0
0
10.3401804
5.170090199
0
0
5.170090199
0
0
0
0
0
0
6.821591854
6.821591854
6.821591854
13.64318371
7.796105385
3.655550957
0
0
0
0
9.527068138
9.527068138
0
0
0
5.128201008
5.128201008
0
0
0
0
2.461956024
0
5.627328873
0
0
0
0
13.23841286
0
0
4.497699261
0
0
0
0
0
4.084615231
0
0
0
0
0
0
0
0
0
0
4.203915119
0
0
0
0
0
0
0
0
0
0
0
0
0
0
0
0
0
-0.3
6.8
0
0
3.308939219
0
0
0
0
0
0
0
0
0
0
0
0
0
0
0
0
0
0
0
0
0
0
0
0
0
1.447302699
0
0
0
1.111737013
0
0
0.275008619
0
5.473236561
0
0
0
2.868271112
2.868271112
2.868271112
0
8.604813576
0
4.918994904
5.621708393
0
7.378491879
0
0.955952764
0
0
2.811625481
7.404933453
8.462780952
0
0
3.129330873
10.72913551
6.258661747
3.129330873
19.33459663
6.444865704
25.77946281
12.88973141
6.444865704
3.246713638
1.364003897
0
0
0
13.84626579
2.909864187
0.742113054
0
0
2.628576279
7.885728836
0
9.012261391
2.628576279
0
0
3.289223671
0
3.759112835
6.578447342
16.4914608
0
12.56492329
0
0
0.894324541
1.765717506
0
0.986050129
2.017963171
1.427693129
0
2.508109808
2.623868704
1.119002819
0
0
3.57890439
2.955058575
2.987892151
7.817643642
7.817643642
8.93445015
23.45292854
0
0
6.196667671
6.196667671
0
0
6.091636658
18.27491188
6.961871147
6.091636658
18.27491188
0
3.829200745
3.829200745
3.829200745
3.829200745
7.123032093
0
0
3.427806854
2.941593409
13.44904137
13.44904137
6.724520683
0
0
13.10399914
0
0
0
13.10399914
16.73479652
0
0
2.19443512
0
0
26.53412628
0
0
0
0
0
9.107491493
0
0
27.32247543
13.5117712
0
12.5062418
8.735515594
0
0
11.66116524
0
0
13.12511921
11.29660511
11.29660511
0
0
0
0
0
0
0
0
22.04298973
0
0
0
44.08597946
0
0
0
16.97558975
0
0
0
0
0
0
0
0
0
0
33.54464722
11.67656803
0
0
0
0
0
0
0
0
0
0
12.61589432
0
0
0
0
0
13.53995419
0
0
0
0
0
0
0
0
0
0
0
0
0
0
17.04542732
0
0
0
0
0
0
0
12.00562191
0
0
0
0
9.586359978
19.17271996
0
0
32.78010178
0
8.195025444
0
0
0
13.44550133
13.44550133
11.05062962
0
0
0
0
21.79244614
0
0
0
0
0
0
11.16341305
11.16341305
22.3268261
9.1883955
0
0
27.56518745
0
0
0
0
8.29287529
8.29287529
0
5.976265907
5.976265907
0
0
0
6.766147137
0
41.56348038
0
0
0
0
0
0
0
6.028754234
12.05750847
6.028754234
6.028754234
0
4.692310333
0
0
0
0
3.263091326
2.815216064
8.936178207
0
0
0
0
0
0
0
0
5.295489788
0
0
0
0
15.65275574
0
0
0
0
0
0
0
0
0
0
0
0
0
0
0
0
0
0
0
0
0
0
0
0
0
0
0
0
0
0
0
0
2.735672951
0
2.415863276
0
0
0
0
-0.3
6.8
0
0
0
0
0
0
0
1.61045754
0
0
0
0
0
0
0
0
0
2.191266537
2.191266537
0
0
0
0
1.288578153
0
0
0
0
0
0
0
0
0
0
3.27721715
3.27721715
0
0
0
0
0
0
0
0
3.457644701
6.915289402
4.086698532
0
0
0
6.375248909
0
0
4.998166084
7.497249126
5.712190151
5.512129307
5.512129307
3.14978838
0
0
0
0
0
0
1.991333485
1.991333485
1.991333485
0
0
8.446837425
0
8.446837425
8.446837425
12.44233894
0
2.488467932
2.843963385
4.976935863
11.87886047
2.969715118
0
2.969715118
5.939430237
7.659909248
2.553303242
7.659909248
2.553303242
7.659909248
5.106606483
7.142655373
10.71398258
14.28531075
7.142655373
0
0
3.740650654
3.740650654
0
0
0
4.476613998
4.22791338
4.932565689
0
0
12.6332016
3.684684038
4.2110672
3.684684038
0
0
0
7.839009285
0
0
4.8347435
14.50423145
0
0
4.345927715
0
17.38371086
8.691855431
4.345927715
5.404804707
2.702402353
0
0
2.702402353
0
0
6.279508591
0
0
0
0
9.489424706
0
0
0
0
0
8.230295181
8.230295181
0
14.02101994
0
28.04203987
7.010509968
0
11.15587139
5.577935696
0
0
5.577935696
0
0
0
18.7814827
0
3.826148033
0
2.015104771
0
8.226219177
0
7.989077568
10.76079941
18.52161598
9.521677017
9.979421616
0
9.979421616
11.40505505
0
6.804191589
12.97988319
6.33964777
5.465214252
6.257669926
0
0
2.262244225
0
0
0
0
0
12.94844723
0
8.596103668
0
8.596103668
0
9.824118614
10.65469646
0
10.65469646
0
0
0
0
0
40.8602562
0
7.931154251
0
18.12835312
7.931154251
7.931154251
0
0
6.128476143
18.38542938
9.192714691
0
0
21.16102219
21.16102219
0
12.09201336
0
12.31464767
12.31464767
36.94394684
0
0
24.26683617
0
0
12.13341808
0
17.66508675
8.832543373
44.16271591
0
0
0
0
22.29293633
0
0
0
8.226264
8.226264
8.226264
24.67879105
0
0
13.46225452
13.46225452
13.46225452
0
0
0
0
13.51870632
8.678574562
0
13.93055248
13.51423836
7.461652279
38.15175247
19.76878929
6.161048889
5.893903255
6.027475357
11.56744862
23.13489723
11.56744862
11.56744862
0
9.205374718
0
0
0
9.205374718
14.21594238
0
0
7.107971191
14.21594238
32.96237183
18.83564186
8.240592957
0
8.240592957
0
0
10.55829048
0
0
3.838811398
7.677622795
3.838811398
0
0
10.71690273
0
0
0
0
0
0.30255121
0.618016183
0.470430255
0
0.492568135
0
2.584318161
9.385155678
0
0
0
0
0
0
0
0
0
0
0
0
0
0
0
0
0
0
0
0
0
0
0
7.136226654
0
0
0
0
1.827062011
0
0
0
0
0
2.468628645
0
0
0
0
0
0
0
0
0
0
0
0
0
0
0
0
1.197176814
0
-0.3
6.8
0
0
0
0
0
0
0
0
0
0
0
0
0
0
0
0
0
0
0
0
0
0
0
0
4.22506237
0
0
0
3.513717413
6.149005413
3.513717413
0
0
0
3.327058315
0
6.886717319
3.44335866
3.44335866
3.44335866
0
0
0
0
0
0
0
0
0
0
0
0
0
0
0
0
0
0
2.150711775
3.763745308
5.218423367
5.963912964
5.963912964
5.218423367
0
0
13.27546883
13.27546883
0
0
3.923283577
3.923283577
5.884925365
0
0
0
0
0
8.718987465
4.359493732
0
8.256500244
4.128250122
0
4.128250122
1.603486657
4.867053986
2.251169443
0
0
0.465325594
3.341151714
0
3.341151714
3.341151714
6.682303429
10.75375462
9.409534454
0
4.704767227
4.704767227
8.621954918
4.310977459
4.310977459
4.310977459
0
0.442524463
0
0.988304675
28.61658287
3.879464626
6.848828316
3.424414158
10.27324295
0
3.424414158
0
9.835845947
14.75376892
9.835845947
4.917922974
0
0
13.72498703
0
4.574995518
8.863170624
0
0
0
0
0
5.704375267
0
17.11312485
5.704375267
8.052583694
16.10516739
16.10516739
8.052583694
0
0
7.608623981
7.608623981
15.21724796
0
0
13.28370667
5.811621189
0
0
11.62324238
8.801815987
0
0
17.60363197
8.801815987
0
9.290841103
0
18.58168221
0
0
0
12.59320831
12.78596115
0
9.243620872
18.48724174
0
0
27.73086357
0
0
0
0
21.78647995
2.848088026
0
1.969249606
3.678102493
2.717890024
8.354060173
14.61960411
7.309802055
0
0
0
0
0
42.58244324
21.29122162
0
28.92218781
14.4610939
0
0
0
0
4.952340126
6.068763256
0
0
0
1.386455536
0
1.467220068
0
0
0
0
0
0
0
0
0
0
15.8359642
0
0
0
0
0
0
0
0
0
0
0
0
0
0
0
0
19.94042397
0
9.970211983
0
0
0
0
0
0
0
0
0
0
0
0
7.376030922
14.75206184
0
0
0
3.428510666
5.150522709
7.974002361
5.631444454
6.438153267
20.3670578
0
20.3670578
0
10.1835289
7.484286785
29.93714714
7.484286785
14.96857357
29.93714714
0
0
11.57825756
0
0
0
12.21619701
6.108098507
6.108098507
6.108098507
0
0
0
0
14.3583889
0
11.91521835
0
0
0
0
5.241925716
4.910540104
0
3.976634026
0
9.924085617
9.924085617
0
0
0
10.38131046
10.38131046
5.190655231
0
0
6.209457397
0
3.542575598
0
0
0
0
0
0
0
0
0.589147925
0
0
0.706977546
3.276655197
0
0
3.217079878
0
5.503563881
0
0
0
0
3.388104916
0
0
0
6.776209831
0
0
0
0
0
0
12.19841576
8.132277489
0
0
0
0
0
0
0
0
0
0
0
1.683205485
0
0
0
0
0
0
0
0
0
0
0
-0.3
6.8
0
0
0
0
0
0
0
0
0
0
0
0
0
0
0
0
0
0
0
0
0
0
0
0
0
0
0
0
0
0
0
0
0
0
0
0
0
0
0
0
0
0
0
0
6.170457363
0
0
0
0
0
0
0
0
0
0
0
0
0
7.982286453
0
0
0
0
5.756278992
6.745257854
0
6.745257854
2.248419285
4.49683857
10.42878437
13.68778038
9.125185966
4.562592983
9.125185966
13.14456463
13.14456463
5.007453442
8.763043404
5.007453442
3.219782352
0
9.659346581
0
9.659346581
0
0
3.800926685
7.601853371
3.325810909
3.325810909
0
0
2.72679925
5.453598499
8.180397987
0
0
4.08086586
0
10.71227264
5.198513508
2.274349451
0
0
0
0.721164346
1.421723843
14.68084526
4.120938301
8.623064995
2.617259026
0
0
2.405048847
30.62900352
8.027589798
0
16.75323105
4.886359215
10.81979561
9.820631981
11.22358036
4.91031599
0
14.73094845
0
0
26.99181938
11.80891991
11.80891991
7.345849514
14.69169903
0
0
0
0
0
0
6.49421072
0
0
6.481324196
3.240662098
0
0
3.820625544
0
3.820625544
0
8.732858658
0
0
0
5.994720936
5.994720936
5.994720936
20.6726799
18.64232635
0
38.57669449
0
0
15.65803432
0
7.829017162
0
0
10.8123436
6.858315945
0
13.50668335
30.33223534
0
28.61031723
56.82326508
0
9.602399826
14.88281441
7.938706875
8.209961891
3.164632559
20.24355888
0
20.24355888
23.13549614
0
0
0
0
8.535980225
0
23.58252335
0
0
7.860840797
0
0
12.52014351
0
0
0
0
10.13068008
0
0
0
0
0
0
13.06066513
6.530332565
6.530332565
0
0
25.98564148
11.36871815
0
0
0
0
0
0
0
0
0
12.81998634
6.409993172
0
0
0
0
0
8.750086784
0
17.50017357
17.50017357
8.750086784
0
0
0
0
29.79650497
0
0
6.659182072
0
6.659182072
13.31836414
15.28621387
0
0
13.37543583
0
0
0
32.4403801
16.22019005
0
8.822199821
0
10.08251476
8.822199821
17.64439964
13.63013649
0
14.6037159
0
0
0
27.16775703
0
0
9.055918694
0
17.95851326
5.986170769
0
0
14.73853016
6.448106766
6.448106766
6.448106766
0
6.238586903
12.47717381
0
0
6.238586903
6.7460289
0
0
0
0
13.41605091
0
13.41605091
0
0
0
0
0
0
0
0
1.168337464
0
0
0
0
2.169062614
0
0
0
1.945776582
0
0
0
0
0
0
0
0
0
0
0
4.168920994
0
0
0
0
0
0
3.800396442
0
4.345982552
0
0
0
0
1.177254677
0
0
0
0
0
0
1.825022817
0
0
0
0
0
0
0
0
0
0
3.059653521
0
0
0
0
3.037988901
3.037988901
0
-0.3
6.8
0
0
0
0
2.929792404
0
0
0
0
0
0
0
1.376315832
1.572932482
0
0
0
0
1.141346097
3.424037933
0
0
0
0
0
0
0
0
0
0
0
0
0
1.800783038
0
0
0
0
0
0
0
0
0
0
0
0
0
0
4.524264336
11.60182667
2.911655188
4.861290455
0
0
4.861290455
4.861290455
0
0
0
0
0
0
0
0
0
0
0
0
0
0
0
0
0
0
0
0
12.11375237
0
0
0
2.674858332
0
0
0
0
0
0
0
5.438279629
15.22718239
6.030952454
18.09285736
0
0
0
0
7.368609905
7.368609905
0
5.614179134
0
0
3.419682741
3.419682741
17.09841347
22.66738892
0
0
9.066955566
9.066955566
0
0
13.66897678
0
23.43253136
0
0
8.550886154
7.482025623
2.494008303
10.51775932
0
0
24.0405941
0
4.121875286
0
4.121875286
0
0
0
0
20.68914223
18.53865814
0
0
11.61203289
0
0
0
3.196683407
0
0
0
0
0
12.6295023
0
0
0
0
6.486658573
0
6.486658573
0
0
0
0
0
0
0
10.71237469
10.71237469
21.42474937
0
10.71237469
17.98236656
0
0
5.994122505
5.994122505
0
0
0
19.99999619
0
34.71063232
17.35531616
0
0
0
15.30862141
0
0
0
0
12.83316326
25.66632652
25.66632652
0
0
0
0
21.17880058
0
0
0
0
0
0
0
0
0
0
0
0
20.32439423
10.16219711
0
0
0
0
0
0
0
0
0
0
0
0
0
0
0
0
0
0
0
0
0
17.85565186
0
0
0
0
0
0
0
0
7.592993259
7.592993259
0
0
7.592993259
0
0
0
0
13.54152012
0
30.88703346
0
0
0
10.05080605
10.05080605
10.05080605
20.10161209
10.05080605
0
0
12.80551529
25.61103058
0
0
0
0
12.60365486
12.60365486
9.933450699
0
9.933450699
19.8669014
9.933450699
6.553847313
0
13.10769463
13.10769463
6.553847313
16.37880707
8.189403534
8.189403534
0
8.189403534
17.73295021
17.73295021
0
0
0
0
0
0
0
0
0
0
0
14.58481407
0
0
12.43487644
12.43487644
0
0
14.21128845
0
0
0
0
0
0
0
0
3.649142504
0
0
0
6.670117855
10.00517654
0
3.10211587
3.10211587
3.10211587
3.10211587
3.10211587
0
2.985200882
0
0
0
0
3.050404549
0
0
3.050404549
2.071332216
0
0
0
0
0
0
2.591296911
0
0
0
2.873780727
2.873780727
0
2.873780727
9.356758118
4.678379059
0
0
4.678379059
5.116396427
0
5.116396427
5.116396427
0
0
0
0
0
0
0
-0.3
6.8
0
0
0
0
0
0
0
0
0
0
0
0
0
0
0
0
0
0
0
2.313638687
1.545711517
0
0
0
0
0
0
7.23840332
0
0
0
0
0
0
0
5.318442822
0
0
0
0
3.680704117
7.679695129
3.839847565
3.839847565
0
0
0
2.869411945
2.869411945
2.869411945
0
0
0
0
8.036671638
4.018335819
2.3909688
4.781937599
2.3909688
5.349949837
5.349949837
0
2.674974918
5.349949837
3.152581453
0
3.152581453
0
9.457743645
4.228070259
4.228070259
0
0
8.456140518
9.513491631
8.324305534
2.774768353
5.549536705
2.774768353
7.964186668
7.964186668
5.309457302
0
7.964186668
10.95555401
3.651851654
0
7.303703308
3.651851654
4.173544884
5.316473484
13.8819046
0.951714516
16.17914772
7.777804375
4.632833958
5.294667721
9.265667915
0
13.8985014
0
0
5.534276485
16.60282898
0
0
0
0
0
12.66293812
0
0
0
0
5.163039207
0
0
16.69009018
0
12.51756763
0
0
5.224486351
10.4489727
10.4489727
9.286457062
0
0
0
13.92968655
0
10.19456673
20.38913345
0
0
7.492656231
7.492656231
22.47796822
22.47796822
0
0
11.78377724
5.891888618
17.67566681
11.78377724
10.43246174
0
20.86492348
0
0
0
7.20711565
7.20711565
21.62134552
7.20711565
0
0
0
23.01379395
0
0
0
0
0
0
0
0
13.61126041
13.61126041
0
13.61126041
0
65.18141937
0
0
0
0
24.72982597
8.243275642
0
8.243275642
0
31.00378227
10.33459473
10.33459473
10.33459473
0
0
13.01833153
13.01833153
0
4.739168167
9.478336334
16.24857712
0
0
0
0
0
14.06446362
0
10.50802708
0
0
0
10.50802708
10.79533672
0
0
0
0
0
0
0
23.16257858
0
0
0
0
0
0
0
0
0
0
28.50712204
0
0
0
0
0
0
16.76784706
0
0
0
16.76784706
0
0
0
0
0
0
0
10.86220455
10.86220455
0
0
19.51922989
0
0
0
0
0
26.66327477
0
0
0
0
0
0
0
0
0
0
0
14.00981617
0
27.87431526
0
0
0
27.87431526
0
23.90406799
5.976016998
5.976016998
0
0
43.8261261
26.29567719
8.76522541
0
0
0
0
0
20.35000038
0
0
0
18.07221413
0
0
0
0
9.767122269
0
0
0
0
0
11.57221794
0
0
0
0
5.187893867
0
0
0
0
0
0
0
0
0
0
0
0
0
6.967386723
0
0
0
0
0
6.969547749
0
0
6.649745941
0
0
0
0
5.882609367
0
5.882609367
0
0
0
0
0
0
0
0
0
0
0
0
0
0
0
0
0
0
0
0
0
0
0
0
0
0
0
-0.3
6.8
0
0
0
0
0
0
0
0
0
3.962553978
0
0
0
0
0
0
0
0
0
0
0
0
0
0
0
0
0
0
0
0
0
0
0
0
0
0
2.192327738
0
0
0
2.192327738
2.578922033
0
0
0
0
0
0
0
0
0
0
0
3.36689806
0
0
0
0
0
0
3.921524048
3.921524048
0
0
3.921524048
0
5.245196342
0
3.621682882
1.7483989
0
0
7.09294939
0
0
0
0
0
0
0
5.375908375
0
0
0
5.850253105
6.234694481
6.234694481
12.46938896
0
0
0
0
7.100757599
6.213162422
9.319743156
3.550378799
0
10.29184246
5.14592123
13.50804234
4.502680779
2.126483917
0
4.252967834
0
0
7.237327099
12.6653223
0
12.6653223
0
5.268736839
0
2.63436842
2.63436842
0
0
0
0
7.124914646
3.562457323
0
0
0
3.83261466
7.665229321
0
9.291557312
18.58311462
0
16.26022339
0
9.076412201
9.076412201
9.076412201
0
0
5.919326305
13.52989006
5.919326305
20.29483414
8.943837166
4.471918583
0
0
13.41575623
6.126980305
5.029610634
9.601984024
10.47073555
3.292109489
0
8.831274986
17.66254997
0
0
8.831274986
0
26.25630379
0
26.25630379
13.12815189
0
0
0
10.58355045
10.58355045
12.61974812
0
12.61974812
0
0
0
0
0
0
0
0
0
0
0
0
0
9.672697067
0
9.672697067
9.672697067
12.46919537
0
0
0
0
0
5.984598637
0
5.429576397
0
0
13.23134613
0
0
11.30589008
0
0
0
0
0
0
0
0
0
12.10282326
0
0
0
0
0
0
0
0
0
0
0
0
0
0
0
0
0
0
0
0
0
0
0
0
0
0
37.56416321
0
0
0
0
0
0
0
0
0
0
11.4945364
0
0
11.4945364
0
0
40.6859436
20.3429718
0
0
0
0
0
0
14.97198677
25.70763969
25.70763969
0
12.85381985
0
0
0
3.621120691
17.05315781
17.49910927
0
0
0
0
0
0
4.7380867
4.7380867
9.476173401
0
11.34514332
5.672571659
0
0
0
0
21.66652107
0
10.83326054
10.83326054
9.097418785
9.097418785
0
0
0
0
0
11.23882103
0
0
0
0
0
0
0
0
3.674128532
0
7.348257065
3.674128532
3.674128532
4.014996052
4.014996052
0
0
0
4.513343811
0
4.513343811
0
0
4.98585701
0
0
0
0
0
0
0
0
0
0
0
0
0
0
0
0
0
0
5.937393188
8.249132156
0
0
0
0
0
0
0
0
0
0
0
0
0
0
0
0
0
0
7.015692711
0
-0.3
6.8
0
0
0
0
0
0
0
0
0
0
0
0
0
0
0
0
0
0
0
0
0
0
0
0
0
0
0
0
0
0
0
0
2.653306484
2.653306484
0
0
0
0
0
0
0
0
0
3.181393147
3.181393147
3.181393147
0
0
0
0
0
0
0
0
0
0
0
1.718506098
1.718506098
8.649561882
2.883187294
2.883187294
2.883187294
0
6.893223286
0
3.446611643
6.031569958
6.031569958
0
8.202035904
4.101017952
4.101017952
4.101017952
0
0
5.085239887
5.085239887
0
0
0
0
0
3.910516262
3.34706831
6.69413662
13.38827324
3.825221062
6.69413662
7.650442123
2.730821848
5.461643696
5.461643696
5.461643696
6.241879463
4.422776222
5.804893494
0
3.869928837
1.934964418
0
9.807723045
0
4.0122509
7.875899792
1.876861453
0
0.807050526
22.54110336
0
0.436794251
0.746190071
12.13923931
0.436794251
0
3.331463814
4.475749493
1.897485971
0
0
0
12.4571991
14.23679924
8.30479908
0
8.133761406
4.066880703
0
8.133761406
0
0
3.345352888
0
0
0
0
0
3.509899855
5.264849663
0
0
3.101747751
3.101747751
3.101747751
6.203495502
2.642262936
0
12.16351986
0
5.512307167
5.740088463
22.47256088
12.84146404
0
0
0
9.899216652
0
19.7984333
19.7984333
29.697649
0
0
0
0
0
0
7.95074749
0
0
0
24.02470779
0
0
0
0
0
10.69109917
21.38219833
10.69109917
10.69109917
9.323729515
18.64745903
18.64745903
9.323729515
9.323729515
8.333533287
0
8.333533287
0
0
0
0
0
0
0
0
0
0
0
0
0
0
0
2.06150651
5.304686546
3.839113712
4.614145756
0
0
5.497322559
3.388513565
0
6.503882885
6.503882885
0
0
30.7833786
0
0
0
0
0
0
0
0
0
29.6027317
0
0
0
9.867577553
0
0
5.239143372
10.47828674
5.239143372
0
0
0
0
0
0
0
0
5.684729099
17.05418777
0
0
14.58439255
0
6.380671501
12.761343
0
0
5.356714725
10.71342945
5.356714725
19.35472298
0
19.35472298
9.677361488
19.35472298
35.57519531
11.85839844
11.85839844
0
0
19.91194916
0
0
29.86792374
0
0
0
0
18.10868073
0
0
5.257163048
10.5143261
15.77148914
10.5143261
0
0
17.07327652
8.53663826
0
3.868318319
6.176121712
0
0
3.296862125
9.978516579
9.978516579
19.95703316
0
0
15.9861021
7.993051052
0
0
7.993051052
0
0
0
0
0
0
0
2.824070215
0
0
0
0
0
3.211364031
3.211364031
3.211364031
0
0
8.319805145
4.159902573
0
0
3.053489923
0
0
3.053489923
5.516347885
22.06539154
0
5.516347885
0
5.825969696
11.65193939
0
0
0
4.119281292
0
0
0
0
0
0
0
0
0
0
0
0
0
0
0
0
0
0
0
0
0
0
0
0
0
-0.3
6.8
0
0
0
0
0
0
0
0
0
2.417998075
1.758098125
1.758098125
0
0
0.879049063
0
0
2.280845404
0
0
0
0
0
0
0
0
0
0
0
0
0
0
0
0
0
0
0
0
0
0
0
8.087477684
0
0
0
0
0
0
0
5.202555656
0
0
0
0
0
0
0
0
3.237603188
5.723014355
0
0
5.723014355
11.44602871
0
0
0
4.044281483
4.044281483
13.01583481
0
0
0
0
0
0
2.299451828
2.627945185
4.598903656
0
0
0
4.725067616
0
0
0
2.336241484
4.672482967
5.339980602
4.672482967
7.49288559
12.24583435
4.864783764
8.331641197
0
0
0
7.325432301
0
0
0
3.40715456
0
0
1.908006907
10.42782307
3.428325176
0
0
0
6.110737801
12.2214756
13.96740055
12.2214756
0
6.407387733
5.606464386
0
0
5.606464386
5.385089397
16.15526962
0
10.77017879
5.385089397
0
3.53566432
0
3.53566432
0
15.49918175
5.904450417
10.33278751
5.166393757
0
0
0
0
0
3.528044939
6.743234634
20.22970581
0
0
7.706554413
0
25.77596474
0
6.443991184
0
0
10.03397083
10.03397083
0
0
11.46739483
0
0
0
13.94227695
13.94227695
0
0
0
0
0
0
17.62498474
0
0
0
0
0
12.9062376
0
25.8124752
0
22.13630676
0
0
0
0
0
0
6.494468212
6.494468212
0
0
0
5.70391655
0
9.36270237
0
0
0
0
0
8.052220345
0
0
9.20253849
0
0
0
0
0
0
0
0
16.02510262
0
0
0
0
0
0
0
0
0
0
0
0
0
0
0
0
0
0
0
0
9.132004738
18.26400948
0
8.905817986
8.905817986
17.81163597
0
0
21.0982666
0
0
0
0
0
53.61729431
17.8724308
0
0
0
0
0
0
0
0
0
0
0
0
7.860108852
0
0
0
15.7202177
0
36.67469406
18.33734703
9.168673515
0
0
8.113588333
8.113588333
8.113588333
0
0
12.49327183
4.164423943
4.164423943
0
5.459969044
5.459969044
5.459969044
5.459969044
0
9.451920509
9.451920509
0
9.451920509
18.90384102
0
16.74872017
8.374360085
16.74872017
16.74872017
5.667929173
0
0
5.667929173
0
24.49908066
0
0
8.166359901
0
0
0
0
5.688287258
5.688287258
2.844143629
4.733186722
2.366593361
0
0
0
0
0
0
3.917490482
0
0
5.000443459
2.500221729
0
2.500221729
0
0
0
0
0
0
0
0
0
0
0
0
0
0
0
0
0
0
0
0
0
0
0
0
0
0
0
0
0
0
0
0
0
0
0
0
0
0
0
0
0
-0.3
6.8
0
4.595097542
0
0
0
0
0
0
0
0
0
0
0
0
0
0
0
0
0
0
0
0
0
0
0
0
0
0
0
0
0
0
0
0
0
0
0
0
0
0
0
0
0
0
0
0
0
0
0
0
0
0
0
0
0
0
0
4.932561398
5.63721323
0
2.633112669
7.899338245
5.266225338
0
3.676424265
11.02927208
7.35284853
7.35284853
3.676424265
3.157600641
0
0
3.157600641
18.04343224
0
2.304354191
5.267095566
2.304354191
2.304354191
0
0
4.003984928
4.003984928
0
0
0
5.377696991
2.688848495
2.688848495
5.377696991
2.813992739
2.462243557
2.462243557
0
7.386731148
0
3.542067051
5.313100338
1.771033525
1.771033525
0
4.505867958
5.91395092
1.971317172
3.942634344
14.85516262
17.33102226
0
4.951720715
9.903441429
0
0
1.910308123
36.39136887
1.050669432
0
0
10.3742857
15.56142902
10.3742857
19.70155716
13.1343708
0
0
0
12.8854332
0
0
8.590289116
0
7.906454086
0
7.906454086
15.81290817
7.906454086
3.647817135
0
7.29563427
0
0
0
6.058684826
18.176054
24.2347393
0
4.914569855
0
0
9.829139709
4.914569855
0
0
7.910924911
7.910924911
0
15.82184982
35.33378983
10.09536839
17.66689491
8.833447456
0
0
9.760449409
9.760449409
0
9.760449409
8.765374184
17.53074837
0
17.53074837
0
0
0
9.938977242
19.87795448
0
0
11.61417484
0
0
0
9.519028664
9.519028664
19.03805733
19.03805733
0
0
0
0
0
0
0
0
14.02465534
0
0
0
0
0
8.203998566
24.61199379
11.51469517
23.02939034
0
0
0
6.341004372
0
0
0
6.341004372
12.68200874
6.016683578
0
0
12.03336716
0
0
0
11.58124447
0
0
4.241257191
0
3.86144352
0
5.431341648
4.836263657
19.34505463
0
0
14.50879192
0
0
20.88664246
20.88664246
31.32996178
11.26990795
0
11.26990795
11.26990795
11.26990795
0
10.47283459
0
0
10.47283459
10.47283459
0
0
0
0
0
10.60031033
31.80093575
0
10.60031033
10.60031033
9.639968872
0
0
0
9.639968872
16.70345306
0
0
0
0
11.13280106
0
11.13280106
11.13280106
0
0
7.637638569
0
0
0
7.490573406
22.47171974
0
0
0
0
5.597789288
0
5.597789288
0
6.650250435
0
0
6.650250435
0
8.997369766
0
0
8.997369766
8.997369766
0
0
0
17.24136543
0
0
11.52303028
3.841010094
0
0
3.841010094
0
8.153824806
0
0
4.076912403
0
0
0
3.520171642
0
0
0
0
0
0
0
0
0
0
0
0
0
0
0
0
0
0
2.389428854
0
0
3.840532064
0
3.840532064
0
3.840532064
4.126589298
2.063294649
0
0
0
0
0
0
0
0
4.3169837
0
8.6339674
0
0
0
0
0
0
0
0
-0.3
6.8
0
0
0
0
0
0
0
0
0
0
0
0
0
0
0
0
0
0
0
0
0
0
0
0
0
5.99965477
2.999827385
0
0
0
0
0
2.31293273
4.625865459
2.31293273
0
0
0
7.355531216
3.677765608
3.677765608
3.14966774
3.599620581
6.29933548
3.14966774
3.14966774
8.346643448
0
0
0
0
0
0
0
0
0
1.776036263
0
5.328108311
1.776036263
8.390528679
0
0
8.390528679
4.195264339
3.500736952
0
3.500736952
0
10.50221062
0
0
15.38096046
10.25397301
11.71882725
2.360018492
0
0
2.360018492
4.720036983
0
6.247751236
0
0
0
0
0
0
6.103628159
3.051814079
0
0
5.513404846
5.513404846
0
5.513404846
3.374226332
0
6.748452663
3.374226332
10.12267971
11.0204258
9.642871857
0
0
9.642871857
4.888153553
12.83140182
0
0
4.277133942
0
3.194732428
3.194732428
0
0
0
11.3184557
0
3.772818327
3.772818327
0
9.151350021
0
9.151350021
15.68802929
4.559339046
0
0
0
13.67801762
0
0
0
8.567664146
25.70299339
0
0
0
0
5.993476391
5.210552216
15.63165665
5.210552216
0
10.42110443
4.408622265
17.63448906
0
10.07685184
8.81724453
0
0
0
11.84912014
11.84912014
11.84912014
9.067565918
27.20269966
0
18.13513184
9.067565918
22.97574997
22.97574997
0
0
0
18.3561573
0
0
0
0
0
0
14.51386166
0
0
0
32.89907455
0
10.96635818
0
0
7.733489513
7.733489513
15.46697903
0
0
9.085098267
0
9.085098267
0
0
23.32991219
23.32991219
11.66495609
0
0
16.48507118
0
0
0
0
0
0
0
0
0
0
0
0
0
0
0
0
18.09137726
0
0
0
0
0
0
0
0
0
0
0
0
0
0
0
0
11.43627644
0
0
0
8.506299973
0
0
0
0
0
10.77808857
10.77808857
0
0
0
0
12.93898487
0
0
23.94479561
0
0
0
0
0
0
0
0
0
0
0
0
0
0
0
0
18.2389679
0
0
14.89105701
0
0
0
8.486800194
8.486800194
0
0
5.415627003
16.24688148
0
5.415627003
0
0
0
0
0
0
15.66701698
7.833508492
0
0
7.833508492
0
0
0
0
12.39585972
19.25667
9.628334999
0
0
0
0
0
0
0
0
0
0
0
0
0
0
0
0
0
0
0
0
0
0
0
0
0
0
0
0
0
0
0
0
12.4982481
0
10.96988583
0
0
3.656629086
3.656629086
4.205202103
0
0
0
0
0
0
0
0
0
0
0
0
0
0
0
0
0
0
5.32843399
0
0
0
0
0
0
-0.3
6.8
0
0
0
0
0
0
0
0
0
2.037850142
0
0
1.977458239
1.977458239
0.988729119
1.331490755
0
0
0
2.66298151
2.083206177
0
0
0
0
0
0
0
0
0
0
0
0
0
0
0
0
0
0
0
0
0
0
0
0
0
0
0
0
0
0
0
0
0
0
0
2.396440268
4.792880535
4.792880535
4.369681835
13.10904598
0
0
0
0
0
0
0
0
0
6.34970665
2.116568804
4.233137608
0
0
0
0
0
3.06180048
3.856780767
13.22324944
19.28390312
0
3.856780767
10.85658836
0
0
0
8.142440796
2.714147091
3.176809549
6.353619099
9.53042984
12.7072382
0
0
0
3.996822357
0
0
6.49899435
17.05985832
0
11.37323952
17.05985832
11.84502125
0
0
6.768583775
5.922510624
0
6.805192947
0
0
6.805192947
1.649619699
2.431018591
11.46051788
8.595387459
4.297693729
7.62955904
6.675863743
6.675863743
0
6.675863743
0
0
9.447640419
0
0
0
5.388725281
4.715134144
0
0
0
0
12.74059296
0
12.74059296
0
18.72907066
0
0
0
0
10.46438026
0
9.15633297
0
0
25.211586
9.604413033
33.61544418
16.80772209
8.403861046
0
0
0
0
14.61243534
20.57883835
0
0
20.57883835
0
13.85902691
0
0
15.83888817
0
0
5.450824738
10.90164948
0
0
0
0
0
9.394446373
0
0
0
0
0
0
0
0
0
0
0
0
41.81860733
0
0
0
0
0
0
0
0
0
0
0
19.322052
0
0
0
0
0
0
0
0
0
0
0
0
0
0
0
0
0
0
0
0
0
11.10394192
0
0
0
0
0
0
0
0
18.42076111
0
0
0
20.50509453
0
0
0
0
0
0
0
0
6.520093918
13.04018784
13.04018784
0
6.520093918
12.9704752
0
19.45571327
6.485237598
0
0
18.54202843
37.08405685
0
0
0
0
7.152599335
8.17440033
0
5.882267475
6.722591877
11.76453495
0
0
0
0
7.744072914
15.48814583
7.744072914
3.974976063
3.974976063
7.949952126
3.974976063
3.974976063
0
0
0
11.46515274
0
0
0
15.00297737
7.501488686
0
4.726461887
4.726461887
4.726461887
0
0
7.034552097
14.06910419
0
0
7.034552097
7.034552097
6.821706772
0
0
0
0
0
0
7.153036594
0
0
0
0
0
5.440227032
0
0
0
4.886170864
0
0
0
0
0
0
0
4.534136772
4.534136772
4.534136772
9.068273544
0
3.162760735
0
0
0
0
0
3.80986619
0
2.539910793
5.079821587
5.247686386
0
0
0
0
0
0
0
0
0
0
0
0
0
0
0
0
0
0
0
0
-0.3
6.8
0
0
0
0
5.511475086
0
0
0
0
0
0
0
0
0
0
0
0
0
0
0
0
0
0
0
0
0
0
0
0
11.44776249
0
5.09202528
0
0
1.6973418
0
0
0
0
0
3.200612307
3.058818579
9.176456451
0
0
0
0
0
0
0
0
0
0
0
0
0
0
0
0
0
0
3.488172293
0
0
0
0
0
0
0
0
0
6.652062416
6.652062416
0
0
0
0
0
4.091261387
0
0
0
0
0
0
0
2.396474838
0
4.792949677
4.792949677
7.893725872
0
2.631242037
2.631242037
5.262484074
3.60511899
3.60511899
7.21023798
10.81535721
3.60511899
2.771896124
6.335762501
2.771896124
3.16788125
0
0
0
3.863871098
6.761774063
0
15.31913948
8.753793716
7.65956974
0
0
0
5.537983894
9.6914711
9.6914711
14.53720665
10.26812649
5.134063244
0
10.26812649
0
8.980518341
15.89315701
12.23005009
0
5.376495361
7.026649475
0
0
0
0
8.467263222
0
0
29.03061676
9.676873207
0
0
15.21787643
0
0
0
0
5.141060352
0
10.2821207
5.141060352
19.69444656
7.713418484
11.50524902
7.843176365
3.431390047
0
0
0
0
0
0
0
0
8.651116371
0
0
0
24.21145058
0
0
21.2349987
0
0
0
0
13.42623615
0
0
0
0
0
20.95806694
0
0
0
0
0
13.11390018
13.11390018
0
6.290997982
0
6.290997982
0
0
0
0
0
0
17.89888573
0
0
0
0
0
0
0
0
0
0
0
0
0
0
0
0
0
0
0
0
11.43878746
21.13208008
0
10.56604004
0
0
0
0
12.46640491
0
0
0
0
0
0
0
0
0
0
0
0
0
0
0
0
0
0
0
0
0
16.01986885
0
0
0
0
11.25598717
0
15.95144463
0
0
15.95144463
0
0
0
19.96237373
0
0
15.11820793
7.559103966
0
7.559103966
0
0
0
0
8.465792656
9.675191879
0
0
0
0
0
7.594508171
15.18901634
0
0
7.594508171
0
9.602889061
21.94946289
9.602889061
0
0
0
19.30592155
0
6.435307026
7.443428516
0
0
7.443428516
7.443428516
0
0
0
0
0
0
0
0
0
0
0
0
0
0
0
0
0
0
0
3.231780767
3.231780767
0
6.048435688
0
0
0
3.811277866
3.811277866
1.905638933
1.905638933
0
0
0
0
0
0
0
0
5.271511078
0
0
0
2.373128891
2.373128891
0
0
0
0
0
0
0
0
0
0
0
0
0
0
2.899761915
2.899761915
2.899761915
0
-0.3
6.8
0
0
0
0
5.528080463
0
0
0
0
0
0
0
0
0
0
0
0
0
0
0
0
0
3.484799385
0
0
0
0
0
0
4.029496193
4.029496193
0
5.941473961
2.97073698
5.941473961
0
0
0
0
0
0
0
0
0
0
5.843216896
3.835041285
11.50512314
0
0
0
0
0
0
0
0
0
2.157247066
4.314494133
0
0
4.896906376
5.596465111
14.6907196
3.736887455
4.270728588
0
11.21066284
8.541457176
3.743117809
7.486235619
11.2293539
0
0
11.59324169
0
7.728827477
3.864413738
7.728827477
0
3.928984404
4.49026823
3.928984404
0
4.11039257
4.11039257
0
0
0
9.395183563
7.734159946
16.9184742
3.383694887
0
0
3.759091854
15.03636742
3.759091854
0
0
0
0
5.90089941
7.744929314
7.744929314
7.457880497
14.91576099
0
0
11.18682098
9.326985359
0
0
5.440741539
0
6.801036835
5.95090723
5.95090723
0
0
0
3.09117198
3.09117198
3.09117198
0
4.698829174
0
4.698829174
9.397658348
4.698829174
0
0
11.12386608
6.356494904
11.12386608
4.607048988
0
4.607048988
13.82114697
4.607048988
0
0
0
0
7.170339108
4.897444725
4.897444725
4.897444725
4.897444725
0
5.597079754
0
10.48069286
20.96138573
0
9.170605659
0
0
0
15.97818375
0
10.19326019
0
0
0
26.75731087
0
0
18.37919235
18.82883644
0
0
14.36418247
7.182091236
21.54627228
0
6.277117729
12.55423546
0
18.83135223
12.55423546
14.84791279
44.54373932
0
7.423956394
14.84791279
0
19.27071953
0
0
28.90607834
18.9082756
18.9082756
0
9.454137802
18.9082756
10.75723457
10.75723457
0
21.51446915
0
0
8.930534363
8.930534363
8.930534363
0
0
7.903920174
7.903920174
0
0
0
0
0
0
0
0
0
0
0
0
0
14.12537479
0
0
0
0
9.876339912
29.62902069
0
0
19.75267982
0
19.35512352
0
9.67756176
9.67756176
12.31362724
0
0
12.31362724
24.62725449
24.62725449
0
13.44307613
6.721538067
0
0
13.20648003
0
0
0
13.20648003
0
0
17.38708496
8.69354248
8.69354248
0
26.24640274
0
0
0
21.77188873
21.77188873
0
0
21.77188873
11.4968338
0
11.4968338
0
22.9936676
6.287146091
0
0
14.37062168
12.57429218
0
0
7.949288368
7.949288368
0
5.299795628
5.299795628
10.59959126
5.299795628
0
6.836895466
6.836895466
6.836895466
0
0
0
7.353277683
7.353277683
0
14.70655537
0
0
37.83256912
0
0
0
0
2.510480881
5.020961761
5.020961761
0
0
0
0
2.499140501
7.497421265
3.961066008
0
0
0
0
0
0
4.200202465
4.200202465
0
3.805429935
7.610859871
0
0
0
0
0
0
0
0
0
0
0
0
0
0
5.239612579
0
5.239612579
0
0
0
0
0
0
0
0
0
0
0
0
0
0
0
0
0
0
0
0
0
0
-0.3
6.8
0
5.014788151
0
0
0
0
0
0
0
0
0
0
0
0
0
0
0
0
1.481386781
1.481386781
0
0
0
0
0
0
0
0
0
0
0
0
0
0
0
0
0
0
0
0
0
0
0
0
0
0
0
0
0
0
0
7.759487629
0
0
0
0
0
0
0
0
0
0
0
0
0
0
0
0
0
0
0
0
0
0
0
5.116672516
0
10.23334503
15.35001659
20.46669006
0
0
2.937099457
0
5.874198914
6.449501038
12.89900208
12.89900208
0
0
0
4.463465214
4.463465214
2.231732607
4.463465214
6.695198059
0
3.540745258
0
0
0
15.94324398
0
0
0
3.188648939
0
5.329793453
0
5.329793453
10.65958691
4.017751217
16.07100487
0
0
0
4.16345787
0
8.326915741
8.326915741
4.16345787
21.53220367
0
0
5.383050919
5.383050919
6.858861923
10.28829288
3.429430962
6.858861923
6.858861923
5.495015144
5.495015144
0
5.495015144
5.495015144
0
0
0
0
0
4.880756378
4.880756378
9.761512756
9.761512756
0
12.23680878
0
0
0
0
6.118404388
21.95413589
10.97706795
0
0
10.97706795
0
0
0
35.22091293
0
0
27.01066017
0
0
0
39.74705887
0
13.24902058
13.24902058
0
0
12.5848608
0
0
0
0
0
0
0
18.19133949
0
0
8.215443611
4.107721806
0
25.94245338
8.647483826
8.647483826
8.647483826
0
0
0
0
13.3654995
0
0
0
0
0
0
0
0
0
0
0
0
0
20.29516983
10.14758492
0
0
55.85144043
0
0
0
0
0
0
6.726837158
6.726837158
0
0
0
0
0
0
0
0
0
0
0
0
0
17.68335533
0
0
0
6.846218109
0
0
0
0
0
0
0
0
0
0
6.715581894
0
0
33.57790756
9.447291374
5.398452282
4.723645687
4.723645687
4.723645687
0
0
0
0
26.74746323
0
5.605857372
0
0
16.81757164
0
11.32890415
0
0
0
14.00986958
7.004934788
7.004934788
0
0
7.118213654
14.23642731
0
0
0
0
0
0
10.85025597
0
0
12.2687149
12.2687149
0
0
0
5.877899647
0
5.877899647
0
0
7.464481354
14.92896271
14.92896271
0
14.92896271
4.180376053
0
0
4.180376053
0
0
0
0
0
0
0
0
0
0
9.152770042
0
0
3.463453293
1.731726646
1.731726646
4.943410397
0
0
0
0
0
0
0
0
0
0
0
0
0
0
0
0
0
0
0
5.571921825
0
0
0
0
0
0
0
0
0
0
0
0
0
0
0
0
0
0
0
7.304243565
-0.3
6.8
0
0
0
0
0
0
0
0
0
0
0
0
0
0
0
0
0
0
0
0
0
0
0
0
0
0
0
0
0
0
0
0
0
2.941053152
2.941053152
0
0
0
0
0
0
0
0
0
0
0
0
0
0
0
0
0
0
0
0
0
1.930871248
1.930871248
1.930871248
8.829323769
4.414661884
0
8.829323769
0
0
0
2.348160982
0
0
0
2.366065502
7.098196983
9.464262009
0
7.638685226
1.909671307
0
5.72901392
0
3.172872543
1.586436272
4.759308338
0
3.172872543
9.976236343
3.325412035
3.325412035
0
0
6.65082407
16.06833267
12.05125046
24.10250092
0
8.034166336
2.129854679
0
2.129854679
0
2.129854679
2.020905256
6.062716484
2.020905256
4.041810513
0
8.383327484
5.58888483
8.383327484
2.794442415
0
5.581524849
5.581524849
0
5.581524849
5.581524849
9.936771393
0
0
9.936771393
0
0
0
13.41655827
20.12483597
0
0
0
0
19.53477097
0
0
4.557394505
4.557394505
9.114789009
18.22957802
4.061768532
0
0
4.061768532
12.18530655
0
0
0
15.37143517
7.685717583
0
13.83442879
6.917214394
6.917214394
6.917214394
13.83442879
4.520239353
9.040478706
0
0
9.040478706
0
0
9.394841194
4.697420597
0
0
0
13.28369999
0
0
0
6.553658009
13.10731602
0
0
0
6.810419559
20.43125916
13.62083912
0
0
12.47949982
12.47949982
24.95899963
0
0
6.787290573
6.787290573
0
6.787290573
0
0
0
0
0
7.963131428
7.963131428
0
0
0
0
0
0
0
0
0
0
0
0
0
0
0
0
0
0
0
0
0
0
0
0
0
0
0
0
0
0
0
0
9.214149475
0
0
0
0
0
0
0
0
0
0
7.691225529
0
0
0
0
0
4.6737957
0
0
0
0
0
0
0
15.93499947
15.93499947
0
0
26.2064724
0
8.735490799
0
0
13.81817627
13.81817627
0
0
8.424105644
8.424105644
8.424105644
0
25.27231789
0
14.84949303
0
0
0
0
0
0
11.77269459
0
0
0
0
0
0
0
4.036524773
0
0
4.036524773
0
22.58697701
0
0
0
0
10.84098625
0
10.84098625
0
0
0
0
0
0
0
0
0
0
0
0
8.548601151
0
0
8.548601151
0
0
0
0
0
0
0
0
0
0
0
0
13.24793243
0
0
0
6.846021175
0
0
0
0
4.69706583
4.69706583
2.348532915
0
0
0
0
0
0
0
0
0
0
0
0
0
0
0
0
0
0
0
0
0
0
0
0
0
0
0
0
-0.3
6.8
2.157536507
0
0
0
0
2.841663361
2.841663361
0
0
0
1.68285954
0
0
0
0
0
0
0
0
0
0
0
0
1.886877298
1.886877298
0
0
0
0
0
0
0
0
0
0
0
0
0
0
0
0
0
0
0
0
0
0
3.579984426
0
0
0
0
0
3.410645962
1.705322981
1.705322981
1.744019032
0
1.744019032
0
5.641751766
0
0
0
4.336055279
2.168027639
6.504082203
2.168027639
6.504082203
0
3.634813547
3.634813547
0
0
10.06611729
3.35537219
3.35537219
3.834711075
0
0
2.427845478
1.213922739
0
1.213922739
0
5.944680691
5.944680691
8.917020798
0
2.972340345
0
0
5.499230385
5.499230385
0
4.710568905
14.13170528
16.15052032
14.13170528
4.710568905
5.937889099
0
8.906833649
0
8.906833649
5.677564621
5.677564621
0
22.71025848
0
0
0
0
0
0
4.996570587
5.710366726
0
4.996570587
4.996570587
9.073812485
13.61071968
4.536906242
9.073812485
4.536906242
12.1396513
0
4.046550274
8.093100548
0
10.45351791
5.226758957
0
10.45351791
0
8.98289299
17.96578598
8.98289299
8.98289299
0
0
7.172019958
7.172019958
0
3.586009979
0
14.0565176
14.0565176
0
4.685505867
0
0
8.49362278
16.98724556
8.49362278
0
46.65276337
0
0
7.775461197
23.32638168
0
0
4.367500782
4.991429329
0
0
0
0
32.19270325
0
4.738644123
0
0
9.477288246
0
0
43.91414642
0
0
0
0
14.76207638
25.83363342
0
25.83363342
0
0
6.247245312
6.247245312
6.247245312
0
23.66401672
0
0
0
11.05930138
0
0
0
0
0
7.56853056
7.56853056
0
0
0
0
5.326045036
0
0
5.326045036
0
0
0
0
32.47134018
9.519669533
0
0
9.519669533
0
0
0
0
0
0
0
0
0
0
0
13.28283405
0
0
0
0
6.132704258
0
0
6.132704258
0
0
0
5.272140503
5.272140503
0
0
18.63751221
0
9.318756104
9.318756104
0
0
0
0
0
0
0
0
0
12.86475658
0
5.162950516
0
10.32590103
11.80103016
0
0
0
0
6.459246635
0
0
14.02067184
0
0
0
0
0
0
21.72209549
0
0
10.54253101
0
10.54253101
10.54253101
0
20.35083008
10.17541504
10.17541504
0
6.906851292
13.81370258
6.906851292
0
13.81370258
0
11.7779932
11.7779932
5.888996601
0
0
0
0
2.255850554
4.511701107
4.511701107
3.203036785
0
2.802656889
2.802656889
5.605313778
0
0
0
2.760495424
0
6.981028557
0
0
0
0
0
0
3.513212204
0
0
0
0
0
0
3.923330545
0
0
0
3.890103817
7.780207634
1.039661169
0
1.039661169
3.118983507
1.039661169
0
0
0
0
0
0
0
0
0
0
0
0
0
0
0
0
0
0
0
0
0
-0.3
6.8
0
0
0
0
0
0
0
0
0
0
0
0
2.551215649
0
0
0
0
0
0
0
0
1.526109815
3.052219629
1.526109815
0
0
0
0
0
0
0
0
0
0
0
0
0
0
0
0
6.545689583
2.963739634
0
0
4.44560957
1.481869817
2.706727266
2.706727266
0
0
0
9.200802803
0
4.600401402
0
0
6.123507023
0
0
3.591459036
0
3.591459036
0
0
0
0
0
9.039093971
0
0
0
3.680894852
0
0
0
0
4.356465816
4.978818417
4.356465816
0
0
0
0
4.402324677
0
5.613363743
0
5.613363743
8.420045853
2.806681871
6.178330898
6.178330898
9.267496109
0
3.089165449
6.011383533
4.007588863
6.011383533
0
0
13.01054668
4.336848736
0
4.956398487
21.68424416
3.297924042
3.297924042
3.297924042
6.595848083
6.595848083
0
0
0
1.155452132
0
0
14.814744
0
7.407371998
0
0
0
0
0
10.34514236
1.269591093
0
0
0
0
16.35006523
8.175032616
0
0
0
6.120065689
6.120065689
0
6.120065689
0
0
0
2.393928289
2.393928289
4.787856579
0
0
12.26807785
6.134038925
0
6.134038925
13.47974205
17.97298813
4.493247032
0
4.493247032
10.99742603
10.99742603
0
10.99742603
21.99485207
0
11.29195023
0
0
0
0
0
72.33846283
0
0
0
17.6155529
0
0
0
0
0
0
7.537704945
0
0
0
0
0
0
0
0
0
0
0
0
0
0
0
0
34.45077515
17.22538757
0
0
0
0
0
0
0
0
0
11.43153667
0
0
0
0
0
0
0
0
0
0
0
0
0
13.30822849
14.53146458
0
7.265732288
0
0
0
0
0
19.99144936
6.663816452
0
4.088099957
4.088099957
0
0
0
0
0
0
0
0
0
0
0
22.89995766
10.01873112
12.74121189
0
0
12.74121189
0
0
5.016599655
15.04979992
0
0
7.489179134
0
14.97835827
22.46753693
0
0
8.334017754
0
8.334017754
8.334017754
11.76432228
0
0
0
47.05728912
0
0
0
0
0
0
0
5.70405817
11.40811634
5.70405817
0
0
0
51.81762314
0
32.48400116
12.9936018
0
6.4968009
0
12.22199249
0
0
0
0
0
0
10.27256966
10.27256966
10.27256966
10.27256966
0
0
4.576450825
0
0
8.278170586
0
0
4.139085293
4.139085293
5.350330353
5.350330353
2.675165176
2.675165176
0
0
0
6.651021481
6.651021481
0
0
0
0
4.735483646
0
0
0
0
0
2.051429749
0
3.829637766
3.829637766
1.914818883
0
0
0
0
0
0
0
0
13.36820602
0
0
0
0
0
0
0
0
0
0
0
0
0
0
0
0
0
0
-0.3
6.8
0
0
0
0
0
0
0
0
0
0
0
0
0
0
0
0
0
0
0
0
2.421037197
4.842074394
2.421037197
0
0
0
0
0
0
0
0
0
4.430027485
0
0
0
0
0
0
0
0
0
0
0
4.477033138
6.715549946
2.823357344
0
0
0
5.646714687
2.320970058
1.160485029
0
0
3.481455088
2.397993088
2.397993088
4.795986176
4.795986176
6.482144833
0
6.482144833
0
0
0
0
0
0
0
0
0
0
0
5.754415035
17.66847992
0
0
0
0
4.317239285
4.317239285
2.158619642
0
6.475859165
1.654119372
1.654119372
1.654119372
3.308238745
8.270596504
1.654119372
10.09378719
6.72919178
0
3.36459589
3.36459589
0
5.364243507
10.72848701
0
0
0
2.319912434
2.319912434
0
4.639824867
0
0
5.167325497
0
0
3.131172895
6.262345791
0
0
0
0
13.18979073
5.2759161
7.913874626
2.63795805
3.975599051
0
0
0
0
12.57081699
0
3.142704248
3.142704248
0
9.456730843
9.456730843
0
18.91346169
9.456730843
0
0
0
7.19350338
3.59675169
0
4.645844936
9.291689873
0
4.645844936
27.31912613
0
0
5.463825226
0
5.463825226
0
0
9.528036118
19.05607224
0
0
39.65698624
0
0
0
0
0
6.346265316
12.69253063
0
0
0
0
0
0
0
0
0
0
0
0
0
9.022034645
0
9.022034645
0
0
10.24962139
0
0
16.73049545
0
0
41.82623672
8.365247726
0
0
0
17.26009178
0
0
0
0
0
0
0
0
0
0
0
0
0
0
0
0
0
0
0
0
0
0
0
0
0
0
0
0
0
0
31.65886307
0
0
0
0
0
0
0
0
0
0
0
0
0
0
0
12.28017235
12.28017235
5.73502636
0
5.73502636
5.73502636
0
0
18.74074936
0
0
0
12.46477699
0
12.46477699
12.46477699
0
10.60624409
0
0
31.81873512
10.60624409
0
0
0
11.44452286
0
13.80442429
0
0
27.60884857
0
0
0
13.55026913
6.775134563
6.775134563
0
0
6.319863319
12.63972664
6.319863319
18.81421471
0
0
0
0
0
0
0
0
22.14418221
0
0
3.737930775
0
4.271921158
0
0
0
16.6873188
0
8.343659401
0
0
0
0
0
0
5.957152843
0
0
0
0
0
0
0
4.443348885
0
0
2.931265354
2.931265354
2.931265354
2.704039574
0
0
2.704039574
2.704039574
6.479723454
0
0
0
0
0
0
0
0
0
0
0
0
0
0
2.95658946
11.82635784
2.95658946
0
0
0
0
0
0
0
0
0
0
0
8.356547356
0
3.84876895
0
0
3.84876895
3.84876895
-0.3
6.8
0
0
0
0
0
0
0
0
0
0
0
0
0
0
0
0
0
0
0
0
0
0
0
0
0
0
0
5.06927824
0
0
0
0
0
0
0
0
0
0
3.510174513
7.020349026
0
0
5.84678936
2.92339468
0
0
0
0
0
0
0
0
0
0
0
9.64315033
5.407673359
0
2.703836679
6.855874538
0
4.570582867
2.285291433
0
2.927662134
0
8.782986641
5.855324268
5.855324268
4.722572803
9.445145607
14.16771889
4.722572803
4.722572803
0
6.372919559
6.372919559
6.372919559
12.74583912
3.692250729
0
0
3.692250729
0
6.581600189
0
0
0
0
6.581600189
4.547885418
0
0
0
0
0
3.290829659
3.290829659
0
0
0
6.761648178
0
13.52329636
6.761648178
0
0
1.956092119
3.981992722
11.94597912
4.725791454
9.451582909
14.17737389
0
9.451582909
0
0
0
12.43245983
12.43245983
0
0
0
22.03290558
11.01645279
0
6.506274223
6.506274223
13.01254845
0
0
0
0
0
0
4.756107807
4.756107807
9.512215614
4.756107807
0
0
11.31676102
5.658380508
0
0
17.63562584
11.75708389
0
0
11.75708389
17.63562584
0
0
0
11.50226021
11.50226021
0
0
8.160210609
0
16.32042122
20.89299202
10.44649601
0
10.44649601
10.44649601
0
0
2.533593178
0
0
0
0
22.12952805
0
0
0
0
0
0
6.421365261
0
0
0
0
0
0
0
0
0
0
0
0
14.98274136
0
0
0
7.862985134
0
0
7.862985134
0
0
0
0
18.90476799
0
0
0
0
0
0
0
0
0
0
0
0
0
0
0
0
0
0
0
0
0
0
0
0
0
0
0
0
0
0
0
0
0
14.09151363
42.27454376
0
0
7.812599659
0
0
0
7.812599659
0
0
0
0
0
0
0
0
0
0
0
0
0
14.13431931
7.067159653
0
0
16.08314896
16.08314896
16.08314896
0
31.82303429
0
0
10.60767841
0
6.672047138
0
0
6.672047138
8.270185471
0
16.54037094
8.270185471
16.54037094
7.262226105
0
0
0
7.262226105
0
8.561444283
0
17.12288857
8.561444283
0
0
0
10.66214085
0
0
0
0
17.48463821
0
8.742319107
15.91733265
0
9.285110474
13.92766571
4.642555237
0
0
0
0
0
0
0
0
0
0
0
0
0
0
0
0
0
0
0
4.465425491
6.062905312
0
0
0
3.031452656
9.367397308
0
0
0
0
4.043949127
2.021974564
0
0
4.043949127
4.056592941
0
0
0
0
0
0
0
0
0
0
0
0
0
0
0
0
0
0
0
0
-0.3
6.8
0
0
0
0
2.614988565
0
2.848544359
0
0
0
0
0.907328725
0
0.907328725
0.907328725
0
0
0
0
0
0
0
0
0
0
0
0
0
5.149727345
5.149727345
0
0
0
0
0
0
2.345298529
0
1.172649264
1.172649264
2.345298529
1.616883755
0
0
3.233767509
3.233767509
3.679382563
1.839691281
1.839691281
1.839691281
0
2.512972355
2.512972355
0
0
0
1.205229282
0
1.205229282
8.576112747
0
4.288056374
4.288056374
4.288056374
4.491335392
8.982670784
4.491335392
13.4740057
0
0
2.951753616
0
2.951753616
0
0
0
0
4.028344154
8.056688309
4.567178726
9.134357452
0
0
0
3.318969011
3.318969011
3.318969011
0
0
6.637938023
0
9.592344284
6.394896507
3.197448254
6.394896507
2.437408686
0
0
2.437408686
0
2.114400864
2.114400864
4.228801727
4.228801727
0
5.504447937
2.752223969
2.752223969
5.504447937
0
2.508655071
0
0
7.525965214
7.525965214
0
4.557596684
18.23038673
9.115193367
4.557596684
0
3.985809803
7.971619606
3.985809803
0
9.031590462
9.031590462
4.515795231
0
18.06318092
14.154356
0
14.154356
7.077178001
14.154356
26.10580826
0
5.221161366
15.66348457
10.44232273
7.841247082
0
7.841247082
0
7.841247082
4.635926723
0
9.271853447
0
4.635926723
0
0
0
26.04390144
0
0
0
15.47057819
30.94115639
15.47057819
0
14.26706886
0
0
0
21.40060234
0
0
7.637235641
0
15.27447128
0
14.54525089
0
14.54525089
0
0
0
0
7.71367836
0
0
0
0
0
18.53066063
0
0
0
0
0
0
0
21.16976357
0
0
0
0
0
0
0
0
0
0
0
0
0
0
15.1048975
0
7.55244875
15.1048975
32.40587234
21.60391617
0
0
0
0
0
0
0
0
0
0
0
0
9.975358963
0
0
2.426767111
0
0
0
0
0
0
0
12.97759628
6.488798141
0
0
0
6.488798141
50.03178406
0
16.67726135
0
0
7.452327728
14.90465546
7.452327728
7.452327728
0
0
17.16694069
0
0
11.44462585
0
0
0
0
0
0
18.31338882
9.156694412
0
9.156694412
0
9.674292564
4.837146282
0
0
0
0
8.685278893
8.685278893
0
0
0
0
15.10082626
7.550413132
24.09319305
0
6.023298264
6.023298264
6.023298264
0
5.805745602
5.805745602
23.22298241
0
0
0
0
0
0
0
0
0
15.19761658
0
0
3.139499187
1.569749594
1.569749594
3.139499187
1.569749594
2.116434097
0
2.116434097
0
0
0
0
0
0
0
0
0
0
0
0
0
0
0
0
0
0
0
0
0
0
2.778539419
5.557078838
2.778539419
0
0
0
0
0
0
0
0
0
0
0
0
0
0
0
2.14225626
0
0
0
0
0
0
0
0
0
0
0
0
-0.3
6.8
0
0
0
1.960901976
0
0
0
0
0
0
0
0
0
0
0
0
0
0
0
0
0
0
0
0
0
0
0
0
2.753292322
2.753292322
0
0
0
0
0
0
2.809339046
2.809339046
5.618678093
5.618678093
5.618678093
0
0
0
0
0
0
0
0
0
3.625032663
1.693775058
0
5.081325531
0
0
0
0
0
0
0
0
0
0
0
0
2.652525187
2.652525187
2.652525187
3.373222589
0
0
0
0
6.248373032
0
6.248373032
3.124186516
0
2.13307929
0
4.266158581
2.13307929
0
11.63570786
0
0
0
17.45356178
0
12.84741116
19.27111626
0
6.423705578
25.69482231
0
23.91861916
0
0
0
0
0
6.396577835
0
4.264384747
3.797843695
0
15.19137478
0
0
6.110320091
6.110320091
6.110320091
0
3.055160046
6.393710613
6.393710613
3.196855307
6.393710613
3.196855307
0
28.26948738
0
7.067371845
7.067371845
0
0
3.952289343
0
3.952289343
29.64743996
0
0
7.411859989
7.411859989
0
0
0
0
5.103978157
15.55808163
3.889520407
0
0
7.779040813
0
9.343102455
0
0
0
0
0
23.73892212
7.912974358
15.82594872
15.82594872
20.69432449
0
0
0
10.34716225
3.605709553
0
7.211419106
0
0
0
0
0
0
21.7916069
0
0
0
28.22411537
0
0
0
24.6423645
0
0
0
0
0
10.99465179
0
0
0
0
0
0
0
0
0
0
0
29.01141167
9.670471191
0
0
19.34094238
19.35103989
0
0
0
38.70207977
0
29.13812256
0
0
0
0
0
0
0
0
0
0
0
0
15.02926254
0
0
0
25.02439308
0
0
0
0
0
0
12.85901737
0
0
0
0
0
7.497212887
14.99442577
7.497212887
0
22.49163628
22.49163628
14.1233654
7.061682701
14.1233654
14.1233654
21.18504906
0
0
18.30444527
36.60889053
0
12.84999561
12.84999561
0
0
12.84999561
0
0
0
50.08538818
25.04269409
8.406068802
8.406068802
16.8121376
16.8121376
16.8121376
0
0
28.93062592
0
0
0
0
0
0
0
0
0
0
0
0
7.128480911
0
14.25696182
0
0
0
4.961168766
14.88350677
19.84467506
0
0
0
11.90935612
0
11.90935612
14.29590893
14.29590893
0
14.29590893
0
0
4.016619682
4.016619682
0
4.016619682
0
0
0
0
0
0
0
0
9.910083771
0
0
0
0
0
0
0
4.187026978
0
0
0
4.187026978
0
0
0
0
0
0
7.063362122
14.12672424
0
0
0
0
0
0
0
0
0
0
0
0
0
0
0
0
0
0
0
0
0
0
0
0
0
0
0
0
-0.3
6.8
0
0
0
0
0
0
0
0
0
0
0
0
0
0
0
0
0
0
0
0
0
0
0
0
0
0
0
0
0
0
0
0
0
0
0
0
2.006755352
0
4.013510704
2.006755352
0
0
0
0
0
0
0
0
0
0
0
0
0
0
0
0
0
0.975001276
1.950002551
1.950002551
0
2.360834837
4.721669674
7.082505226
2.360834837
3.895787954
2.597191811
1.298595905
1.298595905
3.895787954
3.164639473
6.329278946
3.164639473
0
0
1.718877912
5.156633377
5.156633377
1.718877912
0
4.620985985
4.620985985
2.310492992
2.310492992
0
4.548166752
0
4.548166752
4.548166752
0
13.64450169
4.927191257
7.390787601
4.927191257
0
4.927191257
2.822738886
8.468216896
0
0
2.822738886
0
0
7.839242458
7.839242458
0
0
12.68150711
0
0
0
0
0
12.22191334
0
12.22191334
0
12.20189381
12.20189381
0
0
0
0
12.73395538
0
8.489302635
0
0
3.452360392
6.904720783
0
13.22984219
0
19.8447628
0
0
6.727252483
0
6.727252483
13.45450497
0
4.972330093
5.682663441
0
9.944660187
19.88932037
0
0
22.41257668
11.20628834
5.603144169
5.603144169
0
0
21.3431778
0
0
0
0
0
15.71186733
0
0
0
25.78073502
17.18715477
0
0
15.43253422
0
0
0
11.37532806
11.37532806
0
22.75065613
0
7.952351093
15.90470219
23.85705185
7.952351093
15.90470219
4.444716454
8.889432907
4.444716454
0
4.444716454
0
0
0
0
0
0
0
0
0
0
0
0
7.639473915
30.55789566
0
0
31.94032097
0
0
15.97016048
16.62135506
33.24271011
0
0
8.310677528
16.62135506
0
0
5.601553917
0
12.80355358
6.287521839
12.57504368
12.57504368
0
0
0
9.334035873
9.334035873
0
0
0
0
0
0
0
5.380687237
5.380687237
0
0
5.380687237
0
0
23.65340996
0
0
15.76894188
3.271016359
6.542032719
0
6.542032719
3.271016359
0
0
0
0
14.73637104
24.57642746
0
0
0
0
0
0
24.82110214
0
8.273700714
0
21.39160728
10.69580364
0
0
9.380439758
28.14132118
9.380439758
0
0
9.790050507
0
3.263350248
0
6.526700497
11.26266956
0
0
0
11.26266956
7.249795437
0
0
14.49959087
0
13.18136501
26.36273003
0
0
0
0
0
8.256619453
0
0
0
5.888614655
0
11.77722931
0
0
0
0
8.284710884
0
0
0
0
5.601713181
0
5.601713181
0
0
0
0
0
0
0
5.965336323
0
5.965336323
0
0
0
0
0
0
0
0
0
0
0
11.54081249
11.54081249
5.770406246
5.770406246
0
0
0
0
0
0
8.945669174
2.236417294
0
0
4.054371834
2.027185917
0
0
0
0
0
0
0
0
0
0
0
0
0
0
-0.3
6.8
0
0
0
0
0
0
0
0
0
0
0
0
0
0
0
0
0
0
0
0
0
0
0
0
0
0
0
0
0
3.074827433
3.074827433
0
0
0
0
0
0
0
11.4769268
0
0
5.168593407
0
0
0
5.168593407
2.249414682
0
4.498829365
0
0
0
2.32436347
0
2.32436347
4.64872694
4.737733841
2.36886692
0
0
2.742604256
0
0
0
9.058922768
9.058922768
9.058922768
0
4.529461384
9.066483498
9.066483498
13.59972572
0
0
0
0
3.037807226
3.037807226
3.037807226
5.670350552
0
2.835175276
0
5.670350552
3.825783253
7.651566505
3.825783253
7.651566505
0
7.651566505
11.3637476
11.3637476
0
5.681873798
0
8.220405579
8.220405579
0
4.110202789
0
0
11.12987709
16.69481659
0
0
8.389921188
0
4.194960594
8.389921188
0
0
0
0
11.89323139
0
0
0
0
0
0
9.948326111
9.948326111
9.948326111
0
14.92249107
11.21779346
5.608896732
0
16.82668877
5.608896732
0
0
0
10.01072311
0
3.48540926
3.48540926
3.48540926
6.97081852
0
0
0
0
0
14.75963497
0
0
0
7.582219601
7.582219601
0
0
0
0
13.93778706
6.968893528
0
0
13.25677395
13.25677395
19.88516045
51.46508789
0
0
0
12.86627197
13.66618156
0
0
20.4992733
0
6.461191654
0
0
6.461191654
6.461191654
16.98165703
0
33.96331406
0
8.490828514
0
0
0
49.87341309
0
21.74555588
0
0
21.74555588
21.74555588
0
0
0
0
0
0
0
0
0
0
12.00679588
0
0
12.00679588
0
0
0
0
0
0
0
0
0
0
0
0
6.564628601
0
0
0
6.564628601
0
11.71524143
0
0
0
0
0
0
0
19.58083725
0
0
0
0
6.574183941
0
0
20.3314724
0
0
0
0
0
0
0
4.005159855
0
0
13.42367077
13.42367077
0
0
11.5909481
23.18189621
0
11.5909481
0
0
0
0
19.05540276
0
0
0
0
0
0
14.18502808
0
0
0
0
0
0
3.016441822
6.032883644
0
11.83429527
11.83429527
0
0
0
3.845770836
3.845770836
7.691541672
3.845770836
0
0
0
12.76005936
0
7.217132568
0
0
0
14.43426514
0
5.379163742
10.75832748
5.379163742
0
0
5.196731091
0
10.39346218
0
5.196731091
0
0
0
0
0
5.499919415
5.499919415
0
0
5.499919415
0
0
0
0
0
0
0
0
0
0
0
0
0
0
0
0
0
0
0
0
0
0
0
0
0
5.522088528
11.04417706
0
0
0
0
0
0
0
0
5.772835255
2.886417627
0
0
0
0
0
0
0
0
0
-0.3
6.8
2.12248373
0
0
0
0
0
0
0
2.347330093
2.347330093
0
0
0
0
2.464296103
0
0
0
0
0
0
0
0
0
0
0
7.125702858
0
0
0
0
0
0
0
0
0
0
0
0
0
0
4.906908989
9.813817978
0
19.62763596
0
0
3.101164103
1.550582051
1.550582051
4.651745796
3.466087341
3.466087341
0
0
3.466087341
0
2.099774599
2.099774599
0
0
3.73593998
3.73593998
3.73593998
0
0
0
24.97315216
18.72986412
0
15.24969864
0
5.083232403
10.16646481
2.216697693
0
2.216697693
8.866790771
6.650093079
0
0
0
0
0
0
0
0
0
10.67173958
0
3.667578936
3.667578936
7.335157871
0
0
2.436084509
0
0
0
4.872169018
0
0
0
5.756433964
8.63465023
2.200578928
6.601736546
0
2.200578928
6.601736546
4.129561901
8.259123802
0
8.259123802
0
5.07973814
0
5.07973814
0
0
11.13030052
11.13030052
0
3.710100174
11.13030052
0
0
0
4.913911819
0
0
0
5.117607594
5.117607594
5.117607594
0
0
0
0
12.2346983
11.1720705
0
3.724023819
0
0
19.81652069
6.605507374
0
6.605507374
6.605507374
0
0
5.506010532
5.506010532
16.51803017
0
9.760872841
29.28262138
19.52174568
9.760872841
0
9.166469574
9.166469574
18.33293915
0
9.166469574
6.848412037
0
6.848412037
0
0
0
17.62968826
0
0
0
0
0
13.28190517
0
0
24.86824036
12.43412018
0
0
12.43412018
0
9.332961082
18.66592216
9.332961082
9.332961082
0
0
4.388908863
0
0
0
0
0
0
0
0
0
0
0
0
0
0
0
0
0
0
0
0
0
0
0
0
0
0
0
0
0
0
0
0
0
8.583172798
17.1663456
0
0
25.74951935
0
0
0
31.35854149
0
0
0
0
0
0
0
0
0
0
0
0
0
0
0
16.57508469
33.15016937
8.64003849
12.96005917
0
12.96005917
21.60009766
0
19.65386963
0
0
19.65386963
0
0
20.80869293
10.40434647
0
0
13.18020439
13.18020439
0
0
4.963863373
0
9.927726746
4.963863373
9.927726746
0
15.83369255
0
0
23.75053978
0
7.512098312
7.512098312
7.512098312
0
0
0
0
0
33.23402405
0
0
0
12.10975647
0
11.12301731
5.561508656
0
0
5.561508656
11.12301731
19.48879242
0
0
0
0
0
0
6.865389824
6.865389824
0
5.256337643
10.51267529
10.51267529
0
0
0
4.796724796
4.796724796
0
4.796724796
4.248613834
8.497227669
0
0
0
0
7.273414612
0
0
0
0
0
0
0
4.3120327
3.174376965
1.587188482
0
0
0
0
0
0
0
0
0
0
0
0
0
0
0
0
0
0
5.877010822
0
5.877010822
0
0
0
-0.3
6.8
0
0
0
0
0
0
0
0
0
0
0
0
0
0
0
0
0
0
0
0
0
0
0
0
0
4.92569828
0
0
0.492569864
0
0
3.639451504
0
7.278903008
0
0
0
0
0
0
7.200229645
10.71990681
5.359953403
10.71990681
0
0
0
0
6.567754745
0
0
0
12.23620033
12.23620033
0
12.23620033
0
5.233224392
2.616612196
0
0
4.219388008
0
0
0
4.259934902
6.389902592
4.259934902
4.259934902
2.947952032
2.947952032
0
2.947952032
2.947952032
4.482175827
0
4.482175827
4.482175827
0
9.293060303
3.097687006
0
3.097687006
6.195374012
3.332018375
0
3.332018375
9.996054649
0
3.332018375
2.631261349
0
5.262522697
5.262522697
0
0
0
0
6.163137436
0
0
3.38117528
3.38117528
0
0
0
9.523331642
4.761665821
0
0
7.149266243
0
7.149266243
3.574633121
3.574633121
0
4.771790981
9.543581963
14.31537342
4.771790981
0
10.36558151
0
15.54837132
0
0
0
19.00302505
0
0
0
13.83162594
0
13.83162594
0
0
7.366183758
7.366183758
0
0
0
0
5.767282486
0
0
11.05502033
5.527510166
5.527510166
0
5.527510166
0
0
0
11.57221699
7.714811325
7.714811325
0
10.75651836
10.75651836
10.75651836
0
37.17913055
0
0
0
0
10.22857285
0
10.22857285
5.114286423
0
6.149525642
6.149525642
6.149525642
6.149525642
0
10.4181776
20.83635521
0
0
10.4181776
0
0
29.00361061
0
0
7.285209179
0
0
14.57041836
29.14083672
14.03269005
0
0
0
21.04903793
0
0
21.27915382
0
31.91872978
11.61392593
0
0
0
0
0
0
0
0
0
0
0
0
0
16.9303627
0
0
0
0
0
0
0
12.60827732
0
0
0
0
0
0
0
0
0
10.41829491
0
0
0
12.90326214
51.61304855
0
0
0
25.80652428
0
0
0
0
0
0
0
28.04455376
0
0
0
0
15.81330776
0
0
4.263975143
12.79192543
0
0
8.527950287
0
0
8.370723724
16.74144745
0
6.864269257
20.59280777
0
6.864269257
6.864269257
19.25589943
0
0
0
0
0
5.680046082
11.36009216
5.680046082
17.04013824
0
18.34757996
36.69515991
0
0
12.61280823
0
12.61280823
0
12.61280823
6.749996185
20.24998856
6.749996185
13.49999237
13.49999237
35.16283035
0
0
0
0
0
4.758841038
0
0
0
0
0
0
0
0
0
0
0
0
0
0
0
0
0
0
3.95506382
0
0
4.755856514
0
0
0
0
0
0
0
0
0
0
0
0
0
0
0
0
0
0
0
0
0
0
0
0
0
0
0
0
0
0
0
0
0
0
0
0
0
0
-0.3
6.8
0
0
0
0
0
0
0
0
0
0
0
0
0
0
0
0
0
0
0
0
8.176233292
0
0
0
0
0
0
0
0
0
0
0
0
0
0
0
0
0
0
0
0
0
0
0
0
0
0
0
13.25293636
8.835291862
0
7.284589291
0
10.92688465
0
0
0.94813329
0.94813329
1.89626658
0.94813329
0
4.570299149
2.285149574
4.570299149
4.570299149
2.959421873
0
0
5.918843746
5.918843746
0
0
0
0
0
0
1.538357615
3.076715231
1.538357615
0
0
0
0
1.90108335
3.8021667
0
2.588624954
0
2.588624954
7.765874863
0
0
8.597748756
12.89662457
0
0
5.859064579
2.92953229
8.788597107
11.71812916
2.92953229
0
2.583003283
10.33201313
2.583003283
0
1.795543671
8.977718353
0
1.795543671
3.591087341
0
0
0
4.676983833
14.03095245
0
0
0
0
4.596398354
0
0
2.752429008
5.504858017
0
0
2.606021404
5.212042809
2.606021404
0
0
0
21.20186234
21.20186234
7.067286968
5.095815182
5.095815182
0
5.095815182
0
5.121578217
0
0
2.560789108
2.560789108
0
0
0
14.59493637
7.297468185
14.59493637
14.68840885
22.03261375
0
0
7.344204426
0
0
0
0
0
0
0
0
0
0
10.74000549
32.22001648
0
0
21.48001099
18.02744484
0
0
12.01829624
6.009148121
0
14.42631245
28.85262489
0
0
6.301359177
12.60271835
18.90407753
0
0
0
17.02919006
0
0
0
0
0
0
5.775011539
17.32503319
0
0
0
0
0
8.491724968
0
0
0
0
0
0
3.377244473
0
0
6.754488945
0
0
0
0
0
0
0
0
0
0
0
0
0
0
0
0
0
13.90424061
0
0
8.82686615
8.82686615
0
0
0
0
0
29.26503754
0
0
0
0
0
0
0
2.894731522
0
20.94074631
0
0
10.47037315
0
0
0
0
0
4.80739975
0
0
4.80739975
4.80739975
0
12.20804787
6.104023933
0
6.104023933
17.11632919
51.34898758
0
8.558164597
0
0
0
0
5.232933521
10.46586704
20.17165756
0
0
0
6.723886013
0
0
0
0
10.4378767
0
11.37373734
0
17.060606
0
18.49853134
18.49853134
36.99706268
0
0
7.999457836
7.999457836
7.999457836
7.999457836
0
0
0
0
2.374319553
0
0
0
0
0
7.996277809
0
0
0
0
6.733702183
0
0
0
0
4.759933949
0
1.93843925
3.8768785
1.93843925
0
1.93843925
2.603538275
0
0
0
0
0
0
0
0
2.284077406
0
0
4.608205795
0
0
5.008372784
2.504186392
2.504186392
0
0
0
0
0
0
0
0
0
0
0
0
0
1.557959676
0
0
0
0
-0.3
6.8
0
0
0
2.529520035
0
0
0
0
0
0
0
0
0
0
0
0
0
0
0
0
0
8.065951347
0
0
0
0
0
0
0
0
0
0
0
0
0
0
0
4.861324787
0
0
0
0
0
4.543022633
0
0
0
0
0
0
0
5.801095486
5.801095486
0
0
8.701643944
1.0621351
2.124270201
2.124270201
2.01531291
2.01531291
4.03062582
6.045938969
4.03062582
0
0
2.200942278
6.602827072
0
0
0
2.831046104
1.415523052
2.831046104
0
0
0
0
3.965932131
5.092191696
1.697397232
1.697397232
0
0
7.590091705
0
7.590091705
0
3.795045853
3.795045853
0
0
0
2.62839222
2.62839222
0
0
4.066617489
4.066617489
0
0
0
5.221981525
1.740660548
0
0
2.758134365
8.274402618
5.51626873
0
0
2.701609612
2.701609612
0
0
10.40177059
0
0
5.200885296
0
0
0
0
20.95964813
5.239912033
12.91809177
0
0
0
0
7.452530384
0
2.484176636
0
2.484176636
0
4.88024044
4.88024044
2.44012022
0
0
5.495056629
5.495056629
0
0
1.350923538
6.852330208
2.615089417
2.701847076
2.701847076
0
9.616621971
9.616621971
0
0
0
11.26711941
0
7.511412621
11.26711941
0
0
0
0
0
8.284977913
0
0
16.60512161
0
0
0
0
0
0
0
0
0
0
9.474239349
0
0
4.904593468
9.809186935
9.809186935
4.904593468
3.831909657
0
0
0
0
5.467648506
5.467648506
0
0
5.467648506
0
0
0
0
0
0
0
0
30.4198761
0
0
0
0
0
0
0
0
0
0
0
0
0
0
0
0
0
0
0
0
0
0
0
0
0
0
0
0
0
0
0
0
0
0
0
34.02719116
0
0
0
0
0
0
11.54797173
0
15.05621052
15.05621052
0
0
0
0
0
0
0
0
0
0
11.38734627
11.38734627
21.68018913
10.84009457
21.68018913
0
0
0
19.69203568
0
0
0
0
0
13.73409271
13.73409271
0
11.23333931
0
5.616669655
0
0
4.587573051
0
0
4.587573051
0
3.030958652
9.092874527
3.030958652
0
0
0
0
0
0
5.49815464
4.283429146
8.566858292
0
8.566858292
4.283429146
0
5.560946941
0
0
0
0
0
0
0
2.089783192
0
0
0
0
5.721467495
0
0
0
0
4.425885201
6.638827801
0
3.676992893
7.353985786
3.676992893
3.676992893
3.565685272
0
0
0
0
0
0
0
0
0
0
0
0
0
0
0
0
0
7.687160492
0
0
0
0
0
0
0
0
0
0
0
0
0
0
0
0
5.292903423
-0.3
6.8
0
0
0
0
0
0
0
0
0
0
0
0
0
0
0
1.405238509
0
2.810477018
0
0
0
0
0
0
0
0
0
0
0
7.985962391
3.992981195
0
0
0
0
0
0
0
0
4.425761223
4.425761223
0
0
4.246495247
4.246495247
0
6.583977699
0
0
0
0
0
0
0
0
7.97003603
0
1.95854032
1.95854032
0
0
0
0
5.09493351
3.599040031
3.599040031
7.198080063
0
7.198080063
0
0
4.167633057
0
0
7.937045574
10.58272743
2.645681858
0
2.645681858
0
8.357223511
0
0
2.785741329
0
10.60889912
15.91334915
0
0
10.60889912
0
0
8.670571327
0
2.890190363
3.01372385
3.01372385
0
0
0
4.107521534
0
8.215043068
0
0
3.047028303
6.094056606
9.141084671
3.047028303
6.094056606
2.20661521
4.413230419
4.413230419
2.20661521
0
5.173706532
0
0
2.586853266
7.760560036
3.363039732
0
0
3.363039732
10.08911991
15.46262741
2.577104568
5.154209137
0
0
5.093950272
5.093950272
2.546975136
5.093950272
5.093950272
0
0
0
10.73122406
5.36561203
6.454327106
0
3.227163553
0
0
4.545924664
9.091849327
0
9.091849327
0
0
16.61616325
0
0
8.308081627
24.92424583
18.51945686
0
0
0
18.51945686
0
14.8718977
0
0
0
3.742115736
7.484231472
11.22634602
0
0
0
0
0
29.58391762
0
0
4.322473049
8.644946098
8.644946098
0
16.58309746
0
8.291548729
33.16619492
0
0
0
0
0
0
0
0
0
0
0
44.20068741
0
0
0
0
0
0
0
0
0
0
0
0
0
0
0
0
0
0
0
0
0
0
0
0
0
0
0
0
0
0
0
0
0
26.76070213
0
0
0
0
0
0
63.74320602
0
0
0
0
0
0
0
0
8.033214569
16.06642914
0
0
0
0
0
0
35.84267044
0
0
0
37.07956696
9.269891739
9.269891739
0
27.80967712
17.37729836
0
0
17.37729836
0
24.54997253
0
0
0
12.27498627
0
0
0
0
0
0
0
0
0
0
8.088047028
0
8.088047028
8.088047028
0
0
17.27693558
0
8.638467789
0
0
0
0
0
22.97933388
6.60454464
0
0
0
0
6.60454464
0
0
0
5.980451107
5.980451107
0
0
2.598881721
5.197763443
2.598881721
4.783242702
0
0
0
0
0
6.304186821
0
0
0
0
0
0
0
0
0
4.023635387
0
0
0
0
0
0
0
0
0
0
0
0
0
6.499656677
3.249828339
0
0
0
0
0
0
0
0
0
0
0
0
0
0
0
0
0
0
0
-0.3
6.8
0
0
0
0
0
0
0
0
0
0
0
0
0
0
0
0
0
0
0
0
0
1.658132315
0
0
1.658132315
3.789562941
0
0
0
0
1.89478147
0
0
2.006614923
4.013229847
0
1.291018248
1.291018248
0
0
0
4.156886101
4.156886101
0
0
2.07844305
8.831724167
2.943907976
2.943907976
0
0
0
0
0
0
0
0
0
0
0
0
0
2.644843578
5.289687157
0
0
0
3.983095646
0
0
7.908623695
3.954311848
7.908623695
0
9.523734093
12.69831181
6.349155903
0
6.349155903
5.686384678
11.37276936
0
0
22.74553871
0
3.876884222
7.753768444
0
3.876884222
7.753768444
0
0
0
2.447235107
0
0
6.585468292
6.585468292
13.17093658
0
11.35654926
7.571032524
0
0
0
0
0
0
3.606444359
7.212888718
3.457046509
10.37113953
6.914093018
0
0
3.691398144
0
11.07419395
3.691398144
0
2.620520115
2.620520115
5.24104023
5.24104023
7.861559391
0
0
0
0
5.642362118
0
4.467365265
2.233682632
6.701047897
2.233682632
0
5.838321209
17.51496315
0
11.67664242
0
5.029698849
15.08909607
0
0
3.068004131
0
0
3.068004131
0
3.068004131
0
17.23407173
17.23407173
8.617035866
17.23407173
0
18.82448006
0
9.412240028
9.412240028
0
0
11.39911842
0
0
0
0
22.19472122
0
22.19472122
0
0
0
0
0
0
0
8.563565254
0
0
0
15.21345234
7.60672617
0
0
0
0
0
0
25.35041809
0
6.264938354
0
6.264938354
0
0
0
0
0
0
0
0
0
0
0
0
0
0
0
0
0
0
0
0
0
0
0
0
0
0
0
0
0
15.37952995
0
0
0
0
0
0
0
5.537041187
0
5.537041187
0
0
5.98928833
0
0
0
0
5.98928833
0
0
0
0
7.657354832
7.06171608
0
0
0
0
8.533866882
0
0
8.533866882
8.533866882
6.94447422
0
0
0
0
5.512056351
0
0
11.0241127
16.53616905
0
0
13.6460886
0
6.8230443
0
0
4.25814867
4.25814867
4.25814867
8.994573593
26.98372269
17.98914719
0
0
13.57387066
0
0
0
0
0
5.637934685
5.637934685
5.637934685
0
14.22763062
7.113815308
0
7.113815308
7.113815308
0
0
0
25.75346184
0
0
0
8.177937508
0
0
0
0
7.919520378
0
0
7.919520378
0
0
0
0
0
8.48733902
0
0
0
0
0
0
0
0
6.159505367
0
0
0
0
0
0
0
0
0
0
0
0
0
0
0
0
0
0
0
0
0
0
0
0
0
0
0
0
0
0
0
0
0
0
0
0
-0.3
6.8
0
0
2.215143204
0
4.430286407
0
0
0
0
0
0
0
0
0
0
0
0
0
0
0
0
0
0
0
0
0
0
0
0
0
0
0
0
0
0
0
0
0
0
0
0
0
0
0
0
0
0
0
0
0
0
0
0
0
0
0
0
0
4.90896225
4.90896225
5.100862503
0
0
0
10.20172501
3.795236588
0
0
0
7.590473175
8.600749016
12.90112305
8.600749016
25.80224609
0
0
21.43530083
14.29020023
0
14.29020023
4.794081211
0
9.588162422
9.588162422
0
6.6420784
33.210392
6.6420784
0
0
6.6420784
2.618077993
7.854234219
0
2.618077993
5.236155987
5.631324291
5.631324291
0
5.631324291
2.815662146
2.854304075
0
0
5.70860815
5.70860815
0
5.274853706
0
0
5.274853706
0
0
0
6.453434944
0
3.474719763
3.474719763
6.949439526
0
0
3.689670801
3.689670801
0
0
3.689670801
10.17159843
5.085799217
0
5.085799217
10.17159843
0
12.87394238
0
0
12.87394238
21.8127079
7.270902157
7.270902157
0
0
8.426877022
25.28063202
16.85375404
0
0
5.323691368
0
0
5.323691368
0
0
0
6.267627716
0
0
12.53525543
9.028390884
9.028390884
0
18.05678177
9.028390884
0
21.45360947
0
0
7.151203156
0
0
0
0
0
0
0
0
0
0
0
23.15043068
0
0
0
0
0
0
0
0
0
0
0
11.16245079
5.581225395
0
0
0
0
0
25.63593864
0
0
0
0
0
10.86455631
5.432278156
16.29683495
5.432278156
0
0
0
0
0
0
0
0
0
0
0
7.24772644
0
0
0
0
0
0
0
5.151801586
0
0
0
0
0
0
0
0
0
0
0
0
19.60039902
0
0
9.800199509
9.800199509
0
0
6.470912933
0
12.94182587
0
12.21894836
6.109474182
0
12.21894836
5.922970295
5.922970295
17.76891136
0
5.922970295
6.976987839
0
0
0
20.93096352
0
0
51.01133347
0
0
40.17978668
0
0
40.17978668
0
18.07648849
9.038244247
0
0
0
0
0
17.70166969
0
0
14.04828548
7.024142742
0
7.024142742
0
7.548900127
0
7.548900127
0
0
0
8.715779305
8.715779305
0
0
0
0
0
0
0
14.73666668
3.30590868
6.61181736
3.30590868
0
0
0
0
0
0
0
0
0
0
0
0
0
0
0
0
0
3.534933805
3.534933805
3.534933805
3.534933805
0
0
5.548834324
2.774417162
0
2.774417162
0
0
0
2.757016659
0
0
0
3.450044632
0
0
4.524528503
4.524528503
2.262264252
0
4.524528503
0
2.353629351
4.707258701
0
0
0
0
0
0
0
0
0
0
0
0
0
-0.3
6.8
0
0
0
0
0
0
0
0
0
0
0
0
0
0
0
0
0
0
2.706318855
0
5.857129574
2.928564787
2.928564787
0
0
0
0
0
0
0
8.072751045
5.484821796
0
0
0
0
0
0
0
0
0
0
0
0
0
0
0
0
0
0
0
0
0
0
3.982762575
7.96552515
4.625051022
0
0
4.583943367
0
4.583943367
3.055962324
0
7.386975765
0
0
4.924650669
2.462325335
6.108401775
0
3.054200888
0
0
0
0
0
0
7.691897392
3.969734907
1.984867454
1.984867454
7.939469814
0
2.618244171
2.618244171
0
5.236488342
7.854732513
0
8.459705353
0
16.91941071
4.229852676
0
0
0
11.6641798
11.6641798
0
0
4.130167484
0
4.130167484
12.39050293
13.81509304
0
6.90754652
6.90754652
13.81509304
4.434206009
0
0
4.434206009
13.30261898
0
0
0
0
0
-0.3
6.8
0
0
0
0
0
0
0
0
0
0
0
0
0
0
0
0
0
0
0
0
0
0
0
0
8.977542877
0
0
0
0
0
0
0
0
0
0
0
0
3.268651485
0
0
0
0
0
0
0
0
0
0
0
0
0
0
0
2.983572245
2.983572245
5.967144489
5.853483677
0
1.951161385
4.090381622
0
0
0
8.180763245
0
3.136391878
0
3.136391878
6.272783756
7.268553734
3.634276867
0
0
7.268553734
0
2.532139301
2.532139301
1.266069651
2.532139301
0
3.190173626
6.380347252
9.570520401
0
0
0
0
0
0
0
0
0
0
5.813231945
7.750976086
1.917457581
0
1.917457581
0
5.752373219
0
0
0
4.058086395
8.116172791
2.989453077
0
5.978906155
0
8.968358994
0
0
0
0
4.303004265
2.560699224
0
2.560699224
2.560699224
2.560699224
3.012023687
9.036070824
3.012023687
3.012023687
6.024047375
7.590805054
0
7.590805054
0
15.18161011
31.25652695
0
23.44239616
0
0
9.207633972
18.41526794
0
0
0
0
0
0
0
7.968298435
0
0
0
5.413534164
5.413534164
0
0
4.131848335
0
0
0
27.09680557
0
13.54840279
13.54840279
13.54840279
0
0
0
0
24.77615547
9.575883865
4.787941933
4.787941933
9.575883865
4.787941933
0
0
6.257358074
0
0
0
3.636024475
10.90807343
7.27204895
10.90807343
0
0
18.16120338
0
18.16120338
0
0
12.49261379
0
6.246306896
0
11.27963257
11.27963257
11.27963257
0
12.40754604
12.40754604
0
0
12.40754604
0
0
0
0
16.41413689
2.808912516
2.808912516
2.808912516
0
0
0
0
0
0
0
0
0
0
0
0
0
0
0
18.6457653
0
0
0.132430747
0.501770556
0.753445148
1.500187874
2.98909688
15.00912094
15.00912094
0
7.504560471
0
0
0
0
8.092607498
8.092607498
0
0
0
10.95426655
32.8628006
10.95426655
0
0
0
0
0
0
0
21.54667854
0
0
6.644142628
0
13.28828526
0
0
8.219698906
16.43939781
16.43939781
0
24.65909576
0
17.3605175
0
0
17.3605175
17.91687202
0
8.958436012
8.958436012
0
10.57601166
0
10.57601166
0
0
3.492689848
10.47806835
0
0
10.47806835
10.99807262
0
0
0
0
0
5.37106657
2.685533285
5.37106657
0
0
0
4.720956326
9.441912651
0
0
2.388343096
0
0
0
4.776686192
3.264613628
3.264613628
0
0
0
0
0
0
0
2.111964703
0
0
0
5.452800751
0
0
0
0
0
0
0
0
0
0
0
0
0
0
4.455238819
0
0
0
0
0
0
0
0
0
0
0
0
0
0
0
0
0
0
0
0
0
0
0
0
3.529611826
0
0
