19790101
-99
-99
-99
-99
-99
-99
-99
-99
-99
-99
-99
-99
-99
-99
-99
-99
-99
-99
-99
-99
-99
-99
-99
-99
-99
-99
-99
-99
-99
-99
-99
-99
-99
-99
-99
-99
-99
-99
-99
-99
-99
-99
-99
-99
-99
-99
-99
-99
-99
-99
-99
-99
-99
-99
-99
-99
-99
-99
-99
-99
-99
-99
-99
-99
-99
-99
-99
-99
-99
-99
-99
-99
-99
-99
-99
-99
-99
-99
-99
-99
-99
-99
-99
-99
-99
-99
-99
-99
-99
-99
-99
-99
-99
-99
-99
-99
-99
-99
-99
-99
-99
-99
-99
-99
-99
-99
-99
-99
-99
-99
-99
-99
-99
-99
-99
-99
-99
-99
-99
-99
-99
-99
-99
-99
-99
-99
-99
-99
-99
-99
-99
-99
-99
-99
-99
-99
-99
-99
-99
-99
-99
-99
-99
-99
-99
-99
-99
-99
-99
-99
-99
-99
-99
-99
-99
-99
-99
-99
-99
-99
-99
-99
-99
-99
-99
-99
-99
-99
-99
-99
-99
-99
-99
-99
-99
-99
-99
-99
-99
-99
-99
-99
-99
-99
-99
-99
-99
-99
-99
-99
-99
-99
-99
-99
-99
-99
-99
-99
-99
-99
-99
-99
-99
-99
-99
-99
-99
-99
-99
-99
-99
-99
-99
-99
-99
-99
-99
-99
-99
-99
-99
-99
-99
-99
-99
-99
-99
-99
-99
-99
-99
-99
-99
-99
-99
-99
-99
-99
-99
-99
-99
-99
-99
-99
-99
-99
-99
-99
-99
-99
-99
-99
-99
-99
-99
-99
-99
-99
-99
-99
-99
-99
-99
-99
-99
-99
-99
-99
-99
-99
-99
-99
-99
-99
-99
-99
-99
-99
-99
-99
-99
-99
-99
-99
-99
-99
-99
-99
-99
-99
-99
-99
-99
-99
-99
-99
-99
-99
-99
-99
-99
-99
-99
-99
-99
-99
-99
-99
-99
-99
-99
-99
-99
-99
-99
-99
-99
-99
-99
-99
-99
-99
-99
-99
-99
-99
-99
-99
-99
-99
-99
-99
-99
-99
-99
-99
-99
-99
-99
-99
-99
-99
-99
-99
-99
-99
-99
-99
-99
-99
-99
-99
-99
-99
-99
-99
-99
-99
-99
-99
-99
-99
-99
-99
-99
-99
-99
-99
-99
-99
-99
-99
-99
-99
-99
-99
-99
-99
-99
-99
-99
-99
-99
-99
-99
-99
-99
-99
-99
-99
-99
-99
-99
-99
-99
-99
-99
-99
-99
-99
-99
-99
-99
-99
-99
-99
-99
-99
-99
-99
-99
-99
-99
-99
-99
-99
-99
-99
-99
-99
-99
-99
-99
-99
-99
-99
-99
-99
-99
-99
-99
-99
-99
-99
-99
-99
-99
-99
-99
-99
-99
-99
-99
-99
-99
-99
-99
-99
-99
-99
-99
-99
-99
-99
-99
-99
-99
-99
-99
-99
-99
-99
-99
-99
-99
-99
-99
-99
-99
-99
-99
-99
-99
-99
-99
-99
-99
-99
-99
-99
-99
-99
-99
-99
-99
-99
-99
-99
-99
-99
-99
-99
-99
-99
-99
-99
-99
-99
-99
-99
-99
-99
-99
-99
-99
-99
-99
-99
-99
-99
-99
-99
-99
-99
-99
-99
-99
-99
-99
-99
-99
-99
-99
-99
-99
-99
-99
-99
-99
-99
-99
-99
-99
-99
-99
-99
-99
-99
-99
-99
-99
-99
-99
-99
-99
-99
-99
-99
-99
-99
-99
-99
-99
-99
-99
-99
-99
-99
-99
-99
-99
-99
-99
-99
-99
-99
-99
-99
-99
-99
-99
-99
-99
-99
-99
-99
-99
-99
-99
-99
-99
-99
-99
-99
-99
-99
-99
-99
-99
-99
-99
-99
-99
-99
-99
-99
-99
-99
-99
-99
-99
-99
-99
-99
-99
-99
-99
-99
-99
-99
-99
-99
-99
-99
-99
-99
-99
-99
-99
-99
-99
-99
-99
-99
-99
-99
-99
-99
-99
-99
-99
-99
-99
-99
-99
-99
-99
-99
-99
-99
-99
-99
-99
-99
-99
-99
-99
-99
-99
-99
-99
-99
-99
-99
-99
-99
-99
-99
-99
-99
-99
-99
-99
-99
-99
-99
-99
-99
-99
-99
-99
-99
-99
-99
-99
-99
-99
-99
-99
-99
-99
-99
-99
-99
-99
-99
-99
-99
-99
-99
-99
-99
-99
-99
-99
-99
-99
-99
-99
-99
-99
-99
-99
-99
-99
-99
-99
-99
-99
-99
-99
-99
-99
-99
-99
-99
-99
-99
-99
-99
-99
-99
-99
-99
-99
-99
-99
-99
-99
-99
-99
2.410750389
0
0
0
0
0
0
0
0
0
0
0
0
0
0
0
0
0
0
0
0
0
1.799762726
0
0
3.485070229
2.323380232
0
0
0
0
0
0
0
2.234671116
0
0
0
0
0
2.341669083
0
0
0
0
2.994848013
0
1.036590099
0.548782945
0
15.426898
0
0
1.073580623
5.611898899
0.585589468
0
1.759936213
0
0
0
1.170951366
20.48607445
0
0.299150854
1.047027826
0
10.3954916
1.615414262
1.813007355
5.595917225
4.985770226
2.353423357
34.83066177
20.89892006
0
1.599917173
1.599917173
0
0
0
0
6.38174057
3.266843557
3.085774899
1.591102719
8.148374557
9.20911026
0
0
19.96589279
1.631200671
0.913472354
0
2.153184891
8.701418877
3.549263239
0
1.545646906
3.721001387
10.62460995
0
0
0
0
0
0
0.734647632
2.791661024
7.199546814
1.80471766
5.43335247
0.979155362
0
0.787164152
0
0
0
21.20922661
14.12137985
10.68253708
36.80896378
20.99881363
0
0
4.381033897
2.833604336
3.094858885
4.039393902
5.908367157
2.805158854
5.205127716
0
0
1.558421373
0
0
3.794377089
11.30647755
5.442440033
12.16954899
18.03771019
14.49318218
2.756855488
6.06508255
10.12257481
4.05494976
0
4.262136936
1.77589047
2.54544282
0
0
8.791879654
0
5.656313896
0
6.086959362
2.837839127
2.591070175
3.824913502
13.80816174
0
6.595863819
5.702031612
0
0
5.610486031
3.943772316
9.7420578
7.112874985
14.38726807
5.792277336
0
20.40376282
10.46346664
10.31474972
8.515666008
0
8.275788307
0
7.318192959
0
0
14.35336208
0
9.856365204
0
30.25632668
5.389351845
0
7.105259418
0
0
14.07645893
0
12.55792236
0
0
0
0
0
0
11.20831394
0
0
0
17.52558136
0
0
0
0
8.057634354
0
0
8.343833923
5.569895267
8.844862938
0
7.35038662
5.977907658
0
0
18.97888947
0
0
0
0
0
17.81804085
13.44452095
0
0
0
0
0
0
0
0
0
0
0
16.52301788
12.62107086
0
8.029027939
0
5.324514389
10.36235142
3.240290642
11.43148232
0
7.829331875
0
0
0
0
27.56304359
8.388968468
4.512937546
8.698322296
7.479103565
4.91327858
4.703007698
30.13660049
0
9.728603363
0
0
4.303581715
6.342119694
0
4.167678833
6.322478294
4.025741577
11.61271477
0
0
2.930147171
0
3.467692137
2.613944292
1.812896848
0
8.948371887
4.454817772
20.29847145
4.299867153
0
0
0
0
0
0
0
4.682762146
4.90312767
6.886415005
9.907615662
0
9.28839016
0
4.953807831
20.27964973
6.122957706
0
0
0
0
0
0
0
5.175217152
0
0
0
0
2.443731308
0
1.564730406
0
0
0
0
0
0
0
0
0
0
0
2.077113628
0
0
0
0
0
0
0
0
0
0
0
0
0
0
12.18401527
0
0
0
0
0
0
0
0
0
0
0
0
0
0
0
0
0
0
0
0
0
1.979536653
0
0
0
0
0
0
0
0
0
0
0
4.612726212
0
0
0
0
2.652156591
1.086425662
0
0
0
0
0
0
0
0
0
0
0
0
0
2.128154516
0
0
0
0
0
0
0
0
8.176433563
0
2.882919312
2.439393282
13.08401966
1.330578208
3.769971132
28.02852821
8.13731575
0
0
8.13731575
2.814798832
2.462948799
2.814798832
13.23705101
0
0
0
0
0
0
0
0.26652047
1.263504505
6.822249413
0
1.097833157
0
0.86258328
7.049917698
9.195544243
11.8009491
17.16501808
1.839109063
0
16.46321106
0
0
0
0
0
0
0
3.746319056
0
0
0
3.222124577
3.222124577
0
3.553422689
4.737896442
5.330133915
1.184474111
18.95158577
11.59606457
0
0
0
2.024709702
0
0
2.438173294
0
10.34020519
2.588390827
12.94195366
2.264841795
2.264841795
0
10.14105129
0.440915287
1.940026999
0.529098272
7.054644585
13.64893436
0
0
0
0
0
12.69533539
4.231778145
12.69533539
0
0
0
0
6.333402634
0
0
0
0
12.06054974
0
0
0
7.302904606
0
9.844041824
1.866379738
6.899948597
1.13113904
3.449974298
8.653214455
5.881923199
0
10.62747669
0
23.69450378
0
0
0
0
10.70021248
7.186709404
0
0
0
0
0
0
4.701161861
14.94190788
4.401724815
0
0
3.444702148
2.674176455
5.257703304
8.702406883
17.60364914
0
0
0
0
0
0
0
24.56907845
28.85437775
0
15.86104488
0
0
0
10.17087364
0
10.17087364
0
0
0
0
0
0
0
10.70428848
0
0
0
0
0
0
1.183088422
0
0
1.586896777
0
0
0
0
0
0
0
0
0
0
0
0
0
0
0
0
26.42409897
0
0
0
0
0
18.12979698
0
0
25.16162682
0
0
0
0
0
0.800107241
0.948749423
0.351336032
0.376228184
0
0
0
0
0
0
3.504550457
1.942567468
2.354867458
4.987245083
2.02185607
0
0
4.268808365
0
39.65860748
0
0
3.804000616
11.93906498
0
0
0
0
0
7.463581562
0
7.928825855
15.85765171
0
0
2.589147806
10.44289684
2.039934397
0
6.370873451
36.02796173
0
0
5.33855629
5.134348869
12.34574795
0
10.80253029
10.80253029
0
0
2.818192482
2.236660719
2.30376029
2.728726149
0
0
0
0
8.417013168
8.417013168
0
6.699138641
0
11.72349262
0
0
0
0
0
0
0
6.062930584
0
6.929063797
0
0
7.771040916
7.771040916
0
0
0
0
0
0
0
0
0
0
0
8.091243744
0
0
0
0
0
0
0
0
0
0
0
0
0
0
0
0
0
0
0
3.880573988
0
0
0
0
0
0
4.344281197
0
0
0
0
-0.1
6.9
0
0
0
0
0
0
0
0
0
0
0
0
0
0
0
0
0
0
0
0
0
0
0
0
0
0
0
0
0
0
0
0
0
0
0
0
0
0
0
0
4.805541992
0
0
0
0
0
9.247926712
0
0
4.110189915
0
0
0
0
0
0
0
0
0
0.477416903
0.477416903
0.477416903
0.477416903
0.477416903
0
0
0
0
0
0
0
0
0
0
0
0
0
0
0
12.2059679
0
0
0
0
0.716833293
1.433666587
12.90299988
2.150499821
5.973611832
4.062055588
12.90567684
8.534399986
0
0
0
1.026953101
13.08013916
2.702508211
0
0
0
0
0
0
0
11.12281132
12.71178532
5.561405659
5.561405659
11.12281132
0
0
6.747019291
0
0
4.851392269
9.702784538
4.851392269
0
0
0
2.985266924
2.985266924
3.411733866
2.985266924
5.006188393
0
0
0
0
0
0
5.234046936
10.46809387
11.96353626
21.56611824
0
0
11.58676434
3.348775864
2.505909204
0
0
7.517728329
5.011818409
0
7.163133144
35.8156662
0
14.32626629
14.32626629
21.41731644
21.41731644
42.83463287
0
14.27821159
0
3.73722744
6.184615135
17.82624245
38.43060684
4.893893242
7.765515327
0
9.747340202
15.65236759
0
1.123039007
0.449215531
0.678928137
2.067412376
0
0
0
0
0
0
0
0
0
0
0
5.054759502
0
0
0
0
18.09211731
0
0
0
0
0
23.54227638
11.77113819
0
0
0
0
0
0
0
0
0
0
0
0
0
0
0
0
0
0
0
0
0
0
0
0
0
0
0
0
0
0
0
0
0
0
0
0
0
0
0
0
0
8.689855576
0
0
0
29.64440918
0
0
0
6.528084278
0
6.528084278
13.05616856
0
0
14.34884071
0
0
7.964519978
0
9.102309227
0
0
10.22880936
0
0
5.579350471
6.84503603
0
12.77410603
0
12.77410603
12.77410603
0
0
0
0
16.151474
3.450440168
0
0
11.5014677
0
0
0
0
9.828639984
9.828639984
0
0
12.02411175
12.02411175
0
0
0
0
0
0
0
0
8.830815315
0
10.09235954
0
0
0
13.40739059
5.408022881
0
0
0
0
0
5.331050396
0
0
0
0
0
0
0
0
0
14.49677944
1.817924738
0
0
0
0
0
0
8.111146927
0
0
0
11.56772709
5.783863544
5.783863544
0
0
0
10.62415409
2.881126404
0
0
0
0
0
0
4.816729069
0
0
0
0
0
0
2.823155642
2.823155642
0
0
0
0
0
0
0
0
0
0
0
0
-0.1
6.9
0
0
0
0
0
0
0
0
0
0
1.014699697
0
0
0
0
0
0
0
0
0
0
0
0
0
0
0
0
0
0
0
3.650221586
0
0
0
0
0
0
0
0
0
0
0
0
0
0
0
0
1.589518189
0
0.529839456
0
0
0
0
0
2.716835022
2.998735428
0
0
0
0
0
0
3.409360647
6.818721294
0
0
0.84988153
10.87848377
0.509928942
7.225660801
1.515057802
0
0
28.2033844
1.859228611
6.739703178
0
3.021246195
19.28949738
0
8.089537621
22.06237411
0
0
0
8.677128792
0
0
0
0
16.34919167
0
0
16.34919167
0
0
0
0
9.67553997
0
7.405920506
0
3.702960253
0
0
0
6.219296455
0
5.678488731
0.946414709
16.97659683
7.427260399
0
0
14.8545208
5.088472366
0
0
2.826929092
0
0
0
2.441172838
4.068620682
0
0
4.394818783
0
4.394818783
0
0
2.850248814
27.78992462
0
2.850248814
33.73569107
12.87835789
0
0
0
1.524701476
0
0
0
6.392016888
0
0
0
0
0
37.96089554
0
0
0
0
8.650396347
0
22.70043373
0
7.885414124
0
3.342742205
2.073523045
6.346096516
0
1.32965827
8.678918839
8.678918839
17.35783768
8.678918839
26.03675652
1.363081455
2.552437067
1.349717855
1.242809534
0
4.846156597
11.18803978
0
0
9.363253593
7.224185467
7.224185467
0
0
7.224185467
0
0
0
0
26.82509804
0
0
0
23.74717712
7.915726185
0
13.87544537
16.88717079
14.68215656
0
16.55857277
0
0
16.55857277
16.55857277
0
0
2.838414907
0
9.961744308
5.212857723
44.17103195
30.93917847
0
0
0
5.631451607
0
0
0
9.570390701
0
6.26639986
5.83335638
0
7.081541538
0
0
0
0
0
29.3225193
0
0
0
0
6.750737667
7.348905087
0
12.5330162
14.29903221
0
0
0
0
0
10.47222996
0
0
8.578919411
3.764219999
6.565500736
0
6.043054581
6.043054581
18.12916374
0
0
39.55883026
3.421644449
8.900474548
0
0
0
16.80223465
0
0
4.927946091
9.855892181
0
0
0
6.322467804
12.36441803
9.472913742
4.963029861
7.185603619
0
5.554168701
0
11.1083374
0
0
12.34459019
0
0
6.172295094
12.92532444
0
11.30965805
0
0
9.346066475
0
0
0
9.346066475
0
0
7.94793272
15.89586544
0
0
1.260502577
0
0
0
0
0
0
0
0
7.943044662
0
0
4.158092022
4.158092022
0
0
14.74692917
4.915642738
0
5.61787796
0
0
0
3.525094748
0
0
3.684730768
0
0
0
0
0
0
0
1.934717894
0
4.804049492
0
0
0
0
0
0
0
0
0
0
0
0
0
0
0
0
0
5.010529518
0
0
0
0
0
0
-0.1
6.9
0
0
0
0
0
0
0
0
0
0
0
0
0
0
3.875603676
0
0
0
0
0
0
0
0
0
0
3.797930717
0
0
0
0
0
0
0
0
0
0
0
0
0
0
0
0
0
0
0
0
0
0
0
0
0
0
0
0
0
3.758916855
10.52172375
0
0
0
0
0
7.963364124
7.963364124
4.531733513
0
0
0
0
3.540882587
4.977278709
1.53660953
5.378133297
0
13.70358372
0
0
0
6.851791859
2.474588394
2.828101158
4.949176788
2.828101158
9.898353577
5.802165031
6.631046295
5.802165031
0
0
11.60433006
6.348052979
0.296156585
1.506536007
11.36983967
14.46016979
0
0
0
0
8.429564476
0
19.805439
1.089299202
9.011475563
0
5.767090797
3.295480728
0
0
0
0
0
3.36239171
1.921366692
1.921366692
0.340454727
2.9193995
2.315092087
1.983148813
9.839141846
5.377843857
26.88921738
5.377843857
0
0
5.540928364
14.54493618
9.696623802
0
0
8.601047516
0
0
0
12.90157127
0.867101312
1.147634029
32.64381409
3.21337533
0
0
0
15.71031666
7.855158329
0
0
0
7.850841045
0
0
0
21.25537491
0
7.085124969
0
0
0
0
16.96956635
0
0
20.01411438
10.00705719
0
0
10.00705719
0
0
0
16.74683952
33.49367905
17.95763969
0
0
8.978819847
8.978819847
5.83891058
0
5.83891058
0
0
27.54105377
18.36070061
9.180350304
9.180350304
0
9.253556252
18.5071125
27.76067162
0
27.76067162
0
0
23.4717865
46.943573
0
0
0
0
10.9681282
0
0
0
0
0
0
8.686816216
8.177587509
14.01872349
7.398770809
0
13.71917629
6.993925095
6.344489098
0
5.228791714
5.794966698
0
7.332789421
0
13.22069359
18.3680954
12.67417622
0
14.48477364
0
12.67417622
0
0
0
0
20.96269798
0
4.999023438
0
9.998046875
9.998046875
0
8.329391479
8.329391479
0
0
0
17.52113724
15.44502068
10.88386345
12.70832825
0
11.39777374
0
0
45.59109497
0
0
16.69270897
14.9631052
11.14188194
0
2.493402719
3.614032984
0
12.9292717
10.73003674
0
0
0
16.71258163
63.45617294
0
5.766741753
16.35283089
8.732494354
0
4.625788212
0
0
5.286615849
0
0
0
0
2.40068531
2.267313957
6.522355556
13.04471111
0
0
0
5.001536369
5.001536369
0
0
5.001536369
0
0
0
0
0
0
6.691921234
6.691921234
13.38384247
13.38384247
7.647910118
0
0
3.031823635
3.031823635
0
10.35002613
10.35002613
0
0
0
2.623783827
5.247567654
0
0
0
0
2.151222706
0
0
4.302445412
0
0
0
9.011678696
0
0
0
0
0
4.61927557
0
0
0
0
0
0
0
0
0
0
0
0
0
7.174555302
0
0
0
0
0
0
0
0
0
0
0
0
0
0
0
0
0
-0.1
6.9
0
0
0
0
0
0
0
0
0
0
0
0
0
0
0
0
0
0
0
0
0
0
0
0
0
0
0
0
4.641099453
0
0
0
0.781289458
0
0
4.222683907
0
7.639557362
0
3.342306137
0
0
3.401308537
3.401308537
0
10.20392609
3.215410233
0
3.483360767
0
10.18213177
0
0
0
0
4.356537819
3.943422079
11.830266
0
0
4.223903656
0
4.223903656
4.223903656
15.76628017
15.76628017
15.76628017
7.883140087
0
1.869494796
0.747797906
0
0
1.682545543
17.53145027
0
0
0
0
3.355881453
0
0
7.670586109
6.711762905
0
3.778415203
3.778415203
0
8.636377335
7.556830406
20.58330154
0
7.841258049
0
0
4.636175156
0.681790411
0
0
0
0.939972103
0
2.81991601
1.527454495
3.407398701
0
0
5.083077431
4.481133461
2.541538715
0
7.686612606
15.37322521
15.37322521
7.686612606
0
4.377021313
7.659787178
3.829893589
0
5.990474701
23.9618988
13.69251537
11.9809494
23.9618988
0
3.667167664
3.667167664
3.667167664
3.667167664
8.100455284
3.306308031
0
1.73581183
0
6.618505955
13.23701191
6.618505955
0
6.618505955
12.49076748
0
6.245383739
0
12.49076748
11.7192297
0
0
13.39340687
0
0
29.10857582
0
0
0
0
0
8.264772415
0
0
24.79431915
0
0
15.44551563
0
22.76181221
9.662226677
0
0
0
13.41454697
0
15.37851048
0
0
0
0
0
0
0
0
35.33285904
0
0
17.66642952
17.66642952
0
0
0
12.90993977
0
0
16.66690826
0
0
0
0
0
0
0
26.49863434
0
0
0
0
0
0
0
0
0
0
0
4.111855984
0
0
0
0
0
18.94592094
0
0
0
0
0
0
0
0
0
0
0
0
0
0
26.15117073
0
0
0
8.43159008
8.43159008
0
0
8.43159008
0
0
0
0
18.16366768
9.081833839
0
0
16.49765205
0
8.248826027
0
10.55828285
0
10.55828285
21.1165657
0
0
0
0
0
14.33374691
0
0
0
43.00123978
0
0
0
11.12272835
22.2454567
17.05766869
0
8.528834343
34.11533737
0
0
0
0
10.9743433
0
0
5.883502007
5.883502007
0
0
0
0
0
48.75496674
0
0
0
0
0
0
0
9.827266693
9.827266693
4.913633347
4.913633347
0
4.354990482
0
0
4.354990482
0
0
5.392550945
7.768929005
0
0
0
0
0
0
0
0
6.020115852
0
0
0
0
14.88699532
0
0
0
0
0
0
0
0
0
0
0
0
0
0
0
0
0
0
0
0
0
0
0
0
0
0
0
0
0
0
0
0
0
0
0
0
0
0
0
-0.1
6.9
0
0
0
0
0
0
0
2.271769047
0
0
0
0
0
0
0
0
0
2.77453208
0
0
0
0
0
1.907018542
0
0
0
0
0
0
0
0
0
0
5.633369446
2.816684723
0
0
0
0
0
0
0
3.022194386
3.022194386
6.044388771
0
5.963308811
0
0
3.312948704
0
0
2.276021719
4.552043438
5.202335358
7.927582264
5.285055161
0
0
0
0
0
0
1.774748445
3.549496889
1.774748445
1.774748445
0
0
8.030018806
0
0
24.09005547
16.05053139
0
0
0
5.350177288
8.687457085
0
3.30950737
0
5.791637897
7.484199524
2.494733095
7.484199524
2.494733095
7.484199524
2.494733095
3.990436077
15.96174431
15.96174431
7.980872154
0
4.270153522
4.270153522
0
0
0
0
0
10.371315
0
1.944621682
3.5543859
10.66315746
3.5543859
8.124311447
3.5543859
0
0.461565822
0.923131645
6.000356197
0.461565822
0
5.229782581
10.45956516
0
0
0
0
8.14840126
12.22260189
8.14840126
6.004704952
6.004704952
3.002352476
0
3.002352476
0
0
6.602745533
0
0
0
0
5.634739399
0
0
0
0
0
0
10.3656702
0
16.14223671
0
32.28447342
0
0
11.67073727
5.835368633
0
0
0
0
0
0
17.29996681
0
3.188868999
0
0
0
11.33577347
0
5.850209713
6.518804073
23.79084969
10.08464718
22.30476761
0
11.1523838
0
0
10.63108063
17.54128265
10.19617367
0
0
0
0
1.694541812
0
0
0
0
0
11.79881287
0
6.483966827
0
0
0
6.483966827
18.34012985
0
9.170064926
0
0
0
0
0
38.10942841
0
0
7.715949059
17.63645554
7.715949059
7.715949059
0
0
7.087429047
17.71857262
10.63114357
0
0
10.25025654
20.50051308
0
20.50051308
0
12.9411087
12.9411087
38.82332611
0
0
25.07109642
0
0
12.53554821
0
29.10657883
9.70219326
19.40438652
0
0
6.759496212
0
20.27849007
13.51899242
0
0
7.677324772
15.35464954
0
15.35464954
11.58596516
0
11.58596516
11.58596516
11.58596516
0
0
0
11.67881298
0
9.373576164
0
13.12300682
8.826784134
6.209994793
55.93745804
25.79405594
0
0
0
10.3955164
20.79103279
0
10.3955164
0
9.366384506
0
0
0
9.366384506
15.08067608
0
0
7.540338039
7.540338039
34.94194412
19.96682549
0
0
8.735486031
0
0
7.502894878
7.502894878
0
0
7.485011101
7.485011101
0
0
9.318896294
0
0
0
0
0
0.151395172
0.572972476
0.328411102
0
0.388969123
0
2.32712841
8.076504707
0
0
0
0
0
0
0
0
0
0
0
0
0
0
0
5.515307426
0
0
0
0
0
0
0
8.261757851
0
0
0
0
3.384778023
0
0
0
0
0
0
0
0
0
0
0
0
0
0
0
0
0
0
0
0
0
0
1.28478229
0
-0.1
6.9
0
0
0
0
0
0
0
0
0
0
0
0
0
0
0
0
0
1.120329022
0
0
0
0
0
0
4.339060783
0
0
0
3.181367636
5.567393303
3.181367636
0
0
0
0
0
4.030658722
4.030658722
4.030658722
8.061317444
0
0
0
0
0
0
0
0
0
0
0
0
0
0
0
0
0
0
3.585321665
3.585321665
0
8.767884254
5.010220051
4.383942127
4.383942127
5.626524448
11.2530489
11.2530489
0
0
3.560810328
3.560810328
1.780405164
0
0
0
3.281908989
0
6.563817978
6.563817978
0
10.46715927
3.489053011
0
3.489053011
1.034889936
3.6426301
3.122905493
0
0
0.191477418
0
0
6.925066471
0
10.38759899
32.1626091
0
0
0
2.474046707
8.993964195
8.993964195
8.993964195
4.496982098
4.496982098
0.462528706
2.31264329
0.555034459
21.46133041
0
9.422485352
0
4.122337341
0
8.244674683
4.812717438
9.625434875
9.625434875
4.812717438
0
10.35851669
17.48392105
0
0
0
8.562052727
0
0
0
0
0
6.232520103
0
12.46504021
6.232520103
8.646392822
8.646392822
17.29278564
17.29278564
0
0
8.962726593
0
0
8.962726593
0
8.141162872
0
0
0
7.123517513
7.772432327
7.772432327
0
15.54486465
7.772432327
8.616354942
17.23270988
0
25.84906387
0
0
0
5.63079071
4.390983105
4.442641735
9.674171448
9.674171448
0
0
19.3483429
0
0
0
0
12.96472931
0
0
3.155502081
5.368202686
3.405633926
9.641571999
16.87275314
25.30912781
0
0
0
0
0
70.79164124
0
0
16.77659416
16.77659416
0
0
6.017664909
0
7.016111374
0
0
0
0
0
0
11.37313366
0
0
0
0
0
0
0
0
0
0
16.69148445
0
0
0
0
0
0
0
0
0
0
0
0
0
0
0
9.666173935
19.33234787
0
0
0
0
0
0
0
0
0
0
0
0
0
0
0
15.49957848
0
0
0
0
6.259086609
9.65908432
5.409086704
7.495449543
26.02864456
0
0
0
11.38753128
11.4222908
34.26687241
11.4222908
11.4222908
17.1334362
8.843326569
0
8.843326569
0
0
0
0
12.58353901
12.58353901
6.291769505
0
9.395037651
9.395037651
0
0
3.448215723
4.471312523
0
0
3.296646118
0
0
5.484541416
0
2.389530659
0
22.5049057
7.501635551
0
0
0
8.538003922
8.538003922
0
4.269001961
0
3.417060137
0
6.32156229
0
0
0
0
0
0
0
0
0
0
0
1.476276755
1.395036221
1.046277046
1.918174744
0
0
5.823099136
0
5.823099136
0
0
0
0
0
0
8.722129822
0
0
0
5.541005611
0
0
0
6.33398962
0
0
0
6.37769413
0
0
0
0
0
0
0
0
0
0
0
0
0
0
0
0
0
0
0
-0.1
6.9
0
0
0
0
0
0
0
0
0
0
0
0
0
0
0
0
0
0
0
0
0
0
0
0
0
0
0
0
0
0
0
0
0
0
0
0
0
0
0
0
0
0
0
0
0
0
0
0
0
0
0
0
0
0
0
0
0
0
12.81515312
0
2.624477148
0
0
5.248954296
8.10208416
0
3.086508751
2.700694799
8.10208416
5.982923508
10.47011566
10.47011566
5.235057831
10.47011566
4.324237823
8.648475647
4.941986561
4.324237823
8.648475647
11.511446
0
4.385313034
0
7.674297333
0
0
4.061009407
4.061009407
7.106766224
3.553383112
0
2.629223347
2.629223347
5.258446693
7.88767004
0
0
5.503205299
0
4.815304279
3.341398478
2.923723221
0
0
0
0.896957457
0.612556279
10.15093327
4.178508759
6.497472763
10.50504398
0
0
9.191912651
10.50504398
13.61209393
13.61209393
3.403023481
0
0
10.86952019
12.42231083
0
0
10.86952019
0
0
17.28751755
5.762505531
11.52501106
14.0965147
7.048257351
0
0
0
0
0
0
0
7.18482542
0
6.306838512
0
0
3.603907824
0
0
4.029415607
4.029415607
9.210092545
0
0
0
0
7.701312065
15.40262413
28.77311707
0
19.18207932
31.82481194
0
0
0
9.54067421
9.54067421
0
0
14.88048553
0
0
10.32033539
27.27987099
12.26216602
12.67549801
40.78203583
0
8.226722717
10.15533257
12.08394146
17.99030876
0
19.86679649
0
9.933398247
34.05736542
0
0
0
0
14.39680958
0
22.77471542
7.591572285
0
7.591572285
0
0
29.78759384
0
0
0
0
8.032799721
0
0
0
6.444810867
0
0
12.88962173
6.444810867
6.444810867
0
0
15.50827503
13.5697403
0
0
0
0
0
0
0
0
0
15.05247688
0
0
0
0
0
0
9.050225258
0
18.10045052
9.050225258
9.050225258
0
15.523139
0
0
15.523139
0
0
6.977678776
0
6.977678776
13.95535755
17.47366142
0
0
0
0
0
0
22.25131226
0
0
9.130475044
0
20.86965942
9.130475044
9.130475044
0
13.57984066
15.98761368
0
0
0
19.65023804
0
19.65023804
0
0
11.27839947
5.639199734
5.639199734
0
14.4484024
12.64235115
6.321175575
6.321175575
6.321175575
0
13.35967541
0
0
6.679837704
2.111881733
0
2.210108995
1.375178814
0
20.93573952
0
10.46786976
10.46786976
0
0
0
0
7.845666409
0
0
1.079650283
0
0
0
0
0
0
0
0
3.845483065
0
0
0
0
0
0
0
0
0
0
0
4.755463123
0
0
0
0
0
3.609735012
3.609735012
0
5.300082684
0
0
0
0
0
0
0
0
0
0
0
1.681203485
3.362406969
0
0
0
0
0
0
0
0
0
0
0
0
0
0
3.875777483
0
0
-0.1
6.9
3.263279915
0
0
0
0
0
0
0
0
0
0
0
1.842756867
0
0
0
0
0
2.054640293
3.081960678
0
0
0
0
0
0
0
0
0
0
0
0
0
1.75965631
0
0
0
0
0
0
0
0
0
0
0
0
0
0
3.468689203
13.22437668
0.898142815
6.168936253
0
0
2.741749287
0
0
0
0
0
0
0
0
0
0
0
0
0
0
0
0
0
0
0
0
0
11.05557251
0
0
0
2.134236574
0
0
0
0
0
0
3.958523512
10.39112377
3.463707924
6.284026146
12.56805229
0
0
0
0
10.57059765
5.285298824
0
0
0
3.318683147
3.318683147
3.318683147
16.59341621
28.27920341
0
0
6.463818073
5.655840397
5.346507072
5.652021885
16.65054893
24.59393311
0
0
0
8.487239838
7.426334381
4.950889587
8.985322952
0
0
17.9706459
0
0
0
9.78195858
0
0
0
0
10.08878231
9.312720299
0
0
11.58288288
0
0
0
0
0
0
0
0
0
13.39373207
0
0
0
0
11.76225948
0
5.881129742
0
0
0
0
0
0
0
10.52766991
10.52766991
21.05533981
0
0
6.18273735
0
0
6.18273735
6.18273735
0
0
0
16.85280228
16.85280228
17.35973549
17.35973549
0
0
0
15.81939411
0
0
0
0
13.54441071
27.08882141
27.08882141
13.54441071
0
0
0
23.68731117
0
5.181598663
0
0
0
0
0
0
0
0
0
0
10.44244576
10.44244576
0
0
0
0
0
0
0
0
0
0
0
8.08169651
0
0
0
0
0
0
0
0
0
12.51282501
0
0
0
0
0
0
0
0
13.43124962
13.43124962
0
0
6.715624809
10.39006424
10.39006424
0
0
10.39006424
0
52.45633698
0
0
0
10.02787018
10.02787018
10.02787018
20.05574036
10.02787018
11.59805393
0
11.59805393
23.19610786
0
0
11.40655136
0
0
22.81310272
10.92055511
0
0
10.92055511
10.92055511
6.701746464
0
13.40349293
0
0
14.34035683
7.170178413
7.170178413
0
7.170178413
16.63623428
16.63623428
0
8.318117142
0
20.51780128
0
0
0
0
0
0
0
12.30571461
0
0
16.22423363
0
0
0
0
0
0
0
0
0
0
0
0
4.589960575
0
0
0
8.630777359
8.630777359
0
4.170906544
0
4.170906544
4.170906544
4.170906544
0
4.021862507
0
0
0
0
3.584663868
0
0
3.584663868
0
2.23459506
0
0
0
0
0
0
0
0
2.47693181
2.47693181
4.953863621
0
2.47693181
8.746892929
4.373446465
0
0
4.373446465
2.775103092
0
5.550206184
8.325309753
0
0
0
0
0
0
0
-0.1
6.9
0
0
0
0
0
0
0
0
0
0
0
0
0
0
0
0
0
0
0
0
1.677973628
0
0
0
0
0
0
5.874207497
2.937103748
0
0
0
0
0
5.26112318
0
0
0
0
0
3.685283661
5.24953413
4.593341827
4.593341827
0
0
0
2.991313934
2.991313934
0
0
0
0
0
7.805180073
3.902590036
2.396474123
0
4.792948246
5.720678329
2.860339165
0
0
5.720678329
6.743486881
0
6.743486881
0
6.743486881
4.912766457
4.912766457
0
0
9.825532913
0
10.04913235
0
0
5.024566174
3.086141825
9.258424759
6.172283649
0
7.054039001
9.922213554
0
0
9.922213554
3.30740428
6.614808559
8.397227287
7.327769756
0
27.19196892
1.544773221
5.193740368
5.935703754
10.38748074
0
15.58122158
0
6.284193039
0
12.56838608
0
0
0
0
0
13.60923576
0
0
0
0
0
0
0
19.82513618
0
11.32864952
0
0
11.37067795
17.05601692
5.685338974
13.91802025
0
0
5.302103519
13.91802025
0
10.0916338
20.18326759
10.0916338
0
5.536637783
6.940665722
6.212161064
10.34477139
11.24546814
0
13.09512997
6.547564983
19.64269447
13.09512997
11.21980476
0
11.21980476
0
0
0
0
7.522321224
17.19387627
7.522321224
0
0
10.27317715
0
10.27317715
0
0
0
0
0
0
0
13.59944916
13.59944916
0
13.59944916
0
45.28261185
22.64130592
0
0
0
21.91108894
0
7.303696632
0
11.07440662
44.2976265
0
11.07440662
11.07440662
0
0
13.37409973
13.37409973
0
0
9.628938675
16.50675201
4.814469337
0
0
0
0
12.21422386
0
10.41039371
0
0
0
10.41039371
0
0
0
0
0
0
0
0
0
0
0
0
0
0
0
0
0
0
0
31.01408768
0
0
27.98888969
0
0
0
16.99960899
0
0
0
16.99960899
0
0
0
0
0
0
0
9.551463127
0
28.65438843
0
19.95338821
0
0
0
0
0
24.83628273
0
0
0
0
0
0
0
0
0
0
0
13.06219578
0
27.39078712
0
0
0
27.39078712
0
27.86497498
6.966243744
6.966243744
0
10.06584167
40.2633667
40.2633667
10.06584167
0
0
0
0
0
15.16718483
0
0
0
0
0
6.72070694
0
0
6.72070694
6.72070694
0
0
8.074100494
8.074100494
16.14820099
0
0
0
0
0
0
0
0
0
0
0
0
0
0
0
0
0
0
8.220179558
0
0
0
0
0
8.811723709
0
0
4.757151127
0
0
0
5.057857513
10.11571503
0
0
0
0
0
0
0
0
0
0
0
0
0
0
0
0
0
0
0
0
0
0
0
0
0
0
0
0
0
-0.1
6.9
0
0
0
0
0
0
0
0
0
0
0
0
0
0
0
0
0
0
0
0
0
0
0
0
0
0
0
0
0
0
0
0
0
0
0
0
2.432235479
0
0
0
2.432235479
2.953722
0
0
0
0
0
0
0
0
0
0
0
3.939090014
0
0
0
0
0
0
10.72469616
0
0
0
0
0
5.509285927
0.629632652
0.629632652
0
0
0
9.35915947
0
0
0
0
0
0
0
4.964524269
0
0
0
4.343957901
3.139951944
3.139951944
6.279903889
0
0
0
0
8.401013374
4.200506687
7.350886345
4.200506687
4.563509941
10.43088055
5.215440273
13.69052982
4.563509941
2.217923641
2.217923641
4.435847282
0
0
10.65527725
21.3105545
0
0
0
3.658634186
0
3.658634186
0
0
0
6.918365955
0
6.053569794
3.026784897
0
0
0
3.956393003
3.956393003
0
13.02316475
14.88361835
0
13.02316475
0
0
9.52613163
9.52613163
0
0
5.724410534
6.542183876
5.724410534
19.62655067
18.76517296
5.473175526
10.94635105
0
0
22.19922447
9.71216011
0
0
0
0
10.85373688
0
0
0
0
11.0170927
11.0170927
0
22.03418541
11.0170927
0
0
0
8.3180933
16.6361866
12.7965517
0
12.7965517
0
0
0
0
0
0
0
15.34413528
0
0
0
0
0
13.3148241
0
0
0
0
0
0
0
0
0
8.2365942
0
7.565464973
0
25.96259117
0
0
0
0
0
0
0
0
0
0
0
0
0
13.58705139
0
0
0
0
0
0
0
0
0
0
0
0
0
0
0
0
0
0
0
0
0
0
0
0
0
0
41.28584671
0
0
0
0
0
0
0
0
0
0
11.92983627
0
0
11.92983627
0
0
0
44.63720322
0
0
0
0
0
30.82509041
10.27502918
13.1094656
26.2189312
0
13.1094656
0
0
0
0
19.61127472
17.63352776
8.490434647
0
0
0
0
0
9.083830833
0
4.541915417
0
10.74327087
5.371635437
0
0
0
0
18.99884987
0
9.499424934
9.499424934
7.854915142
7.854915142
0
0
0
0
10.104743
0
0
0
0
0
4.587800503
0
0
0
4.425719261
0
8.851438522
0
4.425719261
5.135560989
0
0
0
0
0
0
6.07592535
0
0
0
0
0
0
0
0
0
0
0
0
0
0
0
0
0
0
0
0
0
7.890760422
9.535721779
0
0
0
0
0
0
0
0
0
0
0
0
0
0
0
0
0
0
0
0
-0.1
6.9
0
0
0
0
0
0
0
0
0
0
0
0
0
0
0
0
0
0
0
0
0
0
0
0
0
0
0
0
0
0
0
0
0
4.883193493
0
0
0
0
0
0
0
0
0
0
3.639998198
3.639998198
0
0
0
0
0
0
0
0
0
0
0
0
2.519925356
5.18429184
0
0
0
0
3.392776728
0
3.392776728
2.968679428
5.937358856
0
3.688007832
3.688007832
7.376015663
0
0
0
3.980653524
7.961307049
0
0
0
0
0
3.309080362
5.972018719
5.972018719
8.95802784
3.412582636
5.972018719
6.825165272
0
5.532930374
5.532930374
5.532930374
6.323349476
3.617925406
5.426887512
0
3.617925406
0
5.702305317
6.65268898
7.286278248
0
6.65268898
4.497884274
0.832941532
2.110118628
17.71389198
0
0
0.498242408
12.36547089
0
0.226473823
0.829142034
14.32154274
0.979894936
0
0
0
7.478763103
14.95752621
7.478763103
0
5.999060154
2.999530077
2.999530077
5.999060154
5.999060154
0
2.980442524
0
0
0
1.684396982
0
3.368793964
3.368793964
0
2.662675381
0
2.662675381
5.325350761
2.662675381
0
0
17.67120934
0
0
7.358176708
17.40374756
19.88999748
0
0
26.10562515
8.962048531
0
8.962048531
17.92409706
26.88614655
0
0
0
0
17.79857826
14.62978458
7.314892292
0
0
0
22.20178986
0
11.10089493
0
0
0
0
19.1609726
9.580486298
9.580486298
9.321134567
18.64226913
9.321134567
0
18.64226913
8.190450668
0
8.190450668
0
0
0
0
0
0
0
0
0
0
0
0
0
0
0.443786889
0.31845817
0.791009068
3.449913263
3.334274054
0
0
8.884972572
3.122267723
0
10.85951519
10.85951519
0
0
0
0
0
0
0
0
0
0
0
0
28.89637375
0
0
0
14.44818687
0
6.229025364
6.229025364
18.68707466
12.45805073
0
0
0
0
0
0
0
0
0
14.1409235
0
0
9.243429184
0
0
8.088000298
5.234920025
5.234920025
5.234920025
15.7047596
5.234920025
9.422754288
0
9.422754288
9.422754288
18.84550858
26.54469872
0
13.27234936
0
0
20.46188354
0
0
20.46188354
0
0
0
0
22.47284698
0
0
5.414090633
10.82818127
21.65636253
5.414090633
0
0
12.14704704
0
0
0
4.335415363
6.654358864
0
1.915648818
0
10.00130367
20.00260735
0
0
13.94999599
6.974997997
6.974997997
0
0
0
0
0
0
0
0
0
0
0
0
0
0
0
1.799911857
3.599823713
3.599823713
0
0
9.928251266
4.964125633
0
0
3.463424683
0
0
0
6.620627403
26.48250961
0
0
0
4.930119514
9.860239029
4.930119514
0
0
3.830957174
0
0
0
0
0
0
0
0
0
0
0
0
0
0
0
0
0
0
0
0
0
0
0
0
3.960747719
-0.1
6.9
0
0
0
0
0
0
0
0
0
0
3.437988043
1.718994021
0
0
0
0
0
3.234119415
0
0
0
0
0
0
0
0
0
0
0
0
0
0
0
0
0
0
0
0
0
0
0
11.82217121
0
0
0
0
0
0
0
0
0
0
0
0
0
0
0
0
4.064313412
0
0
0
11.29297161
11.29297161
0
0
0
0
10.47082233
12.36350727
0
0
0
0
0
1.77285254
1.77285254
2.026117325
3.54570508
3.230018854
0
0
3.230018854
0
0
0
0
2.313195229
5.287303925
4.626390457
2.75277853
23.08782005
3.19677496
12.34310436
0
0
0
10.98637486
0
0
0
0
0
0
3.932651281
7.160919666
0
0
0
0
5.550473213
11.10094643
19.03019333
5.550473213
0
2.955883503
7.29117918
0
0
2.364706516
4.920800209
14.76239967
4.920800209
4.920800209
9.841600418
3.271700859
3.271700859
0
6.543401718
0
0
6.399438858
16.79852676
5.599509239
0
0
0
0
0
3.424020529
7.63164854
17.44376945
0
0
8.721884727
6.597699165
26.39079666
6.597699165
6.597699165
0
0
6.734109402
0
0
0
20.20232964
0
0
0
24.75251389
0
0
0
0
0
0
0
17.51010704
0
0
0
0
0
13.05020142
0
13.05020142
0
21.60403824
0
0
0
0
0
0
6.191566467
6.191566467
0
0
0
8.954223633
0
7.232922554
0
7.232922554
0
0
0
0
0
0
7.943464756
0
0
7.738068581
0
0
0
0
0
14.37459373
0
0
0
0
0
0
0
0
0
0
0
0
0
0
0
0
0
0
0
0
0
15.03860569
0
11.06812859
11.06812859
11.06812859
0
0
15.24057102
0
0
0
0
0
34.24890137
0
0
34.24890137
0
0
0
0
0
0
0
0
10.7278595
0
5.949254036
0
0
0
13.59829521
8.470960617
25.41288376
8.470960617
8.470960617
0
0
0
7.648645401
7.648645401
7.648645401
0
13.80854988
0
4.60284996
0
5.745731354
0
5.745731354
5.745731354
0
10.03732586
10.03732586
0
0
10.03732586
8.624894142
0
0
25.87468338
17.24978828
4.960796356
0
0
4.960796356
0
22.44498444
0
7.481662273
7.481662273
0
0
0
0
7.638673782
7.638673782
7.638673782
4.623408794
2.311704397
2.311704397
0
0
0
0
0
0
0
0
3.401834011
3.401834011
0
0
0
0
0
0
0
0
0
0
0
0
0
0
0
0
0
0
0
0
0
0
0
0
0
0
0
0
0
0
0
0
0
0
0
0
0
0
0
0
0
0
0
-0.1
6.9
0
5.176273346
0
0
0
0
0
0
0
0
0
0
0
0
0
0
0
0
0
0
0
0
0
0
0
0
0
0
0
0
0
0
0
0
0
0
0
0
0
0
0
0
0
0
0
0
0
0
0
0
0
0
0
0
0
0
0
6.260603428
10.73246288
2.481343746
2.481343746
7.444031239
4.962687492
0
3.637783051
10.9133482
3.637783051
7.275566101
3.637783051
2.96628952
0
0
2.96628952
20.3402729
0
2.08584547
7.151470661
2.08584547
0
0
0
3.720025063
3.720025063
0
0
0
5.764683247
2.882341623
0
0
2.948121071
2.579605579
5.159211159
0
5.159211159
0
3.057976007
6.115952015
2.675728559
3.057976007
0
3.776483536
5.664724827
1.888241768
3.776483536
9.844452858
18.29253197
16.33760262
3.072027922
0
0
0
0
41.45278168
0
0
0
15.87704754
15.87704754
5.292348862
22.00795746
7.335986137
0
0
0
8.785861015
0
4.392930508
8.785861015
0
10.65408134
0
0
12.17609215
10.65408134
3.825692892
0
3.825692892
3.825692892
0
0
13.02539158
19.53808594
26.05078316
0
4.862203121
9.724406242
0
9.724406242
9.724406242
0
0
0
15.64752579
0
7.823762894
30.28993416
15.14496708
22.71744919
7.57248354
0
0
9.83122921
9.83122921
0
9.83122921
9.759078026
9.759078026
0
19.51815605
0
0
0
10.51143169
21.02286339
0
0
0
0
0
12.72754002
0
11.37881947
22.75763893
22.75763893
0
0
0
0
0
6.000127792
0
0
0
0
0
0
0
0
17.82040215
26.73060608
13.34185028
13.34185028
0
0
0
7.00861454
0
0
0
14.01722908
21.02584267
6.776968002
0
0
6.776968002
0
0
12.5253191
0
0
0
6.646381378
0
5.746870995
0
7.420959473
4.719799995
18.87919998
0
4.719799995
14.15939999
0
0
10.45121002
41.80484009
20.90242004
10.67712021
10.67712021
10.67712021
10.67712021
10.67712021
0
20.88508797
10.44254398
0
0
0
0
0
0
0
0
11.42492104
22.84984207
0
0
11.42492104
16.56899452
0
0
0
16.56899452
12.16910553
0
12.16910553
12.16910553
0
11.08282375
0
11.08282375
11.08282375
11.08282375
0
7.5744133
0
0
0
14.62912369
21.94368744
0
0
0
0
5.433810711
0
5.433810711
0
0
0
0
6.575227261
6.575227261
9.100539207
0
0
9.100539207
9.100539207
7.387997627
0
0
14.77599525
0
0
11.84213352
0
0
3.947377682
3.947377682
0
8.704564095
0
0
4.352282047
0
0
0
0
0
0
0
0
0
0
0
0
0
0
0
0
0
0
0
0
0
0
2.490748405
0
0
3.545731068
0
3.545731068
0
3.545731068
3.658347845
1.829173923
0
0
0
0
0
0
0
0
3.109612226
3.109612226
6.219224453
0
0
0
0
0
0
0
0
-0.1
6.9
0
0
0
0
0
0
0
0
0
0
0
1.906460166
0
0
0
0
0
0
0
0
1.684752464
0
0
0
0
4.916330338
0
0
0
0
0
0
0
2.098519087
4.197038174
0
0
0
8.932307243
2.977435589
5.954871178
2.395541668
4.791083336
4.791083336
0
4.791083336
5.04831028
0
0
0
0
0
0
0
0
0
0
0
5.197330475
0
0
0
4.023346901
8.046693802
4.023346901
3.39845252
0
3.39845252
0
10.19535637
4.472189903
0
8.944379807
4.472189903
13.41657066
2.179312468
0
0
2.179312468
4.358624935
2.901070356
2.901070356
0
0
0
0
0
0
5.406139851
5.406139851
0
0
6.780333042
6.780333042
0
0
4.032065868
0
0
12.09619808
12.09619808
10.15613937
5.078069687
0
0
15.23420906
12.97056103
12.97056103
0
0
4.323520184
0
4.342191696
0
0
0
0
12.06949425
0
0
8.046329498
0
0
4.308551311
24.44443512
10.2877636
4.5454669
0
0
4.5454669
13.63640213
0
0
0
0
19.56356049
2.855954647
0
0
0
5.711909294
0
16.71677208
0
0
5.572257519
4.616503716
15.82801437
0
10.55200958
9.233007431
0
0
10.79071808
10.79071808
10.79071808
10.79071808
9.055444717
27.16633606
9.055444717
18.11088943
18.11088943
13.07546902
13.07546902
0
0
13.07546902
0
0
0
0
0
0
0
15.64311409
0
0
11.69283199
35.07849503
0
0
0
0
7.946933746
7.946933746
15.89386749
0
8.349746704
8.349746704
0
16.69949341
0
0
35.66956711
11.88985634
11.88985634
0
0
15.63207626
0
0
0
0
0
0
0
0
0
0
0
0
0
0
0
0
0
0
0
0
0
0
0
0
0
0
5.951530457
0
0
11.99098015
0
0
0
11.99098015
0
0
8.686822891
8.686822891
0
0
0
0
0
12.83401203
12.83401203
0
0
0
0
14.79215431
0
0
26.10773277
0
0
0
0
0
0
0
0
0
0
0
0
0
0
0
0
19.01230812
0
0
0
0
0
0
6.82192564
6.82192564
6.82192564
0
5.3013587
5.3013587
0
0
0
0
0
18.98731613
0
0
19.43358231
12.95572186
0
0
6.477860928
0
0
0
0
10.85350418
13.81752205
13.81752205
0
0
0
0
0
0
0
0
0
0
0
0
0
0
0
0
0
0
0
0
0
0
0
0
0
0
0
0
0
0
0
0
17.38437653
0
7.41148138
0
0
0
3.70574069
3.488462448
0
0
3.488462448
0
0
0
0
0
0
0
0
0
0
0
3.74774766
0
0
0
3.74774766
0
0
0
0
0
0
-0.1
6.9
0
0
0
0
0
0
0
0
0
2.164030552
0
0
2.829580545
1.616903305
1.414790273
1.216404676
0
0
0
2.432809353
0
0
0
0
0
0
0
0
0
0
0
0
0
0
0
0
0
0
0
0
0
0
0
0
0
0
0
0
0
0
0
0
0
0
0
0
2.617992163
7.853976727
2.617992163
1.968286633
9.841433525
0
0
0
0
0
0
0
0
0
4.76886797
0
2.384433985
0
0
0
0
1.551148653
1.551148653
4.027413845
9.205517769
16.10965538
0
4.027413845
10.30977154
0
0
0
8.836947441
2.577442884
6.672767639
0
13.34553528
10.00915146
0
0
0
4.257585526
0
0
13.62612534
11.92285919
0
11.92285919
5.961429596
5.678100586
0
5.678100586
6.489258289
0
0
0
7.841313362
13.53500748
1.248616934
0.399301022
4.192660809
9.832787514
6.03942728
4.092835426
10.59920502
15.89880753
5.299602509
0
0
7.564132214
7.564132214
7.564132214
7.564132214
0
0
4.150877953
10.89605427
0
0
0
0
11.92589283
0
11.92589283
0
16.54366302
0
0
0
5.844445229
11.68889046
0
5.844445229
5.844445229
5.844445229
6.933389187
6.933389187
27.73355675
6.933389187
13.86677837
0
0
0
7.076096535
7.076096535
20.0142498
0
0
20.0142498
0
0
0
0
28.49825287
0
0
0
16.69999123
0
0
0
0
0
9.679787636
0
0
0
0
0
0
0
0
0
0
0
0
48.67802048
0
0
24.33901024
0
0
0
0
0
0
0
23.09629822
11.54814911
0
0
0
0
0
0
0
0
0
0
0
0
0
0
0
13.28285217
0
0
0
0
0
11.33415413
0
0
0
0
0
0
0
0
17.70287132
0
0
0
19.85064316
0
0
0
0
0
0
0
20.42434311
0
6.827955246
13.65591049
0
6.827955246
12.88546276
0
19.32819557
6.44273138
0
11.74119377
23.48238754
11.74119377
0
0
0
0
4.737700462
9.475400925
0
4.898818493
9.797636986
4.898818493
0
0
0
0
6.501982212
13.00396442
6.501982212
7.781553745
3.890776873
3.890776873
3.890776873
7.781553745
0
0
0
11.9888382
0
0
0
13.58866787
13.58866787
0
0
4.196160793
4.196160793
4.196160793
0
6.597075939
13.19415188
0
0
6.597075939
13.19415188
3.395267725
0
0
0
0
0
0
5.690424919
0
5.690424919
0
0
0
5.273983955
0
0
0
0
0
0
0
0
0
0
0
10.51249027
5.256245136
0
5.256245136
0
4.015127182
0
0
0
0
0
4.26103735
0
2.130518675
6.391555786
0
6.321997643
0
0
0
0
0
0
0
0
0
0
0
0
0
0
0
0
0
0
0
-0.1
6.9
0
0
0
0
4.85480547
0
0
0
0
0
0
0
0
0
0
0
0
0
0
0
0
0
0
0
0
0
0
0
0
10.27282524
0
4.544126034
0
0
1.514708757
0
0
0
0
0
3.273593664
3.191756964
9.575271606
0
0
0
0
0
0
0
0
0
0
0
0
0
0
0
0
0
0
3.747888803
0
0
0
0
0
0
0
0
0
3.342656612
6.685313225
0
0
0
0
0
2.536541224
0
0
0
0
0
0
0
2.246646881
0
4.493293762
4.493293762
8.938367844
5.958912373
2.979456186
2.979456186
8.938367844
4.115793705
4.115793705
8.23158741
8.23158741
4.703764439
5.726186275
8.589279175
2.863093138
0
0
0
2.2267344
11.96869659
2.78341794
0
15.45946503
8.83398056
7.729732513
0
0
0
11.83530045
10.35588741
10.35588741
10.35588741
13.50091362
6.75045681
6.75045681
6.75045681
0
23.99443817
0
17.11705399
6.418895245
6.26606369
0
0
0
0
0
17.70014763
0
0
13.37344551
0
0
0
10.82041168
0
0
0
0
12.05501366
0
18.08251953
6.027506828
7.365942955
3.789503574
14.83841801
3.272061825
11.32285595
0
0
11.53249264
0
0
0
13.01516533
0
6.507582664
0
0
0
26.17350769
0
0
20.34651375
0
6.782171249
0
0
14.25385761
0
0
0
0
0
18.15655899
0
0
0
10.41162872
20.82325745
10.41162872
10.41162872
0
5.053996563
0
5.053996563
0
0
0
0
0
0
8.339236259
0
0
0
0
0
0
0
0
0
0
0
0
0
0
0
0
0
0
0
0
11.54898071
21.95863914
0
10.97931957
0
0
0
0
13.14398098
0
0
0
0
0
0
0
0
0
0
0
0
9.955136299
0
0
0
0
0
0
0
0
16.03883553
0
12.13019943
0
0
12.13019943
0
0
0
15.97674847
15.97674847
0
18.60822868
0
0
0
0
15.0648737
7.532436848
0
7.532436848
0
6.384584427
0
0
6.384584427
7.296669006
0
0
19.6176548
0
0
6.667772293
20.00331688
0
0
0
7.709512234
7.709512234
17.62174416
7.709512234
0
0
4.72897768
14.18693256
0
4.72897768
0
0
0
7.880551338
0
0
5.857696056
0
0
0
0
4.360336304
0
0
0
0
0
0
0
0
0
0
0
0
3.739731073
0
0
3.378325224
0
0
0
2.150236845
4.30047369
0
2.150236845
0
0
0
0
0
0
2.388819933
0
2.388819933
2.388819933
0
0
2.733285666
0
0
0
0
0
0
0
0
0
0
0
0
0
0
0
0
2.634239912
2.634239912
0
-0.1
6.9
3.891467333
0
0
0
3.891467333
0
0
0
0
0
0
0
0
0
0
0
0
0
0
0
0
0
3.423717499
0
0
0
0
0
0
5.067306042
0
3.288956881
3.288956881
3.288956881
0
0
0
0
0
0
0
0
0
0
0
6.280627251
8.351389885
4.175694942
0
0
0
0
0
0
0
0
0
2.958618402
5.177581787
0
0
4.701707363
5.373380184
14.10512257
4.231770039
4.836308956
0
8.463540077
4.836308956
0
10.56347275
10.56347275
0
0
12.32226753
0
8.214844704
8.214844704
4.694197178
0
3.739513159
4.273729801
3.739513159
0
4.07427454
4.07427454
0
4.07427454
0
4.656313896
7.796268463
13.64346886
3.410867214
0
0
8.087643623
16.17528725
4.043821812
0
0
0
0
6.153173447
8.076039314
5.384026527
8.14026165
16.2805233
0
0
8.14026165
7.702496529
0
0
2.567498922
0
6.492511749
5.680947781
5.680947781
0
0
3.179724455
0
3.179724455
3.179724455
0
4.798408031
0
4.798408031
4.798408031
4.798408031
0
0
16.20411301
6.172996044
10.802742
0
0
4.743492126
9.486984253
4.743492126
0
0
0
0
6.942931652
5.208116055
5.208116055
10.41623211
5.208116055
0
0
0
0
21.78740883
9.531991005
0
0
0
0
20.99088478
0
9.840764046
0
0
0
25.83200455
0
11.0293293
9.650662422
9.650662422
0
0
7.290923595
7.290923595
21.87277031
0
0
12.91023159
0
6.455115795
12.91023159
11.1270895
29.20860863
0
0
19.47240639
0
10.56127453
0
0
21.12254906
19.56413651
29.34620285
0
19.56413651
9.782068253
11.32132244
0
0
22.64264488
0
0
0
9.681391716
19.36278343
0
0
8.194637299
8.194637299
0
0
0
0
0
0
0
0
0
0
0
0
0
14.62182903
0
0
0
0
0
31.10432816
0
0
20.7362175
0
28.73620987
0
0
19.15747452
12.36895561
0
0
12.36895561
24.73791122
12.36895561
0
6.910499573
6.910499573
0
0
15.43352604
0
0
0
0
0
0
15.75645638
0
7.878228188
0
23.30490494
0
0
11.65245247
10.80398083
21.60796165
0
0
21.60796165
0
0
0
11.79038048
23.58076096
5.68556118
5.68556118
0
12.99556923
11.37112236
0
0
9.920948982
0
0
6.054468632
0
6.054468632
6.054468632
0
6.270393848
6.270393848
6.270393848
6.270393848
0
0
6.981386185
6.981386185
6.981386185
6.981386185
0
0
35.49155426
0
0
0
2.755505562
2.755505562
5.511011124
2.755505562
0
0
0
0
2.77691102
8.330733299
0
0
0
0
0
0
0
0
0
0
4.834709167
14.50412655
0
0
0
4.694772243
8.215849876
0
0
0
0
0
0
0
0
0
5.343440056
0
5.343440056
0
0
0
0
0
0
0
0
0
0
0
0
0
0
0
0
0
0
0
0
0
0
-0.1
6.9
0
3.696656942
0
0
0
0
0
0
0
0
0
0
0
1.835818529
0
0
0
0
1.17584455
1.17584455
0
0
0
0
0
0
0
0
0
0
0
0
0
0
0
0
0
0
0
0
0
0
0
0
0
0
0
0
0
0
0
8.955379486
0
0
0
0
0
0
0
0
0
0
0
0
0
0
0
0
0
0
0
0
0
0
0
0
0
11.00123024
5.50061512
22.00246048
5.877589226
0
0
0
0
0
29.08528137
0
0
0
0
5.51633215
8.274497986
0
5.51633215
5.51633215
0
5.522030354
0
0
0
19.43669319
3.239448786
0
0
3.239448786
0
8.617049217
0
8.617049217
8.617049217
4.196633339
16.78653336
0
0
0
0
0
9.617179871
9.617179871
0
16.8072567
0
0
9.804232597
4.902116299
6.605386734
13.21077347
3.302693367
6.605386734
6.605386734
4.311883926
0
8.623767853
4.311883926
4.311883926
12.12289619
0
0
0
0
4.076971531
0
8.153943062
12.23091412
0
13.11202049
0
0
0
0
6.556010246
20.75328827
5.188322067
0
0
10.37664413
0
0
0
21.16692543
0
0
11.57040596
0
5.78520298
0
29.1909008
14.5954504
7.297725201
14.5954504
0
4.301422596
4.301422596
4.301422596
0
0
0
0
0
0
16.29364395
0
0
11.70452213
0
0
25.90555191
8.635183334
8.635183334
17.27036667
0
0
0
0
12.78561497
0
0
0
0
0
0
0
0
0
0
0
0
0
21.647295
10.8236475
0
0
55.10217285
0
0
0
0
0
0
5.230617046
10.46123409
0
0
0
0
0
0
0
0
0
0
0
0
8.459094048
8.459094048
0
0
5.654980183
5.654980183
0
0
0
0
0
0
0
0
6.396733284
7.068099022
7.068099022
0
0
35.34049606
10.42055893
0
10.42055893
5.210279465
0
0
21.04121399
0
0
0
0
4.505018234
0
4.505018234
9.010036469
0
10.04362297
0
0
0
12.28339577
6.141697884
6.141697884
0
0
14.14154434
14.14154434
0
0
0
0
0
0
0
0
8.049659729
8.049659729
16.09931946
0
0
0
0
3.693911552
3.693911552
3.693911552
0
0
17.40026093
17.40026093
0
8.700130463
4.14189291
0
0
2.070946455
2.070946455
0
0
0
1.053474545
0
2.045931101
0
0
0
6.137793064
0
0
0
6.223795414
0
3.606744289
0
0
0
0
0
0
0
0
0
0
0
0
0
0
0
0
1.627742529
0
0
3.022328854
0
0
0
0
0
0
0
0
0
1.935744405
0
1.935744405
0
0
0
0
0
0
0
3.579728127
-0.1
6.9
0
0
0
0
3.947118521
0
0
0
0
0
0
0
0
0
0
0
0
0
0
0
2.82087326
0
0
0
0
0
0
0
0
0
0
0
0
3.910795689
0
0
0
0
0
0
0
0
0
0
0
0
0
0
0
0
0
0
0
0
0
1.771726847
1.166025758
1.166025758
2.332051516
7.316977024
0
0
7.316977024
3.658488512
0
0
0
0
0
0
2.118986368
5.562339306
7.416451931
0
7.462966919
2.487655878
0
4.975311756
0
3.259365559
1.629682779
1.629682779
0
3.259365559
6.665382385
3.332691193
3.332691193
3.332691193
0
3.332691193
15.3041563
10.20277214
30.60831261
0
5.10138607
4.832679272
0
0
0
0
3.826982021
3.826982021
3.826982021
3.826982021
0
9.638636589
3.212878704
9.638636589
3.212878704
0
4.975125313
4.975125313
0
4.975125313
14.92537498
7.426980495
0
0
11.14047146
0
0
5.552491665
11.10498333
16.65747452
0
0
0
3.979818583
15.91927433
0
0
4.179981709
8.359963417
8.359963417
16.71992683
5.00856781
0
0
0
15.02570438
0
0
0
13.13597584
13.13597584
0
12.18433857
6.092169285
18.27650642
12.18433857
0
11.20082569
11.20082569
0
0
11.20082569
0
0
8.895100594
0
0
0
0
14.43182468
0
0
0
9.789390564
9.789390564
0
0
0
0
22.41591644
22.41591644
0
0
9.149565697
9.149565697
0
0
0
19.62755966
0
0
0
0
0
0
0
0
0
0
0
13.53713226
0
0
0
0
0
0
13.0008173
0
0
0
0
0
0
0
0
0
0
0
0
0
0
0
0
0
0
0
0
0
16.09752655
0
0
0
0
0
0
0
0
0
0
0
13.57508755
0
0
0
0
0
0
0
0
0
0
0
0
0
0
19.69528961
9.847644806
0
0
22.62186813
0
11.31093407
0
0
10.98475361
10.98475361
0
0
8.308075905
8.308075905
8.308075905
0
24.92422867
0
11.99979401
0
0
0
0
0
0
11.03426266
0
0
0
0
0
0
0
4.239973068
0
0
4.239973068
7.42525053
25.45800018
0
0
0
0
6.261315823
0
12.52263165
0
0
0
0
0
0
0
0
0
0
0
5.860470772
9.046049118
0
0
9.046049118
0
0
0
0
0
0
0
0
0
0
0
8.618393898
0
0
0
0
0
0
0
0
0
5.554530144
5.554530144
0
0
0
0
0
0
0
0
0
0
0
0
0
0
0
0
0
0
0
0
0
0
0
0
0
0
0
0
0
-0.1
6.9
3.222568989
0
0
0
0
2.906592369
2.906592369
0
0
0
0
0
0
0
0
0
0
0
0
0
0
0
0
2.471396446
1.235698223
0
0
0
0
0
0
0
0
0
0
0
0
0
0
0
0
0
0
0
0
0
0
3.789482355
0
0
0
0
0
3.197427511
1.598713756
1.598713756
1.400986075
0
1.400986075
0
3.349340916
0
0
0
4.396452427
0
6.594678402
4.396452427
6.594678402
0
3.35350132
0
0
3.35350132
6.912996292
3.456498146
3.456498146
0
0
0
2.036978483
1.018489242
0
1.018489242
0
6.621395111
6.621395111
9.932092667
0
3.310697556
0
0
3.621138334
3.621138334
3.621138334
4.628468037
18.51387215
15.86903381
13.88540459
4.628468037
6.402218342
0
9.603326797
0
9.603326797
11.33449936
5.66724968
5.66724968
17.00174713
0
0
0
0
0
0
3.578752995
8.180007935
0
3.578752995
3.578752995
11.09562588
22.19125175
0
11.09562588
0
10.66472721
0
5.332363605
10.66472721
0
9.20857811
4.604289055
0
9.20857811
0
0
21.52915192
7.176384449
14.3527689
0
0
6.15834856
6.15834856
0
3.07917428
0
19.70545959
6.568486691
0
0
0
0
13.37650108
13.37650108
6.688250542
0
45.8706665
0
0
18.3482666
27.5223999
0
0
5.262077332
6.013802528
0
0
0
0
35.74111176
0
15.35176182
0
0
0
0
0
44.31718063
0
0
0
0
16.59168053
29.03544044
0
14.51772022
0
0
5.577656746
5.577656746
5.577656746
4.268517017
8.537034035
0
0
8.537034035
14.11041641
0
0
0
0
4.967639446
4.967639446
9.935278893
0
0
0
0
7.22197628
0
0
7.22197628
0
0
0
11.54949188
34.64847565
14.47463703
0
0
14.47463703
0
0
0
0
0
0
0
0
0
0
0
18.80704117
0
0
0
0
0
0
0
0
0
0
0
0
0
0
0
19.72193336
0
9.860966682
9.860966682
0
0
0
0
0
0
0
0
8.096123695
9.25271225
0
8.261394501
0
0
18.88318634
0
0
0
0
9.407441139
0
0
6.203421593
6.203421593
0
0
0
0
0
17.42373276
0
0
9.40228653
0
9.40228653
9.40228653
0
22.42641258
0
11.21320629
0
7.220423698
7.220423698
7.220423698
7.220423698
7.220423698
0
7.531339645
7.531339645
0
0
7.531339645
0
0
0
4.329899788
8.659799576
4.099926472
0
0
3.587435722
7.174871445
0
0
0
0
0
4.845582485
0
0
0
0
0
0
2.797413111
0
0
0
0
0
0
4.048640728
0
0
0
1.951635599
7.806542397
2.508946896
0
0
5.017893791
0
0
0
0
0
0
0
0
0
0
0
0
0
0
0
1.155075073
0
0
0
0
0
0
-0.1
6.9
0
0
0
0
0
0
0
0
0
0
0
0
0
0
0
0
0
0
0
0
0
1.678781509
3.357563019
3.357563019
0
0
0
0
0
0
0
0
0
0
0
0
0
0
0
0
6.991511345
2.980598211
0
0
4.470897198
1.490299106
4.352841377
2.176420689
0
0
0
8.344277382
0
3.337711096
1.668855548
0
4.042667866
0
0
3.396129608
0
3.396129608
0
0
0
0
0
7.67132616
0
3.132022142
0
0
0
0
0
0
0
8.737356186
3.744581461
0
0
0
0
4.513380527
0
2.779306412
0
5.558612823
5.558612823
2.779306412
9.179662704
4.016102314
12.04830647
0
4.016102314
8.387952805
2.795984507
5.591969013
0
0
10.51682758
5.258413792
0
6.009615898
26.29206657
5.185356617
5.185356617
0
10.37071323
10.37071323
0
0
0
0
0
0
13.70853996
0
3.427134991
3.916725874
0
0
0
0
12.12451553
4.980092525
0
0
0
0
12.21547222
12.21547222
0
0
0
14.39573669
0
0
0
0
0
0
5.487643719
5.487643719
0
0
3.82616353
15.30465412
3.82616353
0
3.82616353
6.085253716
12.17050743
3.042626858
6.085253716
6.085253716
10.15077686
30.45233345
0
10.15077686
10.15077686
0
11.18165207
0
0
0
0
13.1774044
39.5322113
13.1774044
13.1774044
0
10.359025
0
5.179512501
0
0
0
0
11.62395477
0
0
0
0
0
0
0
0
0
0
0
0
3.774188042
0
3.774188042
3.774188042
36.92510605
0
0
0
0
4.674111843
0
0
0
0
0
5.759475231
0
5.759475231
0
0
0
0
0
0
0
0
0
0
0
16.45417023
9.692448616
0
14.5386734
0
4.846224308
0
0
0
24.35975838
0
0
0
0
0
0
0
0
0
0
0
10.44994068
0
0
0
16.97049904
14.84918594
0
0
0
0
0
0
0
23.51998138
0
0
18.84863091
0
9.424315453
18.84863091
0
0
8.228791237
9.404332161
8.228791237
8.228791237
0
0
0
0
48.53248215
0
0
0
8.029719353
0
0
0
5.378418922
16.13525772
0
0
0
0
53.12510681
0
31.987854
7.996963501
0
0
0
12.46222019
0
0
0
0
0
8.057540894
8.057540894
8.057540894
0
8.057540894
0
0
5.18645525
2.593227625
0
4.9890728
0
0
4.9890728
2.4945364
0
4.495031357
4.495031357
0
0
0
0
6.770180702
6.770180702
0
0
0
0
4.208383083
0
0
0
0
1.135305405
1.135305405
0
4.721375942
2.360687971
2.360687971
0
0
0
0
0
0
0
2.689930439
5.379860878
2.689930439
0
0
0
0
0
0
0
0
0
0
0
0
0
0
0
0
0
-0.1
6.9
0
0
0
0
0
0
0
0
0
0
0
0
0
0
0
0
0
0
0
0
3.731737375
3.731737375
3.731737375
0
0
0
0
0
0
0
0
0
3.752998829
0
0
0
0
0
0
0
0
0
0
0
2.364299536
7.092898369
2.544632912
0
0
0
5.089265823
2.390276432
2.390276432
0
0
4.780552864
3.821356773
3.821356773
3.821356773
3.821356773
5.301178455
0
5.301178455
0
0
0
0
0
0
0
0
1.468708992
0
0
2.937417984
13.45260239
0
0
0
0
2.415527821
4.831055641
2.415527821
0
4.831055641
1.570049405
0
1.570049405
3.14009881
6.28019762
3.14009881
6.276866913
3.138433456
3.138433456
6.276866913
3.138433456
5.186403751
5.186403751
10.3728075
0
0
0
2.733320475
2.733320475
0
5.466640949
0
0
6.206310749
0
0
0
8.627814293
0
0
0
0
18.23864555
12.15909672
6.079548359
3.039774179
3.010764837
0
0
0
0
9.624621391
2.406155348
4.812310696
0
2.406155348
9.241102219
9.241102219
0
18.48220444
9.241102219
0
0
0
7.557535172
3.778767586
0
5.621659279
11.24331856
0
5.621659279
26.30274773
0
0
0
0
10.52109814
0
0
6.390075684
12.78015137
0
0
10.82152176
0
21.64304352
0
0
0
7.248067379
14.49613476
0
0
0
0
0
0
0
0
0
0
0
0
0
0
0
16.47874641
0
0
0
5.467511654
0
13.04432392
0
0
26.08864784
13.04432392
0
0
0
9.388237953
0
0
0
6.788857937
0
0
0
0
6.042971134
0
0
0
0
9.150258064
0
0
0
0
0
0
0
0
0
0
0
0
0
0
0
0
29.09605026
0
0
0
0
0
0
0
0
0
0
0
9.012142181
0
0
0
18.02428436
0
14.91437531
0
0
0
0
0
12.35595036
0
0
0
0
0
17.12401962
17.12401962
0
0
0
0
24.4689579
24.4689579
0
0
0
5.942322731
5.942322731
12.23607826
0
0
12.23607826
12.23607826
0
0
20.86763763
0
0
5.859984398
0
5.859984398
5.859984398
11.7199688
14.12620068
0
0
4.708733559
0
0
0
0
0
17.84790993
0
0
3.848236561
3.848236561
4.397984982
0
5.749083042
0
17.2472496
0
5.749083042
0
0
3.80486393
0
0
0
5.427030563
0
0
0
0
0
2.343397379
2.343397379
0
0
0
7.327763557
0
7.327763557
2.586935759
0
0
2.586935759
5.173871517
6.437083721
0
0
0
0
0
0
0
1.372653484
0
0
0
0
0
0
3.551147223
7.102294445
0
0
0
0
0
0
0
0
0
0
0
0
4.674116135
4.511652946
3.648883581
0
0
3.648883581
0
-0.1
6.9
0
0
0
0
0
0
0
0
0
0
0
0
0
0
0
0
0
0
0
0
0
0
0
0
0
0
0
6.429738998
0
0
0
0
0
1.813413262
1.813413262
0
5.623880386
0
0
5.623880386
0
0
5.8522892
2.9261446
0
0
0
0
0
0
0
0
0
0
0
13.29953194
2.638365746
0
1.319182873
5.033799648
0
5.033799648
5.033799648
0
3.082285643
0
7.045225143
3.082285643
6.164571285
5.677303791
6.4883461
11.35460758
5.677303791
5.677303791
0
5.071654797
5.071654797
10.14330959
10.14330959
3.466633081
0
0
3.466633081
0
7.61455822
0
0
3.80727911
0
3.80727911
1.537930489
0
0
3.075860977
1.537930489
0
4.493303299
0
0
0
0
6.04276228
6.04276228
12.08552456
6.04276228
0
0
0
2.754689932
14.46212196
0
11.82124043
11.82124043
0
3.940413237
0
0
0
20.01213264
13.34142113
6.40294981
0
0
12.80589962
6.40294981
3.69602561
3.69602561
0
7.39205122
3.69602561
0
0
0
0
0
11.19764042
5.59882021
5.59882021
0
0
0
14.67828083
0
0
0
11.82259274
17.73388863
0
0
11.82259274
11.82259274
0
0
0
11.05868149
11.05868149
0
0
0
8.290058136
16.58011627
19.44383049
9.721915245
0
9.721915245
19.44383049
0
0
0
0
0
0
0
25.66451454
0
0
0
0
0
0
0
0
0
0
0
0
0
0
0
0
0
0
0
12.96576691
0
0
0
0
0
0
19.20979309
0
0
7.554087639
0
15.10817528
0
0
0
0
0
0
0
0
0
0
0
0
0
0
0
0
0
19.59238815
0
0
0
0
0
0
0
0
0
0
0
0
0
0
0
12.79882717
38.39648056
0
0
8.67069149
0
0
0
8.67069149
0
0
7.290149212
0
0
0
0
0
0
0
0
0
0
9.552438736
9.552438736
0
0
24.60105324
12.30052662
0
0
27.35134506
9.117115021
0
9.117115021
0
8.207474709
0
0
8.207474709
10.96251202
0
0
10.96251202
10.96251202
0
0
0
0
12.81635475
0
12.59605694
0
12.59605694
12.59605694
0
0
0
0
0
0
0
0
10.50045013
0
5.250225067
11.1406765
0
9.748090744
14.62213612
4.874045372
0
0
0
0
0
0
0
0
0
0
0
0
0
0
0
0
0
0
0
4.626708984
4.555479527
2.277739763
0
0
2.277739763
9.270577431
0
0
0
0
3.236381292
1.618190646
1.618190646
0
3.236381292
5.438536644
0
0
0
0
0
0
0
0
0
0
0
0
0
0
0
0
0
0
0
0
-0.1
6.9
0
0
0
0
0
0
2.982316971
0
0
0
0
0.701132536
0
0.701132536
0.701132536
0
0
0
0
0
0
0
0
0
0
0
0
2.23613143
4.472262859
4.472262859
0
0
0
0
0
0
1.916137934
0
0.958068967
0.958068967
1.916137934
1.606480718
0
0
3.212961435
3.212961435
6.022200108
1.505550027
3.011100054
0
0
1.890554547
1.890554547
0
0
0
2.026716471
0
0
6.680136681
0
3.34006834
3.34006834
6.680136681
8.150985718
8.150985718
4.075492859
8.150985718
0
0
0
0
4.915700436
0
3.113047361
0
0
3.113047361
6.226094723
3.240050077
9.720149994
0
0
0
2.78714323
2.78714323
2.78714323
0
2.78714323
5.574286461
0
8.172459602
5.448306561
5.448306561
5.448306561
3.217741966
0
0
0
0
5.655833721
2.827916861
2.827916861
5.655833721
0
5.27162981
7.907444477
0
5.27162981
0
0
0
0
8.894695282
8.894695282
0
4.162004471
12.48601341
8.324008942
8.324008942
3.006911278
6.013822556
3.006911278
0
0
9.278044701
13.91706753
4.63902235
0
18.5560894
11.01141548
0
16.51712418
5.505707741
11.01141548
19.49951744
0
4.87487936
14.62463856
9.74975872
0
0
14.08377552
0
7.04188776
4.449052811
0
8.898105621
0
8.898105621
0
0
6.073787212
24.29514885
0
0
0
9.336416245
18.67283249
9.336416245
9.336416245
12.82461071
0
0
0
25.64922142
0
0
7.335919857
0
14.67183971
0
14.21138287
14.21138287
14.21138287
0
0
0
0
7.384912968
0
0
0
0
0
13.14256859
0
0
0
0
0
0
0
19.92764664
19.92764664
0
0
0
0
0
0
0
0
0
0
0
0
0
14.63213921
0
0
29.26427841
56.06685638
11.21337128
0
0
0
0
0
0
0
0
0
0
0
0
9.711993217
0
0
5.881278515
0
0
0
0
0
0
0
18.3995266
0
0
0
0
9.199763298
28.45228577
0
14.22614288
14.22614288
0
10.56643677
21.13287354
10.56643677
0
0
0
12.84114075
0
0
19.26171112
0
0
0
0
0
0
10.01281738
10.01281738
10.01281738
0
0
4.842895508
4.842895508
0
4.842895508
0
0
0
11.7912941
0
0
0
0
17.78822517
0
19.08904839
0
6.363015652
6.363015652
6.363015652
5.147283554
5.147283554
5.147283554
25.73641586
0
0
14.83793068
0
0
0
0
7.011696339
0
7.011696339
0
0
4.895987511
2.447993755
2.447993755
2.447993755
0
0
0
2.513635874
0
0
0
0
0
0
0
0
0
0
0
0
0
0
0
0
0
0
0
0
0
0
2.577100277
5.154200554
2.577100277
0
0
0
0
0
0
0
0
0
0
0
0
0
0
0
0
0
0
0
0
0
0
0
0
0
0
0
0
-0.1
6.9
0
0
0
2.203706026
0
0
0
0
0
0
0
0
0
0
0
0
0
0
0
0
0
0
0
0
0
0
0
0
1.467796445
2.93559289
0
0
0
0
0
0
2.378689528
4.757379055
4.757379055
4.757379055
4.757379055
0
0
0
0
0
0
0
0
0
2.909259081
1.398455262
1.398455262
4.195365906
0
0
0
0
0
0
0
0
0
0
0
0
2.226660967
2.226660967
2.226660967
0
0
0
0
0
3.587364197
0
7.174728394
3.587364197
0
0
0
7.872362614
3.936181307
0
10.85356712
0
0
0
16.28035164
0
6.059314728
12.11862946
0
6.059314728
30.29657364
0
28.76409531
0
0
0
0
0
8.021835327
0
5.347890377
3.643116236
7.286232471
14.57246494
0
0
8.442892075
12.66433811
0
0
0
6.649403095
9.974103928
3.324701548
6.649403095
3.324701548
11.91625023
23.83250046
0
11.91625023
5.958125114
0
2.561655283
2.561655283
0
2.561655283
22.55303764
0
0
15.03535938
0
0
0
0
0
2.336818933
23.89772606
0
0
0
5.974431515
0
6.83044529
0
0
0
0
0
23.01821709
7.672739029
15.34547806
7.672739029
13.41017151
0
0
0
13.41017151
0
0
11.10622787
0
0
0
0
0
0
20.50456619
0
0
0
28.26959229
0
0
0
26.1730957
0
0
0
0
0
0
0
0
0
0
0
0
0
3.993978024
0
0
0
35.28482819
0
0
0
23.52322006
16.33743858
0
0
0
49.01231766
0
31.87715149
0
0
0
0
0
0
0
0
0
0
0
0
0
0
29.96618652
0
0
0
0
0
0
0
0
20.34698296
0
0
0
0
0
7.554114342
15.10822868
15.10822868
0
22.66234207
22.66234207
16.26284218
0
16.26284218
24.39426422
8.131421089
0
0
13.23508739
39.70526123
0
20.39654732
10.19827366
0
0
10.19827366
20.38820839
0
0
20.38820839
20.38820839
19.36377716
9.68188858
9.68188858
19.36377716
19.36377716
0
0
28.33719444
0
0
0
0
0
0
0
0
0
14.15441513
0
0
11.72413158
0
5.862065792
0
0
0
5.279216766
5.279216766
10.55843353
5.279216766
0
0
7.956693649
3.978346825
7.956693649
9.504493713
9.504493713
0
9.504493713
9.504493713
0
0
8.358488083
0
4.179244041
4.179244041
0
0
0
0
0
0
0
4.304536343
0
4.304536343
0
0
0
0
0
4.123295784
0
0
0
4.123295784
0
0
0
0
0
0
6.537989616
6.537989616
6.537989616
0
0
0
0
0
0
0
0
0
0
0
0
0
0
0
0
0
0
0
0
0
0
0
0
0
0
0
-0.1
6.9
0
0
0
2.676431894
2.676431894
0
0
0
0
0
0
0
0
0
0
0
0
0
0
0
0
0
0
0
0
0
0
0
0
0
0
0
0
0
0
0
0
0
3.804572582
0
0
0
0
0
0
0
0
0
0
0
0
0
0
0
0
2.852984667
0
0
1.363900781
2.727801561
0
4.220813274
0
4.220813274
4.220813274
1.826952338
3.653904676
0
1.826952338
3.653904676
3.750051975
5.625078201
3.750051975
0
0
2.588227987
2.588227987
2.588227987
2.588227987
0
4.557926178
4.557926178
0
2.278963089
0
4.335979462
0
4.335979462
8.671958923
0
13.00793934
4.743171215
4.743171215
4.743171215
0
4.743171215
4.472645283
4.472645283
0
0
4.472645283
3.492096424
0
6.984192848
6.984192848
0
0
9.083028793
0
0
0
0
0
27.85207748
0
0
0
7.490837097
7.490837097
3.745418549
0
0
3.356993198
10.07097912
0
6.713986397
0
0
2.487084627
4.974169254
0
12.54095554
0
12.54095554
6.270477772
0
7.323498249
0
4.882331848
9.764663696
4.882331848
9.670152664
0
0
9.670152664
19.34030533
0
0
21.96954155
16.47715569
5.492385387
10.98477077
0
0
19.47697067
0
0
0
0
0
0
0
0
0
11.92486668
23.84973335
0
7.520726204
7.520726204
0
0
0
0
10.01096249
10.01096249
20.02192497
0
8.52165699
17.04331398
25.56497002
8.52165699
25.56497002
9.471889496
0
0
0
9.471889496
0
0
0
0
0
0
9.292279243
0
9.292279243
0
0
0
6.226804256
24.90721703
0
0
28.22590446
0
0
14.11295223
17.49356842
34.98713684
0
0
8.74678421
8.74678421
0
0
17.21395111
0
0
0
18.29034615
18.29034615
0
0
0
7.003800869
7.003800869
0
0
0
0
0
0
0
0
5.332255363
0
0
15.99676609
0
13.53767109
13.53767109
0
0
13.53767109
5.207223892
10.41444778
0
5.207223892
0
0
0
0
0
13.0657711
26.80892563
0
0
0
0
0
8.319856644
16.63971329
0
8.319856644
0
22.9008522
11.4504261
0
0
9.770774841
29.31232262
9.770774841
0
0
6.785794258
0
6.785794258
0
3.392897129
8.781071663
0
0
4.390535831
4.390535831
8.55561161
0
0
8.55561161
4.277805805
15.03064251
22.54596519
7.515321255
0
0
0
0
7.434019566
0
0
0
0
0
15.24291611
0
0
0
0
20.27489281
0
0
0
0
0
0
0
0
0
0
0
0
0
0
0
0
0
0
0
0
0
0
6.282879829
0
0
0
0
0
4.947607994
9.895215988
9.895215988
4.947607994
0
0
0
0
0
0
4.630692959
0
2.315346479
0
4.258697987
0
0
0
0
0
0
0
0
0
0
0
0
0
0
0
-0.1
6.9
0
0
1.725163221
0
0
0
0
0
0
0
0
0
0
0
0
0
0
0
0.930062056
0
0
0
0
0
0
0
0
0
0
2.828375101
2.828375101
0
0
0
0
0
0
4.792936325
4.792936325
4.792936325
0
5.067669868
0
0
0
5.067669868
0
0
6.107476711
0
0
0
5.134340763
0
2.567170382
5.134340763
6.567383289
0
0
0
0
0
0
0
9.852757454
4.926378727
14.77913666
4.926378727
0
7.831516266
7.831516266
11.7472744
0
3.915758133
0
0
5.145359993
2.572679996
2.572679996
5.645457745
0
2.822728872
0
5.645457745
4.924257278
4.924257278
0
14.77277184
0
9.848514557
10.4261055
13.03263187
0
5.21305275
0
6.08566761
12.17133522
6.08566761
6.08566761
0
0
0
26.46311569
0
0
9.631307602
0
9.631307602
9.631307602
0
0
2.063794851
0
6.191384315
0
0
0
0
0
0
10.46586704
15.69880009
10.46586704
0
5.232933521
10.60796547
0
5.303982735
15.91194725
10.60796547
2.824147224
0
0
2.824147224
0
3.161556005
3.161556005
0
6.323112011
0
0
0
0
3.278778791
13.11511517
0
0
0
7.03961134
7.03961134
0
0
0
0
9.360097885
9.360097885
0
0
13.3380146
6.669007301
20.00702286
44.09071732
0
8.818142891
0
8.818142891
16.28811455
0
0
24.43217087
0
0
0
0
9.48795414
9.48795414
13.33655739
6.668278694
26.67311478
0
6.668278694
0
0
0
53.32045364
0
15.35300732
0
0
30.70601463
15.35300732
0
0
0
0
0
0
0
0
0
0
8.580210686
0
0
8.580210686
0
0
0
0
0
0
6.175850868
0
0
0
0
0
12.2349596
0
0
0
6.117479801
0
16.51082039
0
0
0
0
8.852320671
0
0
17.70464134
0
0
0
0
12.06632805
0
0
28.58395767
0
0
0
0
0
0
0
0
0
0
13.44080544
26.88161087
0
9.434375763
9.434375763
18.86875153
0
18.86875153
19.57130432
0
0
0
9.785652161
0
0
0
0
0
0
0
0
0
0
0
0
0
3.431494474
6.862988949
0
9.024977684
13.53746605
0
0
0
0
5.058501244
15.17550278
0
0
0
0
10.37957668
0
5.962521553
5.962521553
0
0
5.962521553
0
9.540988922
9.540988922
4.770494461
0
0
5.908807278
2.954403639
5.908807278
0
5.908807278
4.124773979
0
0
0
4.124773979
6.221933365
6.221933365
0
0
6.221933365
0
0
0
0
0
0
0
0
0
0
0
0
0
0
0
0
0
0
0
0
0
0
0
0
0
2.585897446
10.34358978
0
0
0
0
0
0
0
0
5.655173302
0
0
0
0
3.309817076
0
0
0
0
0
-0.1
6.9
1.960056067
0
0
0
0
0
0
0
0
3.154174089
0
0
0
0
2.273132086
0
0
0
0
0
0
0
0
0
0
0
6.111261845
0
0
0
0
0
0
0
0
0
0
0
0
0
2.447182417
4.183137894
12.54941463
0
16.73255157
0
0
5.477496624
0
0
5.477496624
3.43040514
3.43040514
0
0
3.43040514
0
4.786973476
0
0
0
4.51017952
2.25508976
2.25508976
0
0
5.70787859
22.83151436
17.12363625
0
9.661259651
6.440839767
3.220419884
6.440839767
2.393117428
0
2.393117428
7.179351807
2.393117428
0
0
0
0
0
0
0
0
0
10.93462563
0
3.914600134
3.914600134
7.829200268
0
0
6.61653471
0
0
0
6.61653471
0
0
0
8.358736992
8.358736992
2.407424688
7.222273827
0
2.407424688
7.222273827
3.548957348
10.64687252
3.548957348
7.097914696
0
2.904581785
0
5.80916357
0
0
7.975804806
11.96370697
0
0
11.96370697
0
0
0
4.354156494
0
0
0
3.814578772
3.814578772
3.814578772
0
6.521335602
0
0
13.0426712
6.507314682
0
6.507314682
0
0
24.30861282
8.102869987
0
8.102869987
0
0
0
0
7.982289791
15.96457958
0
11.51529312
34.54587936
11.51529312
11.51529312
0
13.08660412
13.08660412
0
0
13.08660412
9.387778282
0
4.693889141
0
0
0
17.241642
8.620820999
0
0
0
0
15.37789822
0
0
26.82800293
0
0
13.41400146
13.41400146
0
9.271143913
9.271143913
9.271143913
18.54228783
0
0
0
0
0
0
0
0
0
2.962425709
0
0
0
0
0
0
0
0
0
0
0
0
0
0
0
0
0
0
0
0
7.20876503
0
0
0
0
0
13.88702297
0
0
0
41.66107178
0
0
0
34.01284409
0
0
0
0
0
0
0
0
0
8.343241692
0
16.68648338
0
13.16524696
0
13.16524696
13.16524696
10.69718266
16.04577255
0
10.69718266
16.04577255
0
22.73652649
11.36826324
0
11.36826324
0
9.528885841
19.05777168
9.528885841
0
0
23.52910614
0
0
0
6.584591389
0
13.16918278
0
13.16918278
0
16.03839684
0
0
32.07679367
0
10.46385288
0
10.46385288
0
0
9.103449821
0
0
27.31035042
0
0
0
11.16352844
0
7.985099316
7.985099316
0
0
15.97019863
7.985099316
8.745412827
4.372706413
0
4.372706413
4.372706413
0
0
0
0
0
5.076120853
10.15224171
10.15224171
0
0
0
9.138401031
9.138401031
0
0
4.971422672
9.942845345
0
0
0
0
7.705006599
0
0
0
0
0
0
0
4.887686253
4.060108185
0
0
0
0
0
0
0
0
0
0
0
0
0
0
0
0
0
0
0
0
0
7.587197304
0
0
0
-0.1
6.9
0
0
0
0
0
0
0
0
0
0
0
0
0
0
0
0
0
0
0
0
0
0
0
0
0
0
0
0
0
3.639959335
3.639959335
2.822072983
2.822072983
5.644145966
0
0
0
0
0
0
7.344599724
6.744315147
6.744315147
6.744315147
3.372157574
3.372157574
0
0
6.671630383
0
0
0
11.09724617
11.09724617
0
11.09724617
0
6.102733612
0
0
2.447221994
2.447221994
0
0
0
3.373413801
3.373413801
5.060120583
0
1.294705272
2.589410543
1.294705272
2.589410543
2.589410543
2.829234123
0
2.475579739
4.951159477
0
7.771551132
2.590517044
0
5.181034088
5.181034088
2.962939262
0
0
5.925878525
2.962939262
2.962939262
4.920599937
2.460299969
4.920599937
2.460299969
0
0
0
0
4.315785885
4.315785885
0
8.010499001
0
0
0
0
12.13336945
6.066684723
0
0
6.671704292
3.335852146
6.671704292
6.671704292
3.335852146
0
5.822789669
11.64557934
11.64557934
5.822789669
0
17.18419075
0
5.728063583
0
0
0
13.87100124
0
0
0
8.046936035
0
8.046936035
0
0
4.927266598
4.927266598
4.927266598
0
0
0
7.205787659
0
0
10.67873383
10.67873383
5.339366913
0
5.339366913
0
0
0
14.0111618
9.340774536
9.340774536
0
12.13102436
12.13102436
12.13102436
0
17.60519791
17.60519791
0
0
0
9.971446037
0
14.95716953
4.985723019
0
10.02114487
0
10.02114487
10.02114487
0
16.00427246
16.00427246
0
0
0
0
0
23.33052635
0
7.776842594
6.248702049
0
0
12.4974041
31.2435112
9.217969894
5.267411709
0
0
13.82695484
0
0
28.04960442
0
28.04960442
8.480097771
0
0
0
0
0
0
0
0
0
0
0
0
0
11.38147449
11.38147449
4.916073799
4.916073799
0
0
0
0
6.476724625
6.476724625
0
0
0
0
0
0
0
0
11.63544273
0
0
0
16.48274422
49.44823074
0
0
0
16.48274422
0
6.918818474
0
0
0
0
0
22.8829174
0
0
0
0
12.58298683
0
0
5.089355469
15.26806641
0
5.089355469
0
0
0
14.01848507
14.01848507
0
0
19.35698128
0
6.452326775
6.452326775
22.25399399
0
0
0
0
0
13.38673306
6.693366528
6.693366528
13.38673306
7.614202023
15.22840405
22.84260559
7.614202023
7.614202023
9.999207497
0
19.99841499
0
9.999207497
0
24.17925262
0
16.11950302
16.11950302
35.2266922
0
0
0
0
0
4.688613415
0
0
0
0
0
0
0
0
0
5.20436573
0
0
0
0
0
0
0
0
0
0
0
0
0
0
0
0
1.805698276
0
0
0
0
0
0
0
0
0
0
0
0
0
0
0
0
0
0
0
0
0
0
0
0
0
0
0
0
0
0
0
0
0
-0.1
6.9
0
0
0
0
0
0
0
0
0
0
0
0
0
0
0
0
0
0
0
0
5.079951763
0
2.539975882
0
0
0
0
0
0
0
0
0
0
0
0
0
0
0
0
0
0
0
0
0
0
0
0
0
7.500920773
11.25138092
0
4.957770348
2.478885174
9.915540695
0
0
0.89044708
0.89044708
1.78089416
0.89044708
0
5.891773224
0
5.891773224
5.891773224
0
0
0
6.505067348
3.252533674
0
0
0
0
0
0
0
3.519196987
0
0
0
0
0
1.359050155
4.077150822
0
0
3.015990019
0
9.047969818
0
0
7.247957706
14.49591541
0
0
8.591387749
4.295693874
8.591387749
12.88708115
4.295693874
0
5.117896557
10.23579311
5.117896557
0
3.853451014
9.633626938
0
3.853451014
3.853451014
0
0
0
5.759242058
11.51848412
0
0
0
0
4.083818436
5.284730434
0
5.284730434
0
0
0
0
3.698462963
3.698462963
0
6.158261776
0
18.47478676
18.47478676
0
7.706631184
7.706631184
0
0
0
3.1574862
0
0
1.5787431
4.73622942
0
0
9.923810959
9.923810959
4.961905479
4.961905479
6.65599966
19.9679985
0
0
6.65599966
0
0
5.389044762
0
0
0
3.403872728
0
6.807745457
0
11.92122936
23.84245872
0
0
23.84245872
16.2627964
0
0
16.2627964
0
9.702358246
9.702358246
19.40471649
0
0
9.815296173
9.815296173
19.63059235
0
0
0
12.59263706
0
0
0
0
0
0
9.987700462
19.97540092
0
0
0
0
0
8.190361977
0
0
0
0
0
0
0
0
0
10.4775486
0
0
0
0
0
0
0
0
0
0
0
0
0
0
0
0
0
28.43585205
0
0
0
40.26458359
0
0
0
0
0
0
0
0
0
0
0
0
0
5.744798183
0
31.05051231
0
0
0
4.789480686
0
0
0
0
0
0
0
5.185091019
10.37018204
0
0
23.24312401
0
0
14.42844868
50.49956894
0
7.214224339
0
0
0
0
6.741448879
3.37072444
10.06820393
0
0
5.034101963
10.06820393
0
0
0
0
9.514722824
0
10.96338749
0
10.96338749
0
15.35769081
15.35769081
30.71538162
15.35769081
0
15.02336693
7.511683464
0
7.511683464
0
0
0
2.319796324
2.319796324
0
0
2.76095891
0
2.76095891
5.52191782
5.52191782
3.279876471
0
0
3.279876471
0
0
0
0
4.120319366
0
0
6.977486134
3.488743067
0
0
2.721405506
0
0
0
0
0
1.422994137
0
0
1.422994137
0
0
0
0
0
7.848312378
3.924156189
0
0
0
0
0
0
0
0
0
0
0
0
0
0
2.56071043
0
0
0
0
-0.1
6.9
0
0
0
0
0
0
0
0
0
0
0
0
0
0
0
0
0
0
0
0
0
5.050149918
0
0
5.050149918
0
0
0
0
0
0
0
0
0
0
0
0
3.965058565
0
0
0
0
0
3.928634405
0
0
0
0
0
0
0
4.535126686
4.535126686
0
0
6.802690029
0.979765892
1.959531784
1.959531784
0
2.427132845
4.85426569
7.281398296
4.85426569
0
0
3.155045748
9.465137482
0
0
0
3.634052038
1.817026019
1.817026019
1.589134574
0
0
0
1.589134574
5.263876438
1.75462544
1.75462544
1.75462544
0
9.918498993
0
9.918498993
0
0
0
0
0
0
0
0
3.892950296
0
3.892950296
3.892950296
0
0
0
8.086531639
0
0
0
0
8.876051903
2.958683968
5.917367935
0
6.686170578
3.343085289
0
0
12.07300282
0
3.018250704
0
0
3.80569458
0
0
11.41708374
7.61138916
3.600465536
0
7.200931072
0
0
5.461636066
0
5.461636066
0
0
0
6.366793156
6.366793156
3.183396578
0
0
5.128396511
5.128396511
0
0
1.5403018
6.096752644
2.690696716
1.5403018
3.0806036
0
7.813988686
7.813988686
3.906994343
0
3.906994343
10.27221489
0
10.27221489
15.40832233
0
0
0
0
0
12.03452778
0
0
0
0
0
0
0
0
0
0
0
0
0
10.36763191
0
0
8.657429695
8.657429695
8.657429695
4.328714848
0
0
4.936589718
0
0
5.36267662
0
0
5.36267662
5.36267662
0
0
0
0
0
0
0
0
28.03212357
0
0
5.750398636
0
0
0
0
0
0
0
0
0
0
0
0
0
0
0
0
0
0
0
0
0
0
0
0
0
0
0
0
0
0
0
0
36.06672668
0
0
0
0
0
0
0
0
16.74345398
16.74345398
0
0
0
0
0
11.481534
0
0
0
0
10.46757412
10.46757412
18.34022331
9.170111656
18.34022331
0
0
0
19.35372543
0
0
0
0
0
17.75947189
0
0
10.27213001
0
5.136065006
0
0
9.477575302
0
0
0
0
0
15.05101585
0
0
0
0
0
0
0
4.39430809
0
11.92012024
0
5.96006012
0
0
5.756276608
0
0
0
0
0
0
0
0
0
0
0
0
0
0
0
0
3.123008013
3.123008013
6.246016026
0
0
12.51750183
0
6.258750916
0
0
0
0
0
0
4.738284111
0
0
0
0
0
0
0
0
0
0
0
4.610768795
0
0
0
0
0
0
0
0
0
0
0
0
0
0
0
2.259126186
2.259126186
-0.1
6.9
0
0
0
0
0
0
0
0
0
0
0
0
0
0
0
0
1.507640719
3.015281439
0
0
0
0
0
0
0
0
0
1.706052065
0
5.118156433
3.41210413
2.982360125
0
0
0
0
0
0
0
3.606972694
3.606972694
0
0
0
5.848994255
0
4.351865768
0
0
0
2.175932884
0
0
0
0
8.942775726
0
2.270248175
2.270248175
0
0
0
0
5.122646332
3.591494322
3.591494322
3.591494322
0
10.77448273
0
0
5.620357037
0
0
4.311531544
7.391197681
2.155765772
6.467297554
6.467297554
0
8.115168571
0
2.70505619
0
4.86569643
9.73139286
14.59709072
0
0
4.86569643
0
0
4.244082928
0
4.244082928
4.024346828
2.012173414
0
0
0
0
0
8.897834778
0
0
6.331702709
3.165851355
12.66340542
0
6.331702709
2.299675703
4.599351406
4.599351406
2.299675703
0
7.270215034
0
0
3.635107517
7.270215034
0
0
0
4.463071823
8.926143646
11.34047413
6.804285049
4.536190033
2.268095016
2.268095016
3.342435122
6.684870243
6.684870243
3.342435122
3.342435122
0
0
0
7.859303951
3.929651976
4.528711796
0
4.528711796
0
0
5.25338459
5.25338459
0
10.50676918
5.25338459
0
21.5067749
0
0
10.75338745
21.5067749
24.62916374
0
0
0
0
0
16.40724754
0
0
0
5.621166706
16.86349869
5.621166706
0
0
0
0
0
31.44394112
0
0
0
9.63369751
9.63369751
0
0
0
13.8983984
55.5935936
0
0
0
0
0
0
0
0
0
0
0
41.92972565
0
0
0
0
0
0
0
0
0
0
0
0
0
0
0
0
0
0
0
0
0
0
0
0
0
0
0
0
0
0
0
0
0
23.03355598
0
0
0
0
0
0
54.96680832
0
0
0
0
0
0
0
0
0
17.3962326
0
0
0
0
0
14.1223011
14.1223011
0
0
0
43.44861984
0
21.72430992
0
10.86215496
0
0
19.36006165
19.36006165
0
25.45158195
0
0
0
12.72579098
0
0
13.58615398
0
0
0
0
6.13854599
0
0
0
0
0
14.00461578
0
0
0
0
11.75928688
0
0
0
0
0
21.09069824
7.784611702
0
0
0
0
7.784611702
0
0
0
5.371997833
5.371997833
0
0
0
6.486371517
4.32424736
6.534720898
0
0
0
0
0
5.688168049
0
0
0
0
0
0
0
0
0
0
0
0
0
0
0
0
0
0
0
0
0
0
0
3.254261732
3.254261732
0
0
0
0
3.471779823
0
0
0
0
0
0
0
0
0
0
0
0
0
0
-0.1
6.9
0
0
0
0
0
0
0
0
0
0
0
0
0
0
0
0
0
0
0
0
0
0
0
0
2.464222908
3.486780643
0
0
0
0
1.743390322
0
0
2.800358772
2.800358772
0
1.195820332
1.195820332
0
0
0
4.422718048
2.211359024
0
0
2.211359024
8.292899132
0
5.528599262
0
0
0
0
0
0
0
0
0
0
0
0
0
2.748783827
5.497567654
0
0
1.993727326
1.993727326
0
0
8.648627281
4.324313641
4.324313641
0
11.4780302
11.4780302
5.739015102
0
5.739015102
5.073773861
10.14754772
0
5.073773861
25.36886978
0
7.682798862
11.52419853
0
0
7.682798862
0
0
0
2.749859571
0
0
5.732144356
5.732144356
11.46428871
0
13.2797184
8.853145599
0
0
0
0
0
6.20734787
0
6.20734787
0
6.923469067
10.38520336
3.461734533
0
3.605504513
0
10.81651402
3.605504513
3.605504513
4.681292057
2.340646029
4.681292057
7.021938324
7.021938324
0
0
0
0
7.405594826
0
2.816390514
2.816390514
11.26556206
0
0
6.650046825
19.95014
0
6.650046825
0
0
12.57062721
0
0
4.555005074
0
0
4.555005074
0
0
0
13.49931812
13.49931812
6.749659061
6.749659061
0
23.39582825
0
7.798609257
0
0
0
9.673064232
0
0
0
0
0
0
38.35542297
0
0
0
0
0
0
5.632596493
5.632596493
0
0
0
22.17980003
0
0
0
0
0
0
0
35.07406235
8.664831161
0
0
4.332415581
0
0
0
5.013862133
0
0
0
0
0
0
0
0
0
0
0
0
0
0
0
0
0
0
0
0
0
0
0
0
0
12.62950611
0
0
0
0
0
0
0
15.08744431
0
7.543722153
0
0
0
9.164178848
0
0
0
9.164178848
0
0
0
0
0
5.176842213
0
5.176842213
0
0
12.33667278
0
0
12.33667278
0
8.864894867
0
0
0
0
7.023097515
0
0
14.04619503
14.04619503
0
0
10.703969
0
10.703969
0
0
4.64664793
4.64664793
4.64664793
0
30.11521912
20.07681084
0
0
6.694177628
0
0
0
6.694177628
0
0
0
11.04969406
0
15.7994175
7.899708748
0
7.899708748
7.899708748
0
0
0
10.99839592
21.99679184
0
4.132561207
4.132561207
0
0
4.132561207
0
0
0
5.612138748
5.612138748
0
0
0
0
0
11.14913654
0
0
0
0
0
0
0
0
6.561623573
0
0
0
0
0
0
0
0
0
0
0
0
0
0
0
0
0
0
0
0
0
0
0
0
0
0
0
0
0
0
0
0
0
0
0
0
-0.1
6.9
0
0
2.835644007
0
2.835644007
0
0
0
0
0
0
0
0
0
0
0
0
0
0
0
0
0
0
0
0
0
0
0
0
0
0
0
0
0
0
0
0
0
0
0
0
0
0
0
0
0
0
0
0
0
0
0
0
0
0
0
0
0
5.445869446
5.445869446
5.986321926
0
0
0
11.97264385
4.999102116
0
0
0
0
0
11.71812439
11.71812439
29.29531097
0
0
18.46011734
18.46011734
7.032426357
12.30674553
0
0
7.049108982
10.57366371
3.524554491
7.624567032
15.24913406
7.624567032
0
0
0
3.536483526
10.60945129
0
0
7.072967052
5.670363903
2.835181952
0
5.670363903
2.835181952
0
3.100972891
0
6.201945782
6.201945782
0
5.167275906
0
0
2.583637953
0
0
0
6.853862286
0
2.882704258
2.882704258
8.648113251
0
0
0
4.845814705
0
0
4.845814705
15.50490284
5.168301105
0
5.168301105
0
0
10.3874464
0
0
20.77489281
30.91595078
7.728987694
0
0
0
5.861412048
17.58423615
11.7228241
0
0
0
0
0
8.965009689
0
0
0
5.23407793
5.23407793
0
10.46815586
5.963864326
5.963864326
0
11.92772865
11.92772865
0
15.48061275
0
0
15.48061275
0
0
0
7.151638985
0
0
0
0
0
0
0
18.23708344
0
0
0
7.196918011
0
7.196918011
0
0
0
0
0
10.73835659
5.369178295
0
0
0
1.198997378
0
0
0
0
0
14.87236786
0
4.048734665
8.09746933
16.19493866
4.048734665
0
0
0
0
0
0
0
0
0
0
0
0
0
0
0
0
0
0
0
0
0
0
0
0
5.693386078
0
0
0
0
0
0
0
21.66345024
0
0
21.66345024
10.83172512
12.16923332
0
0
0
6.084616661
6.879448891
13.75889778
0
0
13.75889778
4.941647053
9.883294106
9.883294106
4.941647053
0
0
0
0
0
31.51150703
0
0
29.57361603
14.78680801
14.78680801
32.09415054
0
0
32.09415054
0
11.95642853
11.95642853
0
0
0
0
0
18.42077255
0
0
14.37993526
0
0
7.189967632
0
0
0
10.69166088
0
0
0
6.343066216
6.343066216
0
0
0
4.656810284
0
0
0
4.656810284
0
10.31882191
0
0
0
0
0
0
0
0
0
0
0
0
0
0
0
0
1.346315622
0
0
0
5.860366344
5.860366344
0
0
3.647436142
0
0
1.823718071
0
0
0
0
3.009156466
0
0
3.549077749
0
0
3.28920269
3.28920269
0
0
6.57840538
0
0
4.832284451
0
0
0
0
0
0
0
0
0
0
0
0
0
-0.1
6.9
0
0
0
0
0
0
0
0
0
0
0
0
0
0
0
0
0
0
1.650441885
0
4.573286057
2.286643028
0
0
0
0
0
0
0
0
5.348417759
3.780288219
0
0
0
0
0
0
0
0
0
0
0
0
0
0
0
0
0
0
0
0
0
0
4.185827732
4.185827732
3.039190292
0
1.013063431
2.618285894
0
3.927428722
2.618285894
0
4.535793781
0
0
4.535793781
0
4.318035126
0
0
0
0
0
0
0
2.256183624
4.512367249
1.426935434
1.426935434
1.426935434
5.707741737
2.853870869
2.859465122
2.859465122
0
2.859465122
5.718930244
0
7.019845486
0
14.03969097
3.509922743
0
0
4.092310429
12.27693272
8.184620857
0
0
5.501178741
2.750589371
5.501178741
5.501178741
13.25407124
0
6.627035618
13.25407124
13.25407124
7.977255344
0
0
0
11.96588326
0
0
0
0
0
-0.1
6.9
0
0
0
0
0
0
0
0
0
0
0
0
0
0
0
0
0
0
0
0
0
3.829163551
0
0
0
0
0
0
0
4.173110485
0
0
0
0
0
0
1.723143816
1.723143816
0
0
0
0
0
0
0
0
0
0
1.272402763
0
1.272402763
0
0
0
4.43286705
8.8657341
5.886867523
0
1.962289214
4.212640762
0
0
2.106320381
4.212640762
0
0
0
6.00787878
3.00393939
8.774710655
4.387355328
0
0
4.387355328
0
2.558260918
2.558260918
1.279130459
0
0
3.557101727
10.67130566
3.557101727
0
0
0
0
0
4.795902729
0
0
0
0
5.235010147
7.852515697
3.943434
0
1.971717
1.971717
5.915150642
0
0
0
6.011919498
6.011919498
4.26794529
0
4.26794529
4.26794529
4.26794529
0
2.588591814
0
0
0
0
0
2.796320915
5.59264183
2.796320915
4.984827995
4.984827995
2.492413998
2.492413998
4.984827995
9.865127563
0
4.932563782
0
9.865127563
30.8578186
0
24.68625641
0
0
5.623214245
11.24642849
0
0
0
0
0
0
0
5.205246925
0
3.257798433
0
3.257798433
3.257798433
0
0
0
0
0
0
27.16093636
0
13.58046818
13.58046818
13.58046818
0
0
0
0
21.23088455
7.930105686
3.965052843
7.930105686
3.965052843
3.965052843
0
0
10.41469479
0
0
4.552755833
0
4.552755833
4.552755833
13.65826607
6.434323311
0
12.86864662
0
12.86864662
0
0
13.74646664
0
6.873233318
5.988226891
11.97645378
5.988226891
17.96467972
0
12.53438663
12.53438663
0
0
12.53438663
0
0
8.76717186
0
17.53434372
5.103726864
5.103726864
5.103726864
0
0
0
0
0
0
0
0
0
0
0
0
0
0
6.145792484
12.29158497
0
0
0.404854208
1.669728875
2.141519308
4.466975689
9.04496479
14.94539547
14.94539547
7.472697735
7.472697735
0
0
0
0
8.872754097
13.30913162
0
9.292935371
9.292935371
9.292935371
18.58587074
0
0
0
11.56098843
0
11.56098843
0
13.11903381
13.11903381
0
0
5.719667435
0
11.43933487
0
5.719667435
0
7.64580822
15.29161644
0
30.58323288
11.75526428
0
0
0
11.75526428
14.61141205
0
4.870470524
9.740941048
0
6.760165215
0
20.2804966
0
0
3.671323776
7.342647552
0
0
11.01397133
11.33289909
0
0
0
0
0
4.291224957
6.43683815
4.291224957
0
0
0
8.476994514
8.476994514
0
0
0
0
0
0
6.037060261
3.358170033
3.358170033
0
0
0
0
0
0
0
0
0
0
0
6.364735603
0
0
0
0
0
0
0
0
0
0
0
0
0
0
4.00464344
0
0
0
0
0
0
0
0
0
0
0
0
0
0
0
0
0
0
0
0
0
0
0
0
3.707440138
0
0
