19790101
0.01
0
0.082
0
0
0
0.003
0.113
0
0
0
0
0.014
0.003
0
0
0
0
0
0
0
0
0
0
0
0
0
0
0
0.264
0.022
0.216
0.014
0
0.824
0.098
0
0
0
0
0.077
0.007
0
0.906
0.122
0
0
1.049
1.001
0
0
0
0
0
0
0
0.079
0
0
2.892
2.178
1.243
0.154
0.027
0.007
0
0
0
0.295
1.148
0.22
0
0.385
0.041
2.002
0.654
0.11
0.021
0
0.517
0.388
4.94
0.017
0
1.614
0.261
0.045
0.548
1.205
0.027
3.907
13.808
29.382
2.657
0.01
0.3
0.038
1.669
0.206
0
0.076
0.163
0.01
0
0.048
1.617
0
1.222
0.944
6.99
4.879
2.341
1.013
5.5
6.211
3.31
8.123
0.01
1.864
0.405
14.447
2.451
9.599
9.925
0.846
5.733
5.455
3.423
0
0
1.325
2.599
3.742
5.552
2.146
14.095
11.055
8.827
2.455
2.263
4.037
0
0
0.357
0.027
4.092
0.165
0.594
0
1.322
2.716
1.152
2.079
2.408
11.915
20.835
4.896
0.8
6.477
8.918
4.326
11.841
2.063
7.551
0.134
8.834
4.935
0.153
0
10.192
13.039
3.571
7.179
6.487
2.742
8.719
11.628
0.695
11.397
6.882
2.031
0.558
0.153
0.096
3.008
3.555
7.608
1.186
1.13
0.687
0.554
1.662
1.157
5.641
8.549
8.001
2.446
13.814
0.335
9.04
13.923
6.001
6.406
8.255
16.514
6.017
9.232
1.741
3.394
0.244
7.507
3.337
10.808
5.675
2.934
5.049
5.263
1.457
0.681
1.694
4.395
7.203
1.615
0.726
1.938
5.454
0.457
0.492
0.556
10.181
0.618
0.554
6.259
7.133
5.716
0.036
3.217
0.132
2.575
8.774
7.091
0.412
7.124
1.543
0.256
12.566
2.108
0.536
0.699
6.844
3.383
8.621
2.604
18.501
3.595
1.451
11.064
6.508
5.299
0.962
0.92
4.022
2.606
9.789
37.333
63.695
7.251
10.006
0.752
0.455
1.061
8.533
0.254
5.418
6.307
0.302
4.12
0.079
4.29
7.738
6.321
3.145
0.494
2.589
1.301
5.555
0.433
1.744
1.5
0.409
1.325
4.693
2.458
0.755
0.23
0.474
1.634
1.14
0.306
0.024
1.057
2.396
0.292
0
0.925
1.052
0.295
1.562
3.613
0.759
1.507
3.392
0.338
0.17
0.63
0.518
1.567
0.218
2.225
0.125
0
0
6.867
0.643
0.683
0.124
0.062
0
0
0
0
2.468
0.257
0
0
0.034
0
0
0.01
0
0
0.007
0
0
0
0
0
0
0.041
0
0
0
0
0
0.031
0.007
0.003
0.027
0
0
0
0
0.003
0.027
0
0
0
0
0
0
0
0.027
0
0
0
0
0.409
0.048
0.191
0.058
0
0
0.045
0
0
0
0
0
0
0
0
0
0
0
0.007
0
0
0
0
0
0
0
0
0
0
0.088
0.01
0
0.1
0.814
0.123
0
0
0
0
0.034
0.093
0.01
0
0
0
0.757
0
0
0
0
0
0
0.057
0.441
0.498
6.532
0.797
0
0
0.024
2.81
0.062
1.832
0.173
4.461
10.638
0.422
0.027
0.003
0.656
0.05
0.158
0.752
0.014
0
0
0.144
0
0
0
0
28.657
5.311
1.167
0
0.027
0.92
0.144
0.436
0.082
0.127
3.32
1.682
3.141
0.415
0.021
1.967
21.619
2.547
3.708
2.204
0.834
3.598
0.395
0
0.261
4.278
6.376
0
0
0.457
0.127
0.01
0.522
0
0
0.419
0.017
0.247
0.055
0.24
40.713
4.082
0.596
0
0.874
1.457
1.211
0.275
0
1.222
4.427
9.32
1.25
0.7
0.312
3.054
11.927
2.735
7.217
3.383
3.248
3.524
13.837
2.67
0.621
7.914
1.713
8.841
2.908
1.351
1.617
3.894
0.204
4.983
10.871
0.706
3.619
4.369
4.259
22.055
3.298
1.303
1.602
9.513
0.162
1.7
3.696
0.645
0.156
1.699
3.615
0.027
0.077
0.01
0.003
3.972
0.459
0.318
9.776
10.622
1.468
0.065
0.072
1.145
0.093
0.225
0.18
0.096
0.003
0.934
0.168
0.069
5.576
14.73
2.444
2.877
8.595
7.771
1.184
6.963
1.079
3.282
1.408
0.501
0.086
0.055
0.034
0.082
0.168
3.89
26.213
1.49
0.821
3.172
2.613
0.209
6.544
9.057
0.216
0.185
3.567
10.365
0.282
4.261
7.649
18.447
0.924
3.351
9.39
3.437
0.457
0.752
3.88
1.651
9.599
21.931
4.91
8.803
1.13
1.669
9.816
9.057
21.183
6.159
9.235
28.154
0.628
0.144
2.355
1.456
0.072
5.404
7.121
14.001
5.332
4.108
2.091
3.1
6.794
0.869
2.163
0.282
3.172
2.815
2.76
16.945
6.825
2.156
1.811
0.034
1.16
0.347
0.336
0.106
1.933
0.35
0.209
3.2
0.906
7.175
22.573
0.937
3.165
2.784
0.163
5.085
0.546
0.027
1.03
3.141
0.203
7.211
6.997
0.158
0.513
2.515
0.958
1.76
0.247
0.127
1.622
0.167
0.149
0.003
0.087
0
0.302
2.381
2.803
0.657
0.12
0.233
0.003
0.003
0
0.482
0
0
0.027
0
0
0
0.062
0
0
0.003
0.041
0.127
0.161
0.16
0.014
0.017
0.247
0.112
0.003
0
0.336
0
0
0
0
0.797
0
0
0
0
0
0
0
0
0
0
0
0
0.254
0
0
0.055
0
0
0
0.01
0
0
0
0
0
0
0
0.01
0.003
0.051
0.017
0
0
0
0.014
0
0
0
0
0
0
0
0
0
0
0
0
0
0
0
0
0
0.034
0.003
0
0
0
0.165
0.01
0.206
0.168
0.031
5.891
0.285
0
1.013
4.693
0.937
0
0.045
0.003
0
0.017
3.498
38.626
5.028
0.657
2.81
0.381
14.088
5.952
4.36
7.042
6.803
1.213
31.82
43.504
0
3.032
5.285
0.419
0
0
0
0.766
2.899
1.239
0.929
4.281
5.136
0
0
5.72
1.432
0.724
0.014
1.148
5.864
2.637
0.264
0.16
0.649
21.877
3.08
0
0
0.223
0.027
0
0.264
0.652
0.851
2.757
7.416
0.803
0
0.718
0.189
0.058
0.237
17.6
9.191
5.061
10.851
5.136
0.093
0.912
5.225
0.851
2.414
3.936
6.4
2.281
3.619
0.223
0
1.083
0.144
0
3.723
5.107
3.616
6.528
9.394
9.877
1.638
3.148
7.095
3.831
0.426
2.196
1.016
1.432
0.27
0.069
4.02
0.093
3.193
0.364
5.184
1.634
1.311
1.562
9.227
0.498
5.394
3.432
0.065
1.394
5.888
4.041
11.92
5.373
7.617
3.577
0.906
12.061
5.26
4.092
1.586
2.338
2.369
2.242
4.11
1.905
0.364
7.145
3.169
10.368
2.393
40.402
11.192
6.702
4.475
2.481
3.423
9.86
1.39
6.957
1.679
0.742
0.707
1.591
0.398
1.004
7.278
6.654
0.642
1.066
2.475
1.054
0.161
0.982
0.367
3.507
6.441
2.554
8.695
5.148
5.507
0.196
4.884
3.845
3.44
5.617
7.095
3.917
0.076
4.501
0.134
1.088
12.768
7.893
4.961
2.623
2.4
0.515
1.214
1.607
0.553
1.26
1.73
0.11
0.491
11.132
10.698
3.093
5.476
2.819
3.801
15.12
6.197
18.467
4.544
10.586
4.46
3.727
2.086
0.027
18.11
15.783
5.205
11.57
9.833
8.099
4.482
49.6
0.498
9.85
6.259
0.287
1.591
7
0.36
5.603
4.106
2.983
9.177
1.727
1.245
6.731
0.463
5.522
6.599
2.618
0.632
5.397
1.59
10.155
1.998
3.155
2.951
0.082
0
5.198
0.821
0.22
2.032
4.177
3.124
1.212
0.189
1.076
0.041
0.591
2.022
0.398
0.137
0
0
0.003
0
0
0
4.611
0.237
0.045
0.062
0.031
0.182
0
0.086
0
0
0.003
0.014
0
0
0
0
0
0
0
0.058
0
0
0
0
0
0
0.003
0
0
0
0.034
0
0.038
0.017
0.676
0
0.007
0
0
0.003
0
0
0
0
0
0
0
0.007
0
0
0.01
0
0
0.003
0
0
0.299
0.055
0
0
0
0
0
0
0
0
0
0
0.048
0.021
0.01
0.017
0
1.329
0.766
0
0
0
0
0
0
0
0
0
0.01
0
0
0
0.124
0
0.093
0.007
0
0
0
0
0
0.357
0.053
0.554
0.505
1.198
0.348
0.235
0.451
0.082
0
0
0.196
0.031
0
0.615
0.201
0
0
0.003
0
0
0
0
0.215
3.64
1.85
0.108
0.182
0
0.167
1.457
0.57
1.274
4.796
0.017
0.046
15
1.799
0
0
0
0
0
0
0.148
0.134
0.057
0.003
0.251
0.187
0.021
0.376
0.287
0.834
0.069
1.198
0.829
0.007
0
0.017
0.319
0.043
0
4.255
0.01
21.454
2.824
6.377
0.525
0.216
0.891
1.921
0.014
0.463
0.108
0.901
3.728
0.24
9.452
0.007
0.426
0.127
3.433
2.307
27.225
0
0
0.027
0.014
0.4
0.01
0
0
3.066
1.96
0.007
0
0.093
6.482
0.704
7.244
0.385
3.1
0.299
1.04
2.74
2.153
0.103
7.586
3.143
9.014
1.957
0.512
0.252
0.479
6.466
5.213
0.237
1.88
6.614
1.287
0.242
0.189
1.533
13.534
4.156
0.731
0.031
1.33
1.689
4.369
7.09
4.284
0.425
4.944
4.922
7.252
0.379
0.702
0.244
4.218
4.701
3.572
1.857
5.183
2.695
2.42
3.565
11.702
15.616
9.907
3.893
1.924
10.787
6.753
3.854
9.376
3.85
2.176
1.873
0.661
1.126
0.017
0
4.194
1.166
0.639
4.848
5.885
4.261
0.125
0.594
0.124
1.382
0
1.275
2.07
0.038
0.007
7.268
4.533
1.897
2.602
5.579
5.4
1.514
8.938
0.417
0.3
0.481
2.364
3.466
0.807
5.138
11.337
1.614
2.729
4.758
4.764
21.607
37.618
10.384
11.163
1.39
8.257
0.294
0
6.969
10.91
8.799
3.526
6.588
12.964
8.145
0.783
2.53
4.473
3.02
76.894
7.538
2.938
2.372
9.683
1.777
1.207
1.591
1.4
0
1.148
11.642
4.221
3.379
1.412
0.191
11.398
25.624
4.904
0.839
15.641
31.575
0.404
0.757
2.907
3.392
0.883
2.633
0.568
2.05
0.206
1.341
1.866
2.371
0.603
1.83
0.373
4.801
1.732
1.296
5.343
3.595
0.639
1.991
1.016
0.003
0.065
5.905
6.837
0.223
0.117
0.213
0.014
0
0.415
0.669
0.148
0.055
0.041
0.014
0.529
0.167
0.038
0.161
0
0
0
0
0
0
0
0
0
0
0
0
0
0.076
0.755
0
0
0
0
0
0.003
0.057
0
0
0
0
0
0.041
0.014
0
2.953
0.288
0.007
0
0.325
0.039
0.007
0
0
0
0
0
0
0
0
0
0
0
0
0
0
0
0
0
0
0
0
0
0
0
0
0
0
0
0
0
0
0
0
0
0
0
0
0
0
0
0
0
0
0
0
0
0
0
0
0.316
0.033
0
0.172
0.082
0.003
0
0
0
0
0
0.017
0.01
0
0
0
0
0.003
0
0
0
0
0
0
0
0
0.065
1.102
0.13
0
0
0
0
0.956
0.072
0
0
0
0.041
0.216
0.903
0.196
0.271
0.206
1.279
0.858
0
0
0
0.405
1.936
3.071
0.12
0
0
0
0
0
0.01
0
0.364
0.525
1.157
0.076
0
0.031
0.161
0.007
0
1.191
0.062
4.841
0.007
6.341
1.006
0.409
0.027
0.652
1.037
0.086
0.391
0.426
0.051
0.312
0.014
0
0.402
0.56
15.683
8.961
0.024
0
2.668
2.685
3.742
3.33
0.021
3.605
0.124
2.479
7.443
1.586
0.034
1.655
3.612
4.237
4.985
1.353
0.398
2.788
1.215
2.444
4.903
8.652
25.588
3.316
3.292
0.474
8.405
7.711
0.621
5.485
1.481
2.561
9.915
1.13
0.014
8.978
3.735
0.254
0.206
0.611
8.988
0.498
0.089
0.113
1.699
0.103
0.608
0.189
1.262
0.354
1.693
2.352
1.572
4.305
4.077
0.151
2.609
0.312
3.399
20.06
0
0.027
0.048
0.299
3.595
5.744
0.79
0.913
1.33
0.034
0.045
0.192
0.659
0.233
0.014
0.045
2.46
0.089
0.35
5.655
4.57
2.942
0
0
0.216
0
0.968
0.175
1.481
0.089
0.1
0.566
0.014
9.733
0.676
0.851
0.096
0.158
8.116
9.4
0.616
6.248
2.987
4.316
0.366
1.152
0.074
2.381
0.486
0.151
2.838
0.082
1.857
0.043
0.208
16.994
0.182
7.962
0.793
0.333
9.573
1.765
1.03
2.269
5.079
1.462
1.833
2.625
1.401
4.304
0.038
11.383
1.402
1.979
5.991
1.914
0.417
0.338
5.682
0.215
1.44
2.043
0.053
0
0
0
4.258
2.784
11.893
0
0
0
0
0
0.01
0.05
0.003
0.244
0.017
0.007
0.821
0.062
0.055
4.379
1.602
0.069
0.125
0.039
0
0.024
0.032
0.021
0.427
0.211
0.041
0.007
0
0
0.529
0.072
2.043
0.233
0
0.01
0
0.209
0.034
0
0.003
0
0
0
0.038
0
0
0.024
0.045
0.481
4.14
0.398
0.01
0
0.041
0
0
0.007
0
0
0
0
0
0
1.916
0.762
0.041
0
0
0
0
0
0.247
0
0
0
0
0
0
0.003
0.003
0
0
0
0
0
0
0.045
0
0
0
0
0
0
0
0
0
0
0
0
0
0
0
0
0
0
0
0
0
0.321
0.039
0
0
0
0
0
0
0
0
0
0
0
0
0
0
0
0
0
0
0
0
0
0
0
0.203
0.45
0.027
0.003
0.076
1.126
0.199
0.027
0.024
0.048
0
0
0.594
3.08
0.566
5.157
1.459
0.11
0.1
19.672
1.943
1.198
0.103
0.23
0.827
0.048
3.08
4.079
0.014
0
0
0
0
0
0
0
0
0
38.409
28.485
13.822
45.82
17.424
0.536
0.082
0
0
0
0.405
0.656
0.144
0
2.141
0.158
0.92
0.172
0.23
0.003
2.702
0.261
0.079
0.11
0.007
0
0.021
0
0
0.034
0.014
0.501
0.036
0
0.01
0
0
0
0
0.069
3.638
0.13
0.355
2.46
1.725
0.488
0.034
0
0.352
0.173
0.05
0.113
4.178
0.357
0
0
0.033
0
26.256
3.603
0.604
0.072
0
1.353
0.306
4.868
0.834
2.475
0.721
0.951
18.886
24.24
0.573
5.922
3.989
0.779
2.072
2.678
3.948
1.638
5.709
2.099
1.792
0.323
4.329
8.03
0.055
0
7.763
0.158
0
4.556
1.775
1.636
4.247
0.398
1.748
3.749
18.781
3.874
0.912
0.69
12.215
13.537
0.203
3.43
11.678
6.351
1.181
17.722
1.037
1.593
4.865
2.829
1.311
0.233
2.853
0.36
11.764
13.053
14.859
12.499
3.902
5.806
3.171
4.298
1.011
2.4
2.877
6.029
0.055
4.841
5.405
2.384
5.406
9.556
5.582
9.417
5.617
6.948
5.945
0.964
0
0.264
0.168
3.485
2.695
2.029
10.559
16.779
0.089
1.967
0.712
2.797
0.424
13.031
2.314
2.359
10.999
3.5
8.049
5.332
8.037
6.384
32.037
3.919
4.017
67.399
8.966
19.744
4.619
0.874
0.309
4.964
1.603
0.041
10.169
8.041
11.922
0.887
0.216
6.831
15.82
10.193
3.552
4.638
2.238
0.855
4.151
8.281
10.372
7.244
5.97
1.945
0.179
2.795
108.566
17.717
0.429
0.292
0.355
1.766
0.852
0.245
0.007
0.301
5.46
0.457
1.022
0.17
0.978
0.021
0
0
0
0
0
0.003
0
0
0.077
0.01
0.038
1.344
0.093
0
0.014
0.01
0.349
0.027
0.003
0
0
0
0
0.529
0.086
0.027
0.041
0
0
0
0
0
0
0
0
0
0
0
0
0.106
0.003
0
0
0
0
0
0
0
0
0
0
0.027
0
0
0
0
0.017
0
0
0
0
0.031
0
0
0
0
0
0
0
0
0
0
0
0
0
0.01
0
0.676
0
0.024
0
0
0
0.282
0.027
0
0.021
0
0
0.227
0
0
0
0
0
0
0.069
0
0
0
0
0.003
0
0
0
0
0
0
0
0
0
0
0
0
0
0
3.512
1.572
0.014
0.257
0.043
0
0
0
0.268
0.031
0
0
0.707
2.898
2.958
6.489
0.917
2.417
0
0
0.13
3.514
0.134
2.589
1.785
1.169
0
0.096
0.117
1.057
0.072
1.284
0.124
0
2.28
11.762
2.111
1.775
2.486
37.553
0
0
0.882
5.256
81.302
0.014
6.104
1.61
5.864
0.821
0.014
0.484
0.014
1.239
2.221
0.577
0.24
0.391
0.069
2.86
0.779
1.72
15.546
4.316
19.36
11.184
0.022
0.01
0.216
0.124
3.913
2.664
6.911
0.549
0.8
5.093
0.185
3.064
9.186
3.373
1.954
3.014
96.793
16.207
0.46
5.673
0
0.585
4.601
2.568
0.062
1.778
21.77
3.583
0.336
1.131
0
2.807
0.877
0.235
1.643
1.923
0.014
0.948
5.842
2.618
1.76
8.957
6.19
0.5
8.494
0.203
0.912
6.787
12.373
2.376
7.661
0.754
0.748
0.936
8.408
0.462
4.746
5.38
7.659
1.334
11.913
5.613
1.669
2.458
5.37
1.624
5.541
5.795
5.658
2.704
2.235
1.572
4.892
16.746
9.009
2.997
0.7
0.378
14.035
6.686
1.166
6.097
4.374
0
0
4.523
4.666
12.318
6.75
1.037
5.84
11.788
7.979
3.123
7.026
3.952
4.822
9.017
2.475
16.265
20.139
5.806
7.211
9.872
10.574
2.396
10.773
7.376
15.048
32.389
5.007
1.855
1.092
10.634
1.655
4.803
2.789
2.221
6.558
6.884
8.662
8.193
6.094
13.826
8.011
10.08
5.632
1.784
9.991
9.431
8.829
7.073
2.187
18.048
17.13
13.851
4.177
3.755
7.96
0.316
20.036
16.479
3.644
1.523
0.288
12.576
38.176
0.328
2.922
7.697
7.086
0.85
0.795
5.227
2.509
7.375
2.838
1.863
0.429
0.318
3.946
4.858
5.634
1.833
2.022
0.794
0.074
1.49
0.803
0.156
0.204
0.021
0.306
0.076
0.062
1.039
0.423
0.103
0.105
4.836
4.056
1.83
1.691
0.158
0
0
0.003
1.916
0.13
0.803
7.313
0.117
0.031
0.003
0.168
0.072
1.988
0.24
0.539
0.429
2.012
4.57
0.635
0.065
0.041
0
1.257
0.172
0
0.014
0
0.021
0.034
0
0
0.01
0
0
0
0
0
0
0
0.539
0.045
0
0
0
0
0
0
0
0
0
0
0.021
0.045
0
0
0.082
0
0
0
0
0
0.021
0
0.01
0.021
0
0
0
0
0
0
0.321
0
0
0
0
0
0
0
0
0
0
0
0
0
0
0
0
0
0
0.017
0
1.425
0.093
0.199
7.491
0.467
0.8
3.926
0
0
0
0
0
6.379
0.391
0.323
0.024
0.227
0.048
1.449
0
0
0
0
1.202
5.613
42.095
0
0.031
0
0
0.601
0.807
4.494
1.842
0.282
2.391
2.079
0.021
0.064
0
0
0.417
9.694
1.435
0.014
0
0
0
2.604
2.717
0.383
0.074
0.431
3.375
0.922
0.041
0
0.154
0.024
0
0
2.211
1.696
0.663
0.233
0.021
0.096
0.007
0.041
0
0.439
0.652
0.776
0.072
0
2.338
2.777
1.5
0.192
0.007
0
0
0
0
2.757
17.554
0.47
0.251
0.106
1.425
12.325
30.542
0.041
0
0.278
0.439
0.144
0.364
4.185
1.2
0.168
0.889
0.038
2.929
0.36
1.504
0.13
0.862
0.542
0.067
3.986
8.085
16.313
14.382
3.787
0.398
0.027
-99
0.443
-99
0.041
0.024
0.027
0.027
12.301
15.056
0.103
1.689
2.256
0.642
0
5.019
1.09
4.384
1.864
0.055
0
0
4.683
0.13
0.072
0
0
0
0.038
0
0
0
0.639
1.669
11.082
6.733
3.066
9.956
5.155
0.378
2.108
1.552
15.244
3.516
11.388
5.198
5.004
4.492
5.716
1.881
1.332
0.175
3.155
2.963
0.124
3.955
11.263
3.001
0.903
0.354
1.088
0.706
0.034
1.38
12.064
0.69
1.607
5.229
2.008
8.841
8.241
6.283
0.24
0.007
1.71
2.297
4.631
0.594
0.225
0.027
14.347
9.235
7.478
6.01
1.96
9.225
4.702
0.855
2.105
9.874
11.852
1.322
7.248
0.755
1.772
3.105
0.501
0.295
9.817
6.156
0.829
0.244
1.207
1.828
7.639
21.999
9.259
0.821
8.031
7.364
2.769
5.248
1.487
1.459
2.024
3.205
15.874
0.696
1.916
18.465
12.397
2.036
1.052
6.689
1.449
6.681
1.121
1.878
0.113
1.236
22.292
2.07
0.343
0.065
0.154
2.214
0.618
4.425
1.037
0.81
0.233
0.148
0.137
11.615
0.076
0.014
0.312
0.096
1.267
1.336
0.694
0.027
1.778
16.449
2.335
3.667
1.941
3.82
0.781
2.695
0.007
0.124
1.387
2.874
0.482
0.034
0.003
0.003
0.003
0.027
0
0
0
0.003
0
0
0
0.007
0
0
0
0
0
0
0.412
0.102
0
0
0.218
0.069
0
0
0
0
0
0
0
0
0
0
0
0
0
0
0
0
0
0
0
-99
-99
-99
-99
-99
-99
-99
-99
0
0
0
0
0
0
0
0.038
0
0
0
0
0
0
0
0
0
0.463
0.069
0.01
0.003
0
0
0
0
0
0
0
0.003
0
0
0
0
0
0
0.093
0.007
0.031
0.218
0.11
0.017
0
0.572
0.194
1.86
0.881
0
0.364
0.034
0
0.192
0.137
0.015
0.69
0.731
0.103
0.12
0.13
0.064
0
0
0.021
0.659
0.086
0.076
1.631
0.767
5.219
18.994
3.486
0.275
0
0
4.14
4.122
0.003
0.003
0.133
0.077
4.231
0.388
1.857
0.158
0
0.431
0.74
0.235
0.024
0.184
0.017
9.845
9.754
28.935
0.695
16.298
0.01
0.264
0.373
0.046
0
0
0.033
5.004
0.917
1.556
0.939
1.835
0.731
0.137
0
0
0
0.01
0.651
0.046
26.695
54.576
8.14
0.184
0.652
0
0.206
0.371
0.542
0.179
0.196
0.024
0.388
0.027
0.134
9.781
9.548
2.118
0.124
0
2.28
1.61
0.403
5.579
1.198
3.316
0
5.5
8.418
0.309
0
1.713
0.302
1.208
3.128
6.911
4.496
1.521
5.926
12.645
6.667
0.532
0.014
3.049
12.092
0.185
5.946
1.054
1.507
0.972
11.333
0.062
1.428
1.849
11.584
4.391
4.268
0.462
11.189
19.384
0.058
3.931
10.712
4.607
0.755
1.555
0.103
0.314
1.796
0.036
0.187
0.064
0
0
0.031
0.57
0.031
0.154
21.902
35.862
6.882
1.327
10.921
10.59
2.691
0.299
3.025
7.199
0.79
6.369
15.038
0.273
0.357
5.788
0.599
4.108
11.3
4.477
6.109
35.93
0.343
5.637
1.31
11.991
12.15
12.856
8.142
17.609
8.969
22.852
6.985
1.844
0.485
42.387
15.695
1.257
0.041
4.709
4.288
12.19
6.05
14.612
10.598
11.228
1.897
1.917
2.484
7.824
9.112
1.659
2.014
8.58
15.201
11.094
4.896
0.105
10.669
7.082
4.013
2.43
3.753
18.515
7.274
3.777
1.614
8.311
3.758
4.432
42.054
67.444
1.406
3.402
1.411
5.507
7.211
7.593
3.047
0.378
0.41
3.777
6.386
0.575
5.931
64.886
10.607
0.409
5.467
9.821
8.93
3.783
6.506
0.072
0.003
3.656
1.613
2.367
2.696
0.714
0.161
3.07
1.694
0.913
0.676
0
0.851
0.076
1.845
2.416
0.356
1.414
3.296
5.95
0
5.009
0.282
0.079
0.774
0.292
0
0
0.048
0.065
0.003
0.045
0.058
0
0.436
0.076
0
0.055
0.051
0.003
0.027
0.093
0.01
0.076
0.021
0.003
0
0.103
0.491
0.127
0.494
0.172
1.36
0.565
0.058
0.007
0
0.069
0
0
0
0
0.048
0
0
0
0
0
0.01
0
0
0
0
0
0.879
0.144
0
0
0
0
0
0
0
0
0
0
0
0
0
0
0
0
0.017
0
0
0
0
0
0.518
0.141
0
0.369
0.937
0.172
0
0.197
2.451
0.492
0.817
0.089
0.342
0.077
0
0
0
0
0.07
6.3
5.806
0.078
0
0
0
0
0
0
0
0
0
0
0
0.23
0.039
0
0
0
0
0
2.539
0.158
4.69
1.353
0.158
12.459
3.083
3.67
2.942
0
2.65
1.239
0.021
0
0.021
0.007
0
0.225
34.494
37.398
0
9.395
0.882
0.11
0.73
7.519
19.374
15.089
0
0.082
1.802
1.008
0.963
1.696
3.866
0.302
6.003
0.604
0.027
0.175
0.599
1.48
0.515
0.094
0
0.031
0.003
0.175
0
2.174
0.724
15.47
6.672
14.771
1.945
1.206
0
4.927
2.129
3.445
4.266
26.534
11.597
0.525
0.01
0.295
0.021
0
0.191
0.216
0.003
0.759
0.062
0.192
4.202
4.686
7.158
1.174
0.879
4.822
5.924
0.618
0.086
0.326
8.858
0.051
0
0.364
0.209
31.922
1.229
2.692
8.046
5.74
1.049
8.094
8.466
8.19
0.014
11.34
6.082
4.707
0.257
0.577
0.846
0.994
2.386
3.584
8.351
16.541
1.672
3.445
4.364
7.606
0.505
0.189
1.269
2.065
0.048
4.376
4.889
3.696
3.064
3.799
10.204
0.611
0.11
2.118
0.175
16.013
13.62
2.982
6.338
9.047
6.221
6.012
2.008
5.328
2.537
4.573
3.983
0.608
1.064
1.602
2.788
2.599
6.849
1.607
0.783
11.755
8.586
7.416
4.003
1.315
1.432
0.072
0.385
3.248
3.516
2.081
0.457
0.133
12.107
5.356
0.216
1.765
1.279
2.431
2.111
6.226
6.003
0.11
0.268
2.939
4.189
0.846
5.249
11.486
0.724
0.237
5.186
0.664
0.072
7.515
0.517
2.441
0.906
1.782
3.91
1.669
9.912
1.524
0.364
8.64
3.111
2.314
9.462
4.425
6.504
12.006
13.28
1.294
2.537
0.168
7.45
3.516
50.146
6.06
3.725
0.223
7.395
0.687
6.077
0.858
2.002
5.713
19.849
2.645
3.291
0.421
1.907
4.189
26.465
1.953
1.385
2.123
0.445
1.095
2.864
0.541
1.409
3.953
0.635
1.838
0.416
0.944
0.007
0.343
0.003
0.11
0.62
0.275
0.094
0
3.993
1.947
0.045
1.317
0
0.216
0.132
0.101
0
0.003
0.045
0.007
0
0.094
0.027
0.148
0.129
0.093
0.165
0.021
0
0.051
2.278
0.223
0
1.341
0.185
0.167
0.021
0.742
0.057
0.003
0
0.003
0
0
0
0.117
2.213
0.158
0.735
0.122
0
0
0
0
0
0
0
0
0
0
0
0
0
0
0
0
0
0
0.048
0
0
0
0
0
0
0
0
0
0
0
0
0
0
0
0
0
0
0
0
0
0
0
0
0
0
0
0
0
0
0
0
0
0
0
0
0
0
0
0
0
0
0
0.199
0.045
0
0
0
0
0
0
0
0
0
0
0
0
0
0
0.299
0.007
0
0
0
3.828
7.265
0
3.65
2.541
0.687
3.993
3.773
1.289
2.359
0.124
0.257
0.137
44.951
0.264
47.324
61.626
0.223
0.79
0
0
0
0.45
2.87
0.439
3.282
1.897
0
0
0
0
0.117
0.021
0.086
0.027
0.295
1.095
0.402
0.093
0.024
0
2.977
2.242
0.292
14.852
5.026
9.864
0.975
0
0.062
0.103
8.549
0.113
0.079
0.01
0
0
0.103
2.911
3.378
0.017
0.64
0.13
3.292
0.251
4.231
1.049
0.663
0.972
0.742
0.22
0.076
0.003
0
0
0
0
0.542
6.032
0.192
0.373
0.06
0.082
0
0
1.49
6.727
0
1.233
0
5.381
0.01
0
2.098
0.007
0.18
3.176
0
0
0.429
71.796
43.566
0.074
0.526
8.862
0.607
0.175
7.129
5.708
1.157
1.246
5.237
0.412
5.064
3.964
9.678
11.33
3.749
6.681
0.314
0.003
19.2
2.496
7.829
0.872
0.041
1.976
5.533
1.078
1.133
17.856
7.462
2.644
8.398
0.604
13.172
9.536
5.565
4.724
0.723
1.538
1.452
6.255
0.371
1.857
6.683
0.941
2.099
5.969
0.896
5.586
4.451
2.843
2.468
0.007
0
0.206
0.034
0
6.781
0.192
8.768
18.986
11.529
9.804
0.834
4.449
3.986
1.291
1.991
22.694
79.922
26.182
77.766
6.303
10.959
11.409
1.778
0.978
10.543
0.338
9.117
3.656
1.423
0.172
1.864
0.058
0.079
3.734
13.136
2.042
11.879
40.323
0.283
3.178
5.394
1.198
6.092
12.974
8.394
2.257
0.742
4.63
0.411
0.58
1.116
0.282
0.553
6.391
8.854
6.159
2.53
10.131
17.338
5.411
13.863
6.566
7.502
9.884
0.196
1.572
0.172
1.672
2.338
13.62
1.614
0.179
1.775
1.143
0.089
1.366
0.573
2.259
1.813
0.268
0.021
1.284
1.603
0.23
0.738
1.109
1.275
0.285
0.088
0
0
1.456
0.208
0.065
0.173
1.202
0.191
0.01
0
0.003
0.106
0.031
0.01
0.366
0.026
0.034
0.738
0.062
0.752
0.051
0.017
0.007
0
0.108
0
0.042
2.105
0.268
0
0
0
0.014
0
0
0
0.034
0
0
0
0
0.109
0.868
0.12
0.003
0
0
0
0
1.427
0.105
0
0
0
0
0.082
1.567
0.031
0.551
0.007
0.031
0
0
0
0.304
0.402
0.079
0.103
0
0.003
0.014
0
0
0.282
0.069
0
0
0.397
0.029
2.525
0
0
0
0
0
0
0
0
0
0
0
0.288
0.017
0
0
0
0
0
0
0
0
0
0
0
0
0.014
3.1
7.934
1.226
0.266
0.029
0
0.007
0.027
0
0
0
0
0
0
0
0
0
0
0
0
0
0
0
0
0
0
0
0
0.481
0.027
0
0
0
0
0
0
0
0
0
0
0.106
1.275
3.092
1.123
0.076
0
0
23.034
4.034
0.225
0.148
6.376
9.029
0.508
0.048
0.192
0.014
0
0.312
10.883
9.812
0.364
0.611
0.704
2.589
3.801
0.227
0.412
0.405
0.264
1.414
2.326
4.024
0
1.679
0.24
0.268
0.027
0.182
2.163
0.031
0
0
0
2.335
3.941
0.007
4.041
0.865
0.014
0.045
0
0
0.22
0.021
1.37
0.117
0.556
0.278
2.187
9.259
0
0.704
0.216
3.613
0.469
0.309
1.542
0.161
0
0.051
0.566
0.163
0
0
0.141
0.124
0.003
3.842
4.372
0.869
0.099
0.017
0
0
0.496
75.636
0.4
3.736
4.779
0.718
0.69
0.354
7.404
1.845
13.727
1.495
1.505
19.485
9.156
0.457
4.123
0.045
0.076
1.451
1.876
8.208
0
4.245
7.197
0.855
2.194
8.609
6.359
5.251
0.017
1.051
6.217
4.824
8.727
8.853
0.81
0.336
0.218
8.171
3.207
5.164
4.573
11.996
1.772
0.505
4.068
4.091
4.631
0.124
0.865
2.911
1.511
1.322
0.034
1.789
3.581
0.154
0.505
0.206
0
0.742
0.007
2.657
6.956
1.511
8.748
8.988
6.949
15.867
3.296
1.54
6.607
15.401
10.305
0.62
2.032
8.856
0.213
1.825
6.85
0.266
3.861
14.178
2.643
3.892
7.823
0.062
12.576
16.124
0.247
0.448
0.663
1.727
0.795
60.682
0.578
1.413
3.001
0.364
0
4.872
3.062
0.618
2.276
4.528
4.872
0.017
0.731
2.657
6.652
3.083
0.357
3.306
8.418
0.038
0.148
8.926
0
0.079
0.275
0.034
0.113
1.928
0.115
0.034
0
0.347
0.391
5.895
1.435
0.639
3.013
0.324
0
0
0.771
0.094
1.463
1.401
0.141
0.332
0.022
0.003
4.664
0.639
0.014
0.024
0
4.395
0.75
0.072
0.041
0
0
0.003
0
0
0
0
0.264
0.062
0
0
0.014
0.014
0
0
0
0
0
1.044
0.069
0.051
0.117
0.978
5.287
0.845
0.041
0
0.326
1.26
0.275
1.162
0.124
0
0
0.031
0
0
0
0
0
0
0
0
0
0
0
0
0
0
0
0
0
0
0
0
0
0.257
0.026
0.415
0.057
0
0.038
0.003
0
0
0
0.014
0
0
0
0
0.027
0
0
0
0
0
0
0
0
0
0.038
1.425
0.141
0
0.034
0.505
2.317
0.257
0.306
0.062
0.364
0.058
39.827
16.612
3.045
3.171
4.353
0.072
0.062
0.003
0
0.024
0.017
1.361
0.125
0
0
4.578
2.051
0.209
0
1.011
0.072
0.07
0
0
0
0.014
0.633
0.136
0.709
0.076
0
0
0
0.024
0
0.987
5.51
10.42
0.261
39.019
3.203
0.24
0
0.014
29.121
41.329
0.031
0.742
6.949
6.194
0.027
0
0.924
0.076
0
0.24
0
0
0.045
0.113
0.264
0.045
0.098
0.24
2.142
1.617
0
0.254
4.446
1.593
1.751
0.141
0.014
0
1.057
2.036
0
14.68
5.972
3.186
5.321
6.956
10.43
9.929
17.939
21.657
3.413
16.047
10.221
12.439
1.603
1.445
3.492
9.393
1.499
0
5.651
12.109
0.206
0.247
1.202
0.711
0
0.409
0.01
0.007
0.055
0.446
3.042
6.351
1.36
0.096
3.797
0.484
0.295
0.172
1.178
0.23
2.125
1.61
0.326
0.048
1.957
0.786
3.135
1.487
6.218
0.594
9.556
6.827
3.232
6.54
1.734
9.749
0.093
9.579
0.718
0.702
12.427
3.234
13.53
6.111
1.052
3.964
1.573
15.055
8.197
15.862
3.161
5.031
0.354
4.211
5.556
0.144
0.027
2.003
3.059
5.117
7.136
12.078
0.585
1.703
2.063
1.864
0.591
0.578
0.003
0.129
5.61
2.101
3.194
13.867
6.557
5.808
9.187
2.132
6.53
1.641
0.658
0.525
0.738
2.601
4.947
6.482
0.688
0.127
3.816
4.92
0.455
0.206
7.189
19.003
18.206
6.101
12.815
1.624
0.048
0
1.596
11.129
6.858
0.506
2.544
3.51
2.134
0.35
10.767
7.776
2.932
0.048
3.104
75.219
5.119
2.764
1.023
0.9
0.079
0.477
0.041
0.659
4.683
5.03
0.669
7.405
3.485
8.435
0.608
0
1.051
1.686
0.484
0.268
0.134
0.141
0.017
15.271
0.124
0.021
0.36
5.356
12.569
2.915
2.317
1.627
1.579
0.694
1.25
0.724
9.872
0.81
0.542
1.044
0.082
1.171
2.946
0.858
1.658
0.608
1.826
4.154
0.577
0.014
0.051
0.034
0
0
0
0
0
0.034
0.065
0.003
0
0
0.007
0.007
0.027
0.027
0
0.038
0
0
0.034
0.034
0
0
0.918
0.1
0
0
0.003
0.003
0.031
0.031
0.034
0
0
0
0
0
0
0.01
0
0
0.417
0.1
0.007
0.017
0
0
0.027
0.504
0.051
0
0
0
0
0
0
0
0
0
0
0
0
0
0
0
0
0
0.007
0
0
0
0
0
0
0
0
0
0
0
0
0
0
0
0.003
0
0
0
0
0
0
0
0
0
0
0
0
0
0
0
0
0
0
0
0
0
0
0
0
0
0
0
0
0
0.003
1.054
0.172
0.072
0.007
0.014
2.85
0.252
0.436
0.003
0
0
21.557
11.898
1.128
0.021
0
0
0
0.239
0.039
5.816
0
0
0
0
0
0
0.807
0.316
0.776
30.559
14.2
0.419
0.714
0.072
7.814
0.021
0.342
0.003
0.254
0.161
0.01
2.915
0.821
1.023
1.682
0.656
0.045
0.014
0
0.942
0.525
2.156
40.086
0.36
0.204
0.11
0.216
81.606
27.227
0.127
0
3.79
0.046
3.552
0.041
34.981
8.2
0.434
2.216
11.948
1.892
2.177
6.774
0.605
7.723
9.721
0.014
0.089
1.203
0.106
0.659
0.024
2.187
2.333
0.055
0.154
8.104
79.891
0.495
0.058
0
1.353
3.66
0.54
5.855
0.003
0.582
1.945
2.143
13.498
5.004
0
0.038
0.103
0.007
0.017
0
0.003
0.533
5.66
0.821
7.958
1.047
0
0
0
0
4.59
1.171
3.792
6.684
4.738
2.951
0.69
1.291
0.391
4.542
2.664
5.486
4.415
4.357
1.511
0.924
1.373
1.559
3.641
0.343
0.398
0.062
4.449
0.233
7.349
2.206
0.076
1.033
0.278
2.916
0.112
2.053
6.652
1.954
1.892
4.731
0.089
0
0.159
0.445
0.47
0
0.438
0.064
0.031
0.738
4.165
1.272
0.616
0.137
0.007
0.055
0.069
0
5.885
1.078
0.021
0
0
0.045
0.065
0.154
0.11
0.918
5.683
46.177
0.4
0.093
1.38
9.412
0.022
0.245
7.173
5.382
0.084
0.007
7.123
2.777
9.546
12.557
2.429
8.217
0.966
1.859
2.635
0.438
0.913
3.677
31.49
25.108
8.482
2.112
0.125
3.665
1.674
0.513
0.081
1.324
42.036
18.034
15.754
3.415
1.353
0.827
2.316
4.571
1.219
2.134
0.12
1.897
0.461
0.398
0.827
0.072
0.237
0.134
0.007
0
0
1.505
5.301
0.467
0
0.031
0
0.113
3.169
0.082
4.367
2.637
1.003
1.524
0.282
0.003
0
0.089
0.082
0.01
0
0
0.024
0
0.017
0.12
0.144
0.12
0
0
0
0
0
0
0
0
0
0
0
0.003
0.003
0
0
0
0
0
0
0
0
0.069
0
0
0.058
0.017
0.014
0
0.007
0
0
0
0
0
0.007
0
0
0
0
0
0.041
0
0
0
0
0
0
0
0
0
0
0
0
0.007
0.034
0
0
0
0
0
0
0
0
0
0
0
0
0
0
0.017
0
0
0
0
0
0
0
0
0
0
0.889
0.156
0.003
0
0.17
0.033
0
0.051
0.01
0
0
0.748
0.182
0
7.721
5.273
1.541
0.101
0.4
3.074
0.839
0.381
5.569
2.906
4.875
0.328
0.4
2.82
3.381
0
0
0.055
0.007
0
0
0.062
0
0
0
0
0
0
0.01
0.034
0.16
0
0.094
0.247
0.017
0.733
0.046
0.024
0
0
0
0
0.522
0.697
0.197
0
0.755
3.61
0.36
1.881
6.99
0.003
0.076
0.12
8.386
0.003
0.058
0.091
2.383
0.184
0.003
0
0.192
0.834
0.941
0.069
0.014
2.276
0.288
0.467
6.77
4.601
0.027
4.195
0.645
42.428
4.432
0.357
2.414
0.048
3.907
1.294
0.045
0.336
0.141
0
0.426
0
0.014
15.707
0.144
0
8.549
0.014
0
0.058
0
9.546
3.646
5.134
1.08
0.154
18.572
0.07
0.912
0.233
2.096
0.501
0.29
0
0.566
4.029
0.46
0.129
13.101
0.371
1.67
0.427
0.534
0.014
0.85
3.543
11.088
11.656
14.495
3.488
1.666
2.549
2.125
0.151
0.017
1.245
2.268
0.22
1.202
0.462
2.143
0.836
16.531
15.032
7.552
0.721
1.502
2.965
0.302
8.722
7.666
17.587
4.177
2.334
3.462
0.592
10.183
4.233
16.586
4.59
0.165
3.212
0.851
3.821
0.201
0.014
0.112
3.543
0.445
0.051
3.819
0.079
1.188
8.897
0.089
5.27
1.226
3.806
7.153
5.409
1.135
4.207
2.815
20.841
5.538
10.439
4.987
10.674
7.352
5.174
3.547
13.438
11.405
5.014
11.987
8.041
8.24
0.917
1.847
0.893
0.041
0
0.501
0.374
48.422
1.837
2.474
10.715
12.116
10.19
3.897
0.23
3.519
6.07
1.27
0.058
1.13
5.304
6.834
1.796
0.13
0.563
73.154
2.539
2.194
0.027
16.074
15.305
0.268
0.048
1.377
2.623
0.875
0.117
0.103
0.247
2.42
0.233
0.419
0.093
0.031
1.574
0.441
0
1.439
0.663
2.544
0.244
0.144
0.007
1.49
1.857
0.137
0
0
0
0.007
0.003
0.415
0.034
0.014
1.548
0.33
3.823
0.659
0.038
0.074
0.055
0.065
0.127
0.017
0
0.978
0.089
0.278
0.161
0.381
0.003
0.048
0.385
0.003
7.759
3.234
0
0.627
0.067
0.034
0
0
0.098
0.106
0.027
0
0.003
0.007
0
0
0
0
0
0
0
0.05
0.007
0
0.088
0
0
0
0
0
0
0
0
0
0
0.021
0.536
0.041
0
0
0
0
0
1.102
0.47
0.017
0
0
0
0.117
0.027
0
0
0
0
0
0
0
0
0
0
0.374
0
0
0
0
0
0
0
0
0
0.645
0.065
0
0
0
0
0
0
0
0.096
0
0
0
0
0
0
0
0
0.23
0.034
0.536
1.517
0.23
0.024
0
0.199
1.627
0.175
0.185
0
0
1.883
0.965
0.065
0
0
0
0.285
2.094
0.206
0.058
0.038
0
0
0
0
0
0
0
0.441
6.624
1.257
6.226
0.201
0.364
0.142
0.512
0
0
0
0
0
0
1.624
1.406
0.113
0
0
0
0.197
0.088
1.263
0.536
0.014
0.472
0.769
0.021
0
0.014
0.409
9.011
4.127
1.48
0
3.212
0.103
0
0.014
0.076
0
0.05
0.522
0.261
3.004
0
0.06
9.057
0.439
0.213
1.823
5.886
1.466
0.122
0.903
0.076
11.261
0
1.119
0.321
6.951
6.729
0.076
2.266
0.158
1.356
2.105
0
0.014
3.787
2.3
7.611
3.09
0.007
1.322
0.999
2.287
3.613
5.26
1.131
1.445
1.48
10.55
1.761
3.907
2.901
1.373
10.543
0.014
0.093
0
0.106
1.533
0.81
0.089
1.368
5.146
0.359
1.231
1.62
1.394
1.006
9.944
6.539
12.047
0.01
2.341
0.745
0.149
0.041
5.809
2.095
13.419
0.182
1.135
0.948
4.946
0.76
0
0.329
2.044
1.732
0.021
0
0.484
0.084
0
0
0.076
0
0.611
7.165
1.008
0.055
0.01
1.828
3.097
0.57
1.251
17.049
8.01
6.698
0.517
0.01
4.582
7.421
0.984
2.63
25.413
23.919
4.094
16.241
16.495
7.881
66.996
70.586
4.245
0
0.295
0.578
2.688
0.007
0.724
2.802
0.369
0.194
0.048
1.495
3.157
1.748
4.824
9.416
17.93
13.999
13.075
2.086
26.192
0.089
0.783
1.306
0.7
5.107
2.197
1.833
3.795
6.599
2.069
0.072
1.163
1.892
16.591
9.295
1.867
4.554
1.941
0.197
0.027
11.196
3.756
20.561
15.121
21.696
6.586
2.846
0.134
0
0.505
3.995
2.692
2.276
0.821
0.124
0.172
4.202
0.127
0
0
0.211
0.766
0.209
0.079
0.259
0.06
0
0
0
0
0.027
0.007
0
0.058
0
0
0.2
0.17
0.062
0.312
0.084
0.017
0.01
0
0
0
0
0
0
0.076
0.007
0
0.01
0
0
0
0
0
0
0
0
0
0
0
0
0
0
0
0
0
0
0
0
0.045
0
0.18
0
0
0.007
0.014
0
0
0.021
0
0
0
0
0
0
0
0
0
0
0
0
0.034
0
0
0
0
0
0.007
0
0
0
0
0
0
0
0
0
0
0
0
0
0
0
0
0
0
1.559
0.233
0.014
0
0
0
0
0
0
0
0
0
0.031
0
0
0
0.807
0.316
0
0
24.012
2.733
0.151
0.024
0.211
0.339
0.017
0.673
0.347
0.319
0.166
0.575
0.143
0.323
2.709
0
0
4.395
0.412
2.204
0.192
0
0
0
0
0
0.518
0.333
2.335
0.491
2.462
3.303
1.037
0.076
0.124
0.216
2.328
0.92
0.048
5.4
0.659
0.017
1.222
2.688
8.374
1.974
1.772
0.158
0.003
0.23
0.117
13.766
0.031
0
0
0.244
0.391
0.978
2.911
0.051
0.831
3.581
0
0.055
0.124
0.007
0.676
1.246
6.856
8.332
3.419
0.062
0
0
0.034
0.577
0.055
0
0.021
0.034
0.055
8.274
0.165
0.371
13.675
0
4.261
0
0.206
3.236
0.24
0.146
0.821
1.653
8.72
2.205
1.93
6.379
0.776
0.024
2.697
6.224
0.007
0.017
0.014
38.799
0.093
8.37
6.597
2.863
0.158
3.931
7.974
29.079
1.269
4.782
0.112
9.005
19.097
9.414
14.385
2.256
21.444
4.37
2.623
0.688
4.226
7.79
0.148
1.018
0.295
1.801
13.245
1.439
0.13
9.012
0.388
1.26
4.139
5.373
6.005
3.914
5.158
7.596
7
2.659
0.185
7.915
13.575
6.108
4.613
0.757
9.814
12.124
12.864
0.956
18.428
3.954
1.536
0.318
7.294
0.106
4.007
3.244
6.008
0.839
4.271
0.41
0.745
13.58
5.794
0.234
9.589
9.771
11.242
7.455
9.589
1.304
5.474
12.459
6.35
0.941
78.686
1.006
3.241
9.438
29.047
1.456
0.855
2.232
3.083
1.96
4.456
2.877
1.73
6.763
5.394
0.127
0
8.93
11.718
0.165
4.511
0.385
5.057
3.296
11.972
13.544
2.043
2.386
10.866
2.608
6.727
0.348
0.328
2.101
1.075
3.73
15.71
0.958
8.78
3.876
5.457
3.996
0.405
0.118
0.055
0.477
0.457
0.532
1.054
1.452
2.232
0.072
0.455
0.251
1.099
0.35
0.05
0.137
3.634
0.129
0
0.233
1.296
2.307
6.111
0.661
2.872
1.414
0.343
0.029
0
1.033
0.27
0.007
0.755
0.129
0.003
0
0.081
0
0.048
0
0
0.003
0.007
0.003
0
0
0
0.034
0.01
0.072
0.043
0
4.139
4.973
0.529
0.01
0.021
0
0
0
0
0
0
0
0
0
0
0
0.003
0.154
2.177
0.151
0
0
0
0
0
0.024
0
0
0
0
0
0
0
0
0
0
0
0
0
0
0
0
0
0
0
0.01
0
0
0
0
0
0.076
0
0
0.007
0
0
0
0.839
0.592
0.68
0.809
0.055
0
0
0
0
0
2.417
2.947
0.662
1.337
0.505
1.785
0.18
0
0.13
0
0
0
0
0
1.59
0.179
0.115
14.619
4.032
0.752
0.069
0
0
1.406
0.378
0.848
1.619
0.563
0.106
0.321
0.173
2.608
20.932
1.699
0
0
0.064
0.007
0.017
14.39
3.91
3.619
2.747
56.38
0
0.003
1.219
0.857
20.018
10.21
62.071
18.867
0
0.331
0.031
0.046
0.003
0
1.212
2.135
25.023
30.018
0
0
0.287
1.342
40.981
0.072
0.288
0.089
0.017
2.781
40.948
0.065
0.01
0
3.102
0.627
0.506
0.172
0.074
0.062
0.566
6.719
2.74
1.504
0
0.331
8.444
0.463
4.99
0.76
6.896
0
0.01
0
0.057
0
0.021
0.41
0.027
1.148
0
0.584
0.242
0.096
8.554
8.767
5.77
13.462
0.151
7.005
0.034
0.836
1.971
8.998
6.005
8.528
9.824
2.903
16.898
5.821
15.64
0.771
2.358
16.952
7.03
0.094
0
1.614
0.003
1.03
4.326
5.97
3.842
0.201
3.746
7.035
0.941
3.013
0.891
10.059
14.476
1.48
17.863
0.014
2.465
7.618
0.385
1.579
2.575
2.99
2.345
4.982
5.617
2.019
11.371
5.854
0.13
0.058
0.062
0.161
0.154
2.184
1.25
2.005
0.034
0.371
0
0
1.473
1.48
8.684
0.062
12.121
10.686
4.722
0.148
2.693
6.981
1.435
8.272
1.439
1.614
16.373
5.062
5.993
4.621
1.794
1.432
2.019
6.147
0.924
0.608
5.16
7.547
9.218
0.263
0.211
10.277
0.984
11.158
5.909
0.831
2.82
5.313
0.127
3.087
7.318
0.043
6.355
8.721
8.074
12.348
9.438
0.579
0.138
0.199
2.692
0.148
1.523
3.382
0.215
0.76
2.461
0.216
0.36
4.352
19.789
0.173
2.676
1.065
0
0.017
2.685
6.044
0.014
0.108
1.054
2.745
0.204
0.64
0.506
0
4.734
13.685
1.983
2.944
0.158
1.301
0.137
0.118
0.335
0.053
0.072
0
0.025
0.311
0.024
1.524
0.311
0
0
0.007
0
0
0.045
0
0
0
0
0
0
0.034
0.048
0.079
0.014
0.117
0.1
0.031
0
0.01
0.034
0.007
0.027
0.055
0.014
0
0
0
0.436
1.33
0.108
0.038
2.917
0
0
1.164
0.169
0
0
1.128
0.101
0
0.151
0
0
0
0
0.021
0
0
0
0
0
0
0.064
0.036
0
0
0
0
0
0.003
0.181
0
0.017
0.034
0.017
0
0
0
0
0.014
0
0
0.031
0.003
0
0
0
0
0
0
0
0
0
0
0
0
0
0.027
0.021
0
0.079
0.017
0.048
0
0
0
0
0
0.048
0
0
0
0
0.014
0
0.017
0
0
0
0
0
0
0
0.017
0
0
0
0.797
0.13
0
16.095
58.971
0
0
0
0
0
0
0
0
0
0.06
0.01
0
0
0
0
0
2.553
0.197
0
0.146
29.737
31.932
3.811
15.419
0.007
0
0.062
3.028
0.795
37.69
37.527
0.027
0.021
0
0
0
0
0
0
11.865
15.535
0
3.768
0.312
12.167
0.932
0.01
0
0
0
0.003
3.227
3.862
0.168
0.01
4.463
2.546
1.797
1.071
0.719
14.696
0.462
3.076
15.007
1.003
12.645
1.279
0.024
0.021
0
0.048
3.766
0.669
0.144
0
1.356
7.862
0.618
3.722
0.058
0.167
2.458
2.29
0.601
0.003
0.299
7.179
8.526
3.578
9.05
2.063
3.732
4.086
8.132
1.313
1.241
5.898
3.037
1.32
69.423
31.208
7.958
0.369
8.24
17.595
29.888
8.173
5.337
2.254
3.565
2.626
0.206
7.989
5.996
3.335
6.173
0.572
11.927
5.794
0.288
5.938
1.2
0.47
5.301
2.571
0.027
0.003
5.576
4.116
4.752
3.413
2.022
0.597
1.634
3.052
3.498
0.007
1.899
0.237
0.367
3.516
1.318
2.82
4.532
2.235
4.535
3.152
0.134
2.53
3.021
11.845
0.223
0.681
0.457
5.311
0.731
0.163
0.161
0.103
0.338
4.956
0.872
0.59
7.915
0.209
10.916
4.463
1.938
0.069
4.22
0.136
16.945
11.39
3.914
0.391
3.412
5.146
0.182
7.601
102.94
1.206
5.055
0.755
0.865
0.422
8.202
9.814
19.933
9.932
7.838
1.789
3.704
9.85
4.46
1.363
8.176
2.637
0.625
12.406
22.203
2.453
1.202
0.12
1.171
6.602
0.124
1.147
1.305
0.261
0.312
35.208
0.024
0.225
0
1.552
12.001
0.601
0.726
0.079
0.235
0.3
3.754
1.023
3.512
1.787
0.17
0.034
0.034
0.07
0.342
0.017
0
0.041
0.302
0.266
0.074
2.586
0.069
0.007
0.489
0.043
0.021
0.28
0.021
0.285
0.287
0.239
0.034
1.257
4.506
0.661
0.125
0.031
0
0.803
0.072
0
0
0
0
0.314
2.477
0.402
0.383
0.206
0.027
0
0.257
2.563
0.845
0.041
0
0
0
0
0
0
0.014
0.003
0
0
0
0.288
0.139
0.01
3.057
0
0.067
0.003
0
0
0
0
0
0
0
0
0
0
0
0
0
0
0
0
0
0
0
0
0.1
0
0
0
0
0
0
0
0
0
0
0
0
0
0
0
0
0
0
0
0
0
0
0.007
0.563
0.003
0
0.067
0.003
0
0
0
0
0
0
0.357
3.807
1.634
0
0
0
0
0
0
0
0
0
0
0
0
0
0.007
0
0
0
0
0
0
0.021
0
0
0
0
0
0
0
0.544
1.301
7.962
1.027
0
0
0
0
0
0
0
0
0
0
0
0
0
0.208
0.014
0.027
0
0.086
0.024
0.209
0.021
0.024
0.065
0.003
0.007
0.038
0.488
1.339
0.357
0.003
0
0.227
1.517
0.694
0.041
0.007
0.518
0.237
0.481
0.285
0.014
7.728
0.577
2.434
9.211
1.706
3.172
5.256
14.371
6.218
3.68
0.484
3.869
2.081
1.071
0.13
0.007
0.007
0.168
0.055
0.924
0.034
0.154
0.525
0.055
1.888
0
0.017
0.034
0.007
0.141
0.529
0.385
0.172
0.728
0.247
5.95
6.454
16.176
10.27
2.211
22.539
1.849
0.168
5.435
0.794
0
0
0.316
4.063
25.983
2.257
0.35
0.014
0.388
1.133
2.602
2.793
0.273
0
0.621
0.355
8.418
0.3
5.873
3.498
0.834
0.089
1.593
0
0.065
4.879
0.151
6.077
0.079
1.257
6.31
7.708
4.346
26.422
0.024
0.027
4.522
2.932
1.36
0.336
5.074
6.132
6.664
15.656
9.029
1.088
3.746
8.92
10.355
2.856
0.134
9.98
3.401
13.218
2.777
1.978
1.255
0.101
0.961
5.316
3.044
8.422
8.262
8.059
4.403
4.716
0.74
0.575
2.813
5.418
0.316
0.599
1.039
0.263
10.001
4.607
0.017
0
0.046
0.752
4.961
1.885
0.36
2.74
0.445
0.014
0
0.13
0.045
0.007
0
0
0.347
7.057
10.367
5.091
0.522
4.841
13.591
0.539
4.103
9.567
1.356
3.076
9.883
8.511
0.554
32.084
1.605
5.383
0.057
0.11
0.045
2.115
0.922
7.048
0.117
0.129
0.33
2.853
0.076
0.058
2.946
9.014
3.056
0.13
0.034
1.147
0.884
51.797
12.13
2.4
0.47
0.038
14.602
7.016
0.417
0.805
0.076
0.082
0.031
0.278
0.101
0.031
0.065
0.144
0.074
0.027
0.216
0.031
0.069
0.031
0
0
0.01
0
0
0.027
0.089
0.038
0.017
0.01
0
0
0
0.027
0
0.082
0.311
0.158
0.017
0.017
0
0
0
0
0
0.003
0.027
0.034
1.095
0.115
0
0
0
0
0.154
0
0
0
0
0
0
0
0
0
0
0
0
0
0
0
0.13
0.017
0
0
0.027
0.007
0.034
0
0
0
0
0
0
0.014
0.161
0.031
5.819
0.759
0.003
0.038
0
0
0
0
0
0
0
0
0
0
0
0
0
0
0.034
2.307
0.192
0
0
0
0
0
0
0
0
0
0
7.237
1.102
0.591
0.639
0.014
0
0.01
0
0
0
0
0
0
1.826
0.124
0.117
0.101
2.644
0.237
0
1.269
0.141
0.058
0.076
0.151
0.027
0
0
0
0.108
0.055
47.49
16.715
1.344
0
0
0.031
0.057
0.182
0.386
0.021
0
0
0
0
0.683
11.467
0
0
0
0
0
0
0
0
0
0
0.161
0.275
0.443
0
0
1.442
0.165
2.177
0.769
0.227
0.021
0
0
5.744
5.692
6.65
0
0.276
0.039
0.024
0.007
0.254
0.024
0.486
0.072
0
0.038
2.341
0.065
3.277
0
6.736
1.368
2.809
0.237
2.733
0.371
4.64
0.098
0
0
0
134.25
18.486
0
2.559
1.954
1.471
0.695
0
0.032
6.393
12.112
0.182
0
1.533
0.08
3.191
0.233
3.734
0.27
0
0.874
2.245
3.409
4.836
1.826
3.83
3.401
0.088
0.096
0.007
3.835
0.278
2.261
5.946
80.664
0.034
0.446
5.816
92.017
0.058
0.335
0.079
2.97
12.483
7.083
4.199
3.186
13.781
3.722
12.325
0
0.501
33.036
9.968
1.487
2.142
1.262
0.783
4.223
2.202
0.463
4.779
0.69
0
0.627
0.256
4.707
1.79
2.692
0.494
0.034
0.007
0.003
0
1.267
0.306
0.027
0.069
3.715
1.401
6.99
0.003
0
0
10.578
3.171
7.327
5.164
15.333
7.241
10.358
12.703
171.462
10.715
4.855
2.264
2.142
1.72
7.654
3.946
5.121
9.21
2.914
5.182
4.079
19.782
0.869
5.629
8.575
5.076
3.264
2.934
8.085
0.345
9.431
7.953
0.633
0.576
0.134
0.976
9.907
5.385
3.557
2.768
1.085
6.929
0.838
2.261
20.991
0.021
0.007
33.919
1.523
2.656
1.42
7.047
1.54
0.13
7.32
0.45
0.391
0.481
0.838
3.282
3.632
0.864
2.087
0.086
0.007
1.487
2.336
0.585
0.532
0.184
1.078
0.17
0.227
1.941
0.874
1.444
0.154
0.254
0.582
0.007
0.017
0.021
0.003
0.034
0.142
0.034
0.045
0
1.215
0.129
0.017
0
2.057
0.504
0.101
0.003
0.309
0.091
0.112
0.038
0
0.079
1.152
0.134
0
0.003
0
0
0.031
0.034
0
0
0
0.014
0
0.213
0
0
0
0
0
0
0
0
0
0.062
0
0
0.13
0.038
0.045
0.233
0.072
0.041
0
0
0
2.022
0.273
0
0.697
0.093
0
0
0
0
0
0
0
0
2.64
0.402
0
0
0.045
1.107
1.631
0.134
0
0.151
0.048
0.343
0.048
0
0
0
0.041
0.051
0
0
0
0
0
0
0
0
0
0
0
0
0
0
0
0
0
0
0
0
0
0
0
0
0
0
0
0.021
0
0
0
0
0
0
0
0
0.017
0
0
0
0
0
0
0
0
0.024
0.13
1.777
0.13
0
0.003
0
0
1.263
1.439
0.271
0.007
0
0.244
0.086
0.185
0.216
1.181
0.096
0.1
0.113
1.758
1.032
0.076
0.206
0.694
0.118
0.16
0.034
0.003
0.647
1.483
0.122
0.003
0
2.283
0.18
0.01
0.007
0.06
0.057
0.003
1.097
3.729
0.385
0
0.024
0
0.017
0
0.003
0.034
1.83
0.168
0
0.137
0.017
0.367
1.227
0.086
0.165
0.014
0.055
0.154
0.007
0
0
3.89
9.527
0.208
0.003
0
0
0
1.003
0.062
0.783
0.772
0.003
0
1.909
11.058
0.055
0
0
0
1.229
0
0.089
0.01
4.855
3.629
11.573
0.196
1.384
2.966
0.021
11.778
0.553
0.014
0
0
0
0.373
0.16
0.632
1.472
0.46
0.841
1.567
0
1.648
0.007
0
3.497
0.112
0.211
1.073
0.11
1.014
0.244
0.015
1.046
0.113
0.088
1.294
0.079
0
0.071
0
1.299
0.1
0.007
0.348
1.445
4.148
0.144
0
6.144
2.652
8.236
2.992
6.783
0.304
3.024
73.78
2.21
0
0.972
1.379
6.909
3.849
0.16
0.237
3.898
6.281
0
0
0.17
5.817
7.442
2.307
4.975
2.008
2.299
0
0.05
2.935
5.903
2.192
0.175
0.119
0.588
7.079
3.165
0.422
5
0.113
10.616
2.109
7.46
0.168
0.835
0.659
2.657
11.874
0.295
0.53
0
0.295
0.742
0.39
0.524
0
1.798
7.311
4.089
0
0
0.203
2.656
9.039
0.403
0.055
2.024
2.58
0.067
0.153
0
0
0.206
0.795
0.47
0.158
1.509
0.362
1.907
0.148
0.918
0.11
0.396
0.688
1.218
0.007
0.014
1.203
0.166
0.087
0.35
0.316
0.235
0.01
0.058
0
0.637
0.074
0.003
0.031
0
0.057
0.045
0.596
0
0
0
0.014
0
0.407
0.022
0.021
0
0
0
0
0
0
0
0.021
0.021
0
0
0
0
0.003
0.003
0
0
0
0
0.034
0
0.034
0.034
0
0.017
0
0
0
0
0.072
0
0
0
0.031
0
0
0
0
0
0
0
0
0
0
0.024
0
0
0
0
0
0
0.003
0
0
0
0
0
0.086
0.148
0
0.041
0
0
0
0
0.069
0.045
0.042
0
0
0
0
0.18
0.026
0
0
0.161
0.021
0.027
0
0.031
0
0
0
0
0
0
0
0
0
0
0
0
0
0.027
0.003
0
0
0
0
0.017
0
0.058
0.112
0
0
0
0
0.68
0.058
0
0.809
0.415
0.022
0
0
0.257
0.077
0.003
0
0.845
0.112
0
0
0
0.232
0.017
1.233
0.1
0.11
16.129
47.176
20.179
0
0.771
0.304
0
0
0
0
0
0.386
0.182
0
1.408
0.148
0
0.556
0.462
0
1.978
0.316
0
0.846
0.072
0
0
0.017
0
0.038
0.01
0.007
0.251
0.079
0.026
0
0
0
0.364
0
0.003
0.419
0.488
0.096
0.194
0.213
0.022
1.329
5.479
0
0
0.01
0.154
0.01
0
0
0
0.094
0.319
0.017
8.256
0.968
0.086
1.758
0
0.144
0
0
0.771
0.058
0.383
0.783
0.893
0.977
0.179
0
0.201
31.33
4.197
0.191
0.048
1.634
39.139
6.097
7.709
0.324
1.564
6.123
14.15
6.617
4.666
7.742
0.101
0.553
5.452
5.759
10.073
0.11
6.238
5.366
6.157
3.145
0.082
0.014
0.989
0.333
8.99
0.525
0.003
0
4.413
4.195
2.441
2.946
0.446
0.021
0.041
0.007
0.048
5.804
5.727
0.838
1.027
0.51
0.003
0
0.209
3.475
0.034
0.99
1.045
0.242
0.082
2.142
2.063
8.451
1.243
0.122
1.414
0.18
0.137
0.124
1.353
1.245
0.01
3.826
5.792
0.065
0.601
0.154
0.436
0.823
0.067
0.863
0.06
5.361
0.798
0.429
2.559
0.242
9.436
2.602
0.4
3.116
1.598
5.449
0.385
3.662
0.244
0.294
0.034
5.527
0.197
0.11
4.576
4.934
0.17
0.079
0.055
1.142
3.196
0.11
0
0.671
0.855
0.918
0.221
0.175
1.126
1.515
0.142
0.003
1.224
0.393
0.115
3.003
20.886
1.439
0.021
2.211
0.366
0.553
0.46
0.223
1.075
1.239
0.076
0.572
0.051
0.007
0.021
0.027
0.021
0.003
0.062
0.079
0.141
0
0.027
0.017
0.021
0.055
0
0.817
1.744
0.144
0.007
0
0.094
0.062
0.051
0.1
0.031
0.034
0.058
0.069
0
0.869
0.153
0.395
0.124
0.031
0
0.117
0.307
0.089
0.007
0
0.034
0.021
0.076
0.103
0.017
0
0
0.041
0.357
0
0.027
0.021
0
0
0
0
0
0.007
0
0
0
0
0
0
0
0.014
0
0
0
0
0
0.003
0
0.065
0
0
0.058
0
0
0
0
0
0
0
0
0
0
0
0
0
0
0
0.014
0.096
0.084
0
0
0
0
0
0
0
0
0
0.007
0
0.045
0
0.089
0
0.003
0
0
0
0
0
0
0
0
0
0
0
0
0.053
0.007
0
0
1.095
0.184
0
0
0
10.696
30.499
8.532
8.341
0.922
0
0
0
1.632
0
0
0
0
0
0
0
1.308
0.379
0.017
0
0.846
0.34
0.017
0
1.459
0.112
0
1.25
0.56
0.168
1.679
2.204
4.065
5.864
1.971
0.117
0
0.045
0.007
0.034
13.403
0.673
18.261
0.175
0.35
0.048
0
0.233
1.926
0.141
0.549
0.182
0.11
0.463
0.196
0.038
0.439
0.024
0.027
0
0.154
0
0
4.748
0.23
4.988
0.041
0
0
0.699
1.61
0.151
0.35
0.422
0.807
0.082
2.608
0.364
0.103
0.577
0.58
0.886
0.12
0.003
0.221
1.239
0.122
0
8.144
5.232
0.316
0.405
0
0
1.095
4.755
0.003
0
0
2.365
1.586
0.141
1.136
2.65
2.187
0.604
0.014
0.206
0.014
0.124
0.288
7.375
1.346
0.051
0.106
11.752
15.163
7.658
1.199
0.024
0.16
0.041
0
0
3.772
7.26
0.756
0.046
1.308
0
0.007
8.702
0.395
2.137
6.446
1.452
4.564
18.773
1.555
2.868
0.01
0.431
2.288
1.033
8.128
0.34
0.127
0.352
4.422
0.573
0.316
5.895
6.616
2.905
0.148
0
2.25
0.014
3.097
6.849
0.595
0.978
8.006
6.939
11.982
4.243
6.479
13.245
2.161
0
1.73
22.161
11.158
0.089
0.115
0.597
0.996
0.439
0.1
0.172
0.627
18.052
2.726
3.001
0.742
0.003
0.079
0.79
0
0.132
1.229
0.01
0
0.762
1.087
0.034
1.801
3.758
0.122
0.261
0.276
1.696
0.251
0
0.003
0.01
1.533
6.803
0.038
5.634
6.834
1.83
6.827
6.082
14.443
3.531
0.498
2.741
0.031
0.209
1.408
0.177
0.192
0.051
0
0.512
0.051
4.113
0.125
0.194
0.439
0.041
0.034
0
0.308
0.017
0.048
0
0.204
0.014
0
0.312
0.489
1.727
3.021
0
0
0.237
0.034
0.048
0
0.048
0.058
0.086
0
0.027
0.017
0
0.003
0
0
0
0
0.062
0.129
0
0.051
0
0
0
0
0
0
2.338
2.063
0.184
0
0
0.367
0.055
0.271
0.103
0.003
0
0.003
0.021
0
0
0.034
0
0.01
0
0
0
0
0
0
0
0
0
0
0
0
0
0
0.014
0
0.01
0
0
0
0.007
0.481
0.592
0
0
0
0.11
0
0
0
0.642
0.093
0.378
0
0
0
0
0
0
0
0
0
0
0
0
0
0
0
0
0
1.088
0.283
0.088
0.474
0.024
0.158
0.112
0
0
0
0
0
0.014
0
0
0.22
0.055
0
0
0
0
0
0
0
0
0
0
0
0
0
0
0
0.124
0
0
0
1.909
0.179
0
0.007
0
0
0
0
0
0
0.051
0.33
0.007
0.007
0.034
1.454
0.117
0.058
0.175
2.678
0.292
0.058
0.069
0.477
0.316
0
0.103
2.386
0.113
0.007
0.021
0.014
4.326
1.188
1.057
0.457
0.076
0.003
4.971
0.045
0.003
0.93
0.141
0
0
0
1.785
1.198
0.026
0.051
0.01
0.623
0.051
0
0.996
0
0
0
0
0.038
0.173
0.345
0.029
0
0
0
0
0
0.031
0.003
6.413
1.085
3.85
0.271
4.35
15.477
0.961
4.535
1.871
3.804
3.704
1.761
5.067
0.367
2.977
14.193
0.546
2.657
0
0.014
0.003
0
0.027
5.013
1.037
0.141
5.493
0.014
33.759
0.333
0
1.964
0.309
0.556
0
0.069
0
0.333
0.072
0.003
0.048
0
0.01
0.33
1.763
0
0.22
9.931
0.223
0.134
15.268
17.647
17.809
1.875
6.727
6.335
0.021
0.043
0.01
0.985
1.681
0.051
2.283
1.013
4.779
0.163
0
6.133
1.39
1.16
0.508
7.575
0.347
0
1.075
16.617
1.071
10.712
5.661
5.818
3.279
7.869
3.759
0.154
11.187
0.154
0.508
2.559
0.058
0
0
0.9
1.871
0.925
11.563
0.604
0
0.024
0.076
92.689
0.984
9.148
19.093
2.109
28.078
3.286
1.972
0.687
3.179
8.26
0.223
3.22
0.343
0
8.315
5.167
0.304
60.742
0.345
0.1
0.11
2.57
3.521
0.086
0.276
2.609
0.007
0.124
0.072
0
0
0.323
3.265
0.158
0.148
0.027
0.027
2.939
0.213
5.315
4.372
4.762
12.346
0.031
0.021
0.941
0
0.113
0.56
0.529
0.371
0.045
0.1
0
0.034
0.021
0.385
0.148
0.784
0.149
0.007
0.024
0.027
0.082
1.742
3.308
0.247
0
2.142
1.933
1.266
0.144
0.017
0.003
0
0.076
0
0.017
0.007
0
0.281
0.021
0
0.007
0
0
0
0.86
0.062
0
0.12
0.01
0
0
0.031
0
0
0
0
0.755
0.062
0
0
0
0.007
0.017
0.045
0.081
0.045
0
0
0
0.027
0.069
0
0
0
0
0
0
0
0
0
0
0.051
0.192
1.042
0
0
0
0
0
0
1.533
0
0
0
3.035
13.068
0.007
0.003
0
0
0
0
0
0
0
0
0
0.034
0.058
0
0
0
0
0
0
0
0
0
0
0.165
0.055
0
0
0
0
0
0
0.745
0.069
0
0.405
0.086
0.007
1.092
1.837
3.742
3.346
1.741
26.472
0
0
0
0
0
0
0
0
0
0
0.975
0.74
0
0
0.087
0.007
0
0
0
0.038
0
0
0
0
0.489
0.084
4.985
62.538
10.006
0
0.021
0.003
1.16
0.587
1.641
0.148
0.148
0.01
0.058
0
1.045
0.144
0.676
1.397
0.125
0.045
0.003
0
0.113
0.1
0
0
0
0.831
0
0.27
0
0
0
0
0.021
1.528
5.373
0.007
0
0
8.398
0.021
0.168
0.076
9.208
0
0.735
0.13
3.028
0.24
0
0.007
0.326
2.19
0.079
4.096
0.323
0
0
3.979
0.268
2.733
0.089
0
0.68
3.241
0.247
0.069
0.618
0.058
1.105
0
0
9.352
6.654
6.832
0.906
0.103
2.19
0.137
0
0.151
0.472
3.284
0.014
0
0
0
0.841
22.12
3.255
0.182
3.262
0.541
0.542
0.788
0.227
8.974
4.511
1.643
6.58
42.527
12.239
0.491
1.528
5.558
7.175
0.549
0.417
6.079
2.25
0.073
8.187
0.882
1.675
1.923
1.385
0
0.316
2.331
4.965
3.385
8.158
0.323
0.153
0.01
0.027
0.087
12.983
0.003
2.934
1.136
2
10.02
0.407
0.003
9.946
1.105
1.876
0.076
2.062
11.338
1.154
0.783
8.716
11.196
3.72
3.397
3.009
11.961
3.193
0.36
1.725
10.489
8.375
6.439
0.051
0.256
0.036
1.946
4.777
0.184
0.007
0.348
2.468
13.695
0.182
3.418
21.24
1.311
2.534
4.234
0.079
1.147
1.299
0.021
1.215
3.152
0.213
4.084
0.01
0.141
1.021
0
0.481
0
4.096
5.411
31.134
7.174
0.431
0.058
1.653
1.59
1.172
0.233
0.523
0.082
0.034
0.137
0.003
0
0
0.795
0.742
0
0.716
0.096
0.003
0.062
0.097
0.664
3.215
0.115
0
0
0.249
0.065
0
0
0.419
0.033
0
0.021
0
0.014
0.571
0.031
0.031
0.029
0.094
0.07
0.106
0.105
0
0
0.031
0.038
0
0
0.007
0
0
0.027
0.01
0.079
0.062
0.045
0
0
0
0
0.003
0
0
0
0
0.007
0.027
0
0
0
0
0
0
0
0
0.129
0.014
0
0.13
0.017
0
0
0.021
0.007
0
0.021
0
0
0
0
0
0
0
0
0
0
0
0
0
0
0
0
0
0
0
0
0
0
0
0
0
2.506
0.182
0
0
0.024
0
0
0.189
0.148
0.014
0
0
0.481
0.048
0
1.593
0
0
0
0
0
0.103
0.038
0.175
0
0
0
0
0.161
0.01
0
0
0.597
0.045
1.524
0.069
0.082
0.148
0.014
0.076
0
0
0.003
0.759
0.189
0.663
0
0
0
0
0
21.859
4.539
0
0.525
0.072
0
0
0
0.223
0.051
0.003
0.419
0.512
0.311
0.05
0
0.072
0.024
0.192
0.371
1.857
0.98
0.058
0.623
0.173
0.522
0
0
0
0
0
1.483
0.108
0
1.142
0.065
0
0
0
0
0
0.716
0.216
0
0.072
19.544
13.254
14.886
2.889
5.407
0
0
0
2.24
0.118
0
0
0.003
2.499
7.347
4.151
0
0.007
0.007
0
0
0.021
6.346
0
0
2.07
10.221
21.217
0.18
1.5
17.02
3.68
5.332
27.056
1.142
3.312
0.767
0.651
4.055
0.47
0
0.024
7.202
1.662
1.872
0.027
0.567
0.669
1.317
2.976
0.302
0.173
10.967
9.994
6.034
0.228
0.36
1.003
6.897
10.401
3.269
0.281
0.944
0.42
0.01
0.45
16.14
3.904
0.278
2.192
9.776
5.15
0.021
4.554
14.534
1.993
0
0.354
1.878
0.345
0.893
1.224
10.431
3.158
1.054
5.809
9.996
0.51
0.034
0
0.295
0.24
0
2.803
3.098
1.274
3.205
0.072
0
2.947
1.147
2.252
0
0.086
4.152
0.563
0.103
0.089
0.041
0.117
0.014
0.072
1.284
0
10.437
1.869
0.058
17.376
5.606
0.553
4.963
10.895
2.935
0.137
5.842
0.894
0.228
2.825
0.441
3.334
2.192
1.638
0.158
4.504
0.017
0.113
5.505
0.57
0.381
46.043
15.606
0.454
2.008
6.521
12.15
11.124
8.439
0.827
1.539
0.14
2.463
9.44
1.914
2.599
5.232
0.247
0.027
3.419
0.051
1.133
0.072
0.46
0.518
0.072
0.127
2.264
0.467
0.045
0.1
4.319
0.072
0.402
0.179
0.244
0.079
2.29
0.034
0
0.094
0.076
0.031
3.613
0.007
0
0.148
1.911
0.072
0
0.117
0.031
0.304
0.01
0.045
0.062
0.086
0.007
0.055
0.007
0
0
0.01
0.086
0.072
0.079
0.144
0
0
0
0.058
0.038
0.034
0.419
0.089
0.027
0.021
0.041
0
0
0
0
0
0
0.652
0.92
0.079
0.11
0.062
0
0.021
0.137
0.076
0.23
0
0
0
0
0
0
0
0
0
0.034
0.034
0
0
0
0.254
0.017
0.172
0.625
0
0.003
0.694
0
0.041
0
0
0
0
0.007
0
0
0
0
0
0
0
0.1
0.007
0.151
0.014
0
0
0.014
0
0
0
0
0.021
0
0
0
0.348
0.367
0
0.051
0.756
0
0
0
0.105
0
0.088
0.007
0
0
0
0
0
0
0
0.038
0.278
0.657
0
0
0.199
8.645
0.807
1.222
0.1
0
0
0
0
0
0
0
0
0
0
0
0
0
0.027
0.003
0.542
0.172
0.014
0
0.639
0.244
0
0.017
0
2.628
0.051
0.027
0
0.003
0
0
0
0
0
0.041
0
0.014
0
0.031
0.017
0.007
0
0
0.362
0.026
0.764
2.638
0.903
0.213
0
0
0.618
0.512
0.069
0
0
0
0.007
0
0
0
0.003
0
0
0.647
0.371
0.017
0.062
0.003
0.227
0.355
0.038
1.181
1.826
0.038
0
0.024
0.021
0.656
0.027
0
0
0.014
0
7.32
2.571
1.387
0.027
1.809
2.666
0.184
0
52.892
5.191
0.546
2.633
7.162
4.8
0.618
0
0.707
20.922
38.203
0.127
3.761
0.96
0
1.603
0.027
0.014
0
4.923
0
0
0.017
3.864
5.437
2.099
9.967
4.115
0.053
0
6.102
0.602
2.182
6.199
16.621
5.455
0.554
4.764
7.226
8.145
0.725
5.128
0.839
1.43
6.152
0.048
0.01
0.13
13.168
5.584
2.686
4.809
9.872
2.652
4.746
1.744
4.348
7.407
0.251
1.329
0.64
1.893
4.177
1.047
0.311
3.813
5.964
10.421
0.53
0.376
0.863
0.366
0.508
1.566
0.283
0.021
15.558
22.551
0.592
4.901
3.964
11.283
11.409
5.732
13.951
76.532
6.901
2.321
0.28
2.97
1.175
6.295
6.301
2.67
5.081
0.621
5.297
5.67
9.931
5.49
2.592
1.437
0.694
9.841
3.011
0.333
7.924
0.989
3.033
1.215
11.35
5.062
7.23
20.907
13.012
2.573
1.065
4.592
3.737
7.97
8.305
6.214
0.137
2.142
0.429
0.539
1.102
0.752
2.575
4.578
2.027
0.529
3.676
3.219
1.452
4.247
0.757
0.654
4.308
0.136
0.069
0.021
0.007
1.13
0.076
0
1.582
0.905
0.122
0.051
0
0
0
0.034
0
0.021
0.034
0.01
0
0
0
0
0
0.041
0
0
0
0
0.024
0.045
0
0
0
0
0.014
0.041
0.017
0
0
0
0
0
0
0
0
0.003
0
0
0
0
0.007
0
0
0
0
0
0.007
0
0.031
0
0
0.021
0.017
0
0
0
0
0
0
0
0
0
0
0
0
0
0
0
0
0
0
0
0
0
0
0
0
0
0
0
0
0
0
0
0
0
0
0.014
0
0
0
0
1.904
37.601
4.42
0
0
0
0
0
0
0.031
0.003
0
0.014
0
0
0
0
0
0
0
0
0.014
0
0
0
0
0
0
0
0
0
0
0
0
0
0
0
0
0
0
0
0
0
0
0.017
0
0
0
0
0
0.003
0.125
0.51
0.064
0
1.142
0.079
0.275
0.022
0.323
0.021
0.011
0.503
0.216
0.328
0
0
2.311
1.401
0.021
0
0
0.003
1.159
1.072
0
0
0
0.608
1.39
0.059
0
0
11.096
0.01
0.106
0.024
0.395
0
0
0.233
4.587
4.202
0.278
0.412
1.706
0.525
2.297
0
0
0.089
0.333
0.151
0
0
0
0
0
0.697
0.065
0
0.124
0.106
0
1.136
3.176
2.846
0.374
0.697
2.898
6.575
0.776
0.213
0.858
0.127
0.154
0.855
0.01
0.233
3.797
3.169
5.023
6.911
0.723
0.302
2.458
3.339
4.566
7.694
7.697
0.199
9.527
0.024
0.184
1.67
0.168
0
5.181
0.048
2.671
1.229
0.003
0
0.01
1.813
1.258
2.644
1.191
0.905
10.382
14.698
10.693
6.336
0.548
6.147
8.461
0.343
0.448
20.296
17.897
4.074
12.976
0.723
0.007
0
0.47
8.296
0.608
0.27
0.242
0.003
2.578
4.168
10.588
20.561
11.486
8.969
11.024
4.434
0.191
2.399
7.411
0.314
0.366
13.328
4.613
1.492
3.301
9.555
1.198
8.307
14.902
2.491
12.178
29.883
6.206
0.838
8.162
22.45
83.776
9.002
8.267
0.608
0.4
10.331
1.014
8.327
1.02
2.654
1.72
2.295
2.539
5.135
0.912
0.027
0.13
2.273
7.12
0.461
2.834
1.183
0.251
0.11
0.268
1.784
0.506
4.017
0.165
0.257
1.294
0.395
5.071
0.762
1.428
0.628
1.198
0.398
7.237
0.848
0
0.364
1.186
0.148
5.62
1.926
1.449
0.8
1.123
0.285
0.062
0.1
2.254
0.024
0
0.1
0
0.062
1.649
0.141
0.362
0.168
0.163
0.088
0.237
0.393
2.522
0.112
0.208
0.034
0.146
1.057
1.056
0
0
0.076
0.031
0.879
0.051
0.031
0.28
0.026
1.241
2.408
0.399
0.003
0.014
0.017
2.611
0.855
4.811
0.407
0
0
0
0
0
0
0.051
0.038
0
0.089
0.003
0
0
0
0
0.242
0
0
0
0
0
0
0
0
0.021
0.536
0.014
0
0
0
0
0
0
0
0
0
0
0
0
0
0
0
0
0
0
0
0
0
0
0
0
0
0
0
0
0
0
0
0
0
0
0
0
0
0
0
0
0
0.17
0
0
0
0
0
0
0.062
0
0
0
0
0
0
0
0
0.472
0.23
0
0.235
0.017
0
0.003
0.076
0
0
0
0
0.003
5.181
0.34
0
0
0.027
0
0.106
0.031
0.294
0.041
0.007
0.051
0
0
0
0
0.206
2.913
0.213
94.44
10.655
2.324
3.402
1.459
0
0.643
0.098
0
0
0
0
0
0
0.33
0.038
0
0
0.139
0.014
0
0.208
0.376
1.293
0.877
0.311
0.153
0.003
0
0.127
0.421
0.302
0
0.069
0
0
0.106
0.027
1.535
0.175
0.172
0
0
11.728
0.512
0.391
0.817
0.021
0
0.22
0.021
0
0
2.802
2.005
2.935
0.134
0.35
2.348
1.102
3.045
0
0.199
0.01
0.041
0.014
0.426
0.645
3.395
0
1.174
17.575
1.236
0
2.839
4.477
0.22
1.531
9.898
0.01
0.014
0
0.549
0.072
3.529
3.959
4.408
0.776
0.968
14.083
1.938
31.922
19.801
1.432
0.027
1.852
1.439
0
7.245
0.108
0.058
0
0
2.995
2.189
2.749
5.866
2.655
0.268
6.336
15.482
0.415
3.751
24.038
68.546
1.859
2.262
8.2
1.015
0.034
0.491
5.167
19.47
10.295
8.655
2.781
2.518
1.088
0.599
17.295
7.539
0.282
0
0.555
10.492
8.221
13.194
6.02
9.024
2.201
0.508
0.343
3.744
0.007
7.21
1.909
0.01
4.334
13.894
1.009
6.327
21.041
0.58
0.106
15.807
16.747
7.004
4.106
2.822
2.769
1.095
2.493
3.402
6.698
0.618
0.45
1.064
3.124
6.176
0.33
2.872
13.057
11.858
0.405
0.295
3.519
12.514
7.855
3.279
2.002
1.016
0.7
15.274
1.648
1.39
3.042
2.489
4.036
0.381
5.219
0.024
0.01
2.666
4.535
3.51
0.891
0.003
0.406
0.618
6.832
2.712
0.124
0
0.383
0.055
0.17
0.774
4.051
0.472
0
0.024
0.199
0.788
1.152
0.388
0.045
0.021
0.168
0.014
0
0.031
0
0
0
4.084
0.965
0.034
0.045
0.045
0
0.1
0.034
0.007
0
0.196
0.338
0
0.017
0
0.014
0.556
0.088
0
0
0
0.106
5.521
2.352
2.814
2.125
2.966
0
0.086
0
0.007
0
0.014
0.027
0
0
0.175
0
0
0.051
0
0.007
0
0
0
0.158
0
0
0
0.086
0.065
0
0.141
0
0
0
0
0
0.003
0
0
0.022
0
0
0
0.003
0.16
0
0
0
0
0
0
0
0
0
0
0
0
0
0
0
0
0
0
0
0.01
0
0
0.021
5.109
0.451
0.014
0
0
0
0
0.045
1.954
0.216
0.306
0.003
0
0
0
0
0
0
0
0
0
0.041
0
0
0
0
0.038
0.007
0.237
0.065
0
0.282
0.167
0.024
0
0.017
0
0.014
0.354
0.165
0
0
0
0.216
0.127
0.669
0.027
0
0.501
0.158
0.144
0.021
0.666
18.941
2.444
2.16
2.815
0.175
0.029
0.488
0
0
0
0
0.148
0
0
0
0
0.079
0.021
0
1.463
4.985
0.003
0
0
0.089
2.348
0
0.027
0.141
0.247
6.348
0.309
1.397
1.636
6.353
8.741
1.847
4.678
19.6
2.712
1.294
0.11
2.18
0.206
0
0.429
0.106
0
0
0.007
0
0
2.396
0.884
0.47
0
0
0.549
20.606
0.048
0
0
0.024
0.982
0.47
0
0
0.017
0.389
0.046
1.167
5.292
6.01
0.211
1.372
2.901
0.336
0.069
2.716
3.613
0.149
2.329
1.176
3.775
1.22
2.73
0.203
13.381
2.688
0.945
0.908
1.013
0.184
5.382
3.459
2.867
4.653
9.965
2.723
5.661
1.786
0.003
2.62
2.87
0.132
0.041
4.622
4.28
0.403
4.082
12.253
2.859
0.748
0.093
4.069
0.098
0.903
4.015
0.01
0.621
0.472
1.388
3.634
14.279
8.778
2.014
5.864
6.609
0.647
0.451
0.7
0.089
5.937
19.963
13.475
16.068
0.386
6.171
6.485
3.552
8.169
5.678
6.63
6.127
0.934
1.215
5.812
0.172
10.401
11.057
6.628
3.066
2.417
0.566
1.531
0.498
5.39
12.119
0.889
0.647
4.575
2.288
7.371
0.772
2.587
10.089
2.262
50.163
0.082
0.076
0
4.161
4.274
0.354
0.85
0
0.436
1.83
1.057
0.488
2.97
0.227
0.738
4.46
1.301
1.638
4.47
44.649
0.038
2.451
1.02
0.517
0.336
0.512
2.908
8.662
5.462
0.271
0.024
0.869
0.058
0.062
7.237
8.883
3.945
0.01
1.998
0
0
0.944
5.644
10.719
3.286
1.888
0.058
0.003
0
0
0.007
0.132
0.072
0.472
0
0
0.282
0.033
0.239
0.173
0.003
0.041
0.024
0
0
0
0
0
0
0
0
0.017
0.034
0.027
0.055
0
0
0.065
0.041
0.007
0.007
0.062
0.096
0.113
0
0
0
0
0
0
0
0.003
0
0
0
0
0
0.017
0.154
0.003
0
0.007
0
0
0
0.058
0.014
0.007
0.021
0.034
0
0.244
0.003
0
0
0
0
0.024
0.058
0
0
0
0
0.024
0.058
0
0
0
0
0
0
0
0.003
0
0
0
0.173
0.007
0
0
0
0
0.113
0.031
0.038
0
0.881
0.076
0.266
10.01
11.692
0
0
0
0.077
0.007
0.045
0.215
0.623
0.141
0.022
0.179
0.014
0
0.07
0.021
0
0
0
0
0
0
0.324
21.756
5.586
0
0
0
0
0.415
0.031
0.158
2.939
0.882
0.021
0
0
0
0
0
0
0
0
0
0
0
0
0
0.079
0.007
0
0
0
0
0.093
0
0
0
0.024
0.079
0.458
0
0.05
0.003
1.035
0.883
0.388
0.079
0.046
0.151
0.831
0.434
1.396
0.601
0.082
0
4.549
32.928
0
1.36
0
0
0.209
4.436
2.067
0.179
0
0.027
1.416
1.895
0.807
0
0
0.621
0.299
2.345
0.591
0.041
0
0
0
0
0.137
0
0.505
0.548
2.407
1.322
0.994
0.553
11.426
0.754
0.031
3.625
10.758
1.554
0.798
2.281
4.046
5.062
1.372
3.466
9.376
0.127
0.445
0.402
1.816
0.479
4.165
2.122
0.192
2.513
14.076
1.814
2.118
0.045
0.787
13.002
13.118
0.209
0.144
0.062
1.926
4.97
1.372
9.444
8.046
1.375
0.003
0.271
3.703
9.855
7.27
1.701
1.457
0.185
0
0.003
0.072
0.017
0
0.01
1.566
12.897
0.64
0
0.149
1.157
0.185
0.12
2.589
0.494
0.041
0
1.071
12.82
5.277
2.853
9.816
5.081
6.303
3.811
4.927
2.802
1.928
6.939
0.539
6.619
26.312
5.788
6.503
14.011
5.582
5.322
5.888
7.505
0.379
1.442
0.189
4.58
1.924
10.399
5.267
8.411
9.307
0.522
1.754
8.593
4.017
11.584
2.057
0.179
6.111
17.008
7.787
8.724
15.712
2.544
1.078
1.212
4.316
11.728
2.482
8.322
1.39
1.435
11.58
1.14
2.355
3.318
2.029
2.609
2.386
7.799
10.72
18.72
6.503
0.079
2.532
0.197
1.517
2.408
0.357
1.773
0.263
0.696
0.336
0.082
0.237
0.01
0
0.664
1.167
5.758
1.671
0.194
0.292
1.281
2.297
2.201
0.041
3.828
0
0
0.027
0.501
0
0.096
0.223
0
0
0
0.371
1.102
0.103
0
0.041
0.191
0.034
0.055
0.031
0.051
0.086
0.024
0.058
0.01
0.058
0.065
0.003
0.058
0.055
0
0.055
0.031
0
0.079
0.003
0
0.027
0.041
0
0
0
0
0
0
0.003
0
0
0.031
0.127
0.041
0.01
0
0
0
0
0
0.027
0
0
0
0
0
0
0
0
0
0
0
0
0
0
0
0
0
0
0
0
0
0
0
0
0
0
0
0
0.003
0
0.003
0
0
0
0
0.002
0.185
0
0
0
0
0
0.002
0.002
0.026
5.54
1.176
0
0
0
0
0
0
0
14.876
1.99
0
0
0
0.172
3.83
0.002
0
0.206
0.041
0
0
0
0
0
0
0.002
0
0.002
0
0
0
0
0
0
0
0
0.048
0.007
0.002
0.002
0
0.002
0
0
0
0.002
0
0
0
0
0
0
0
0
0
0
0
0
0.002
0
0
0
2.983
0.216
0
0
0
0
0.002
0
0
0
0
0
1.593
0.1
0
0
0
0
0
0
0
0
0
0
0
0
0.003
0.182
0.072
0
0
0
0
0
0
0
0
0
0.117
0
2.702
0.532
0.948
0.144
0
0
0
0
4.597
0.453
0
0.045
0.182
0.096
0
2.906
1.511
0
0
1.56
0.251
2.995
3.004
0.659
1.26
0
1.835
2.42
0.12
0.003
0.28
11.814
0.014
0.247
2.245
0.13
0.134
3.086
0.003
0
1.33
3.51
1.552
1.751
12.315
11.165
1.274
0.759
0.223
0.659
3.461
0.33
14.759
0.062
0.189
0.711
3.32
0.251
0.124
0.051
0.179
0
0.034
0
0.663
0.292
1.301
4.927
0.055
13.36
0.436
0.072
8.054
2.197
0.041
0.209
0.007
0.096
13.371
4.467
0
0.165
0
0
0.003
0
0.003
18.212
5.116
1.504
0.817
6.66
19.952
8.693
3.56
0.007
2.709
13.201
5.002
1.995
0.542
0
2.86
0.216
0.302
5.421
0.493
0.196
1.195
1.84
5.291
8.209
9.876
30.928
3.159
0.393
11.405
4.716
0.429
0.79
0.937
0.007
2.197
2.163
8.332
38.909
6.54
24.491
0.027
0.149
0
0.007
0.072
1.751
6.743
8.858
8.197
0.347
2.757
5.919
0.139
0
0.05
0.058
0
0
0
0
3.37
0.227
0
0
2.18
0.127
0
0.002
0
2.479
0
0.002
0
0
0.251
0
0
0
0
0
0
0
0
0
0
0
0
0
0
0
0
0
0
0
0
0.002
0
0
0
0
0
0
0
0
0
0
0
0
0
0.002
0
0
0
0
0
0
0
0
0
0
0
0
0
0
0
0
0
0
0
0
0
0
0
0
0
0
0
0
0
0.003
0
0
0
0
0
0
0.002
0
0.002
0
0
0.024
0
0
0
0
0
0
0.003
0
0
0
0
0
0
0
0.738
0
0
0
0
0
0
0
0
0
0
0.002
0
0
0
0
0.003
0.642
0.055
0
0
0
0
0
0.002
0
0.731
0.069
1.023
0.096
0
0
0
8.118
1.445
0.221
0
0
0
0
0
0.002
0
0
0
0
0
0
0.522
4.36
0.797
0
0
0
0
0
0
0
0
0.206
0
0.007
0
0
0.968
0
0
0.082
3.162
4.221
0
0
0.36
2.108
1.27
0.127
0
0
0
0
0
0
0
0
0
0
0
0.103
0.319
0.024
0.46
0
0
0
0
0.002
0
0.003
3.114
5.114
3.111
7.502
0
0
0
0
0
0
0
0
0
0
0
0.522
9.16
14.735
1.123
29.265
0
7.5
0
0
0
0
4.319
0
0
0
0.185
10.121
1.016
17.836
0.233
14.262
25.948
0
1.456
28.049
2.094
0.694
1.902
1.119
0.34
3.086
3.677
2.99
0.738
0
9.503
9.208
9.199
0.038
0.002
0
6.482
2.678
0.01
0
2.905
0.295
1.174
6.106
2.951
0
0.012
0.175
0.58
2.747
9.287
15.096
1.047
0.227
0.618
1.184
0.089
0.179
1.658
1.778
1.524
4.752
0
0.148
0.336
0.015
1.401
2.578
0.203
0.209
1.94
0.057
0
0.072
0.076
0.05
0.22
3.581
9.833
0.58
3.67
12.971
0.831
0.017
0.34
0
2.774
2.966
0.002
0
0.041
3.498
2.503
2.503
0.189
7.915
8.437
0.357
0
0
0
3.243
17.578
0.216
0.024
3.341
5.146
0.704
0
2.795
7.714
2.443
3.291
2.281
0
0.014
3.601
10.856
0.027
0.031
0
0.007
1.445
0.264
0.941
0.079
0.103
0.1
0
0.003
0
2.637
1.394
0
0.014
2.613
0.192
0
0.051
1.919
0.031
0.196
0.767
0.002
0.302
0
0.117
0
0
0.002
0
0.051
0
0.105
0
0.007
0.01
0
0
2.695
0.268
0.228
0.017
0
0
0
0.036
0.005
0
0
0
0
0
0.002
0
0
0
0
0
0
0
0
0
0
0.003
0
0
0.003
0
0
0.597
0.161
0.014
0.002
0.003
0
0
0
0
0
0
0
0
0
0
0
0
0.002
0
0
0
0
0
0
0
0.175
0.055
0
0
0
0
0
0
0
0
0
0
0
0
0
0
0
0
0
0.812
0.041
0
0.002
0
0
0
0
0
0
0
0
0
0
0
0
0
0
0
0
0
0
0
0
0
0
0
0
0
0
0.488
0.24
0
0.003
0.003
0
0.117
0.007
0
0.113
0.007
0
0
0
0
0
0
0
0
0.002
0.002
0
2.328
0.185
0
0
0.515
0.072
0.546
0.048
0.002
0.173
0.196
0
0
0
0.929
0.295
1.732
0.886
0.748
0
0
0.343
0.041
0
0
0
0
0
0
0
0
0
0
0
0
0.062
0.007
0.419
0.031
0
0
0.089
0
0
1.682
0.165
0.003
10.19
0
0
0
0.01
0.848
0
0
0
0.031
0
0
0
1.157
0.254
0.069
0
0
22.654
0
0
0
0
0.002
0
5.833
3.124
1.205
0.144
0
0
0
0
0.053
0.062
17.504
9.498
0
0.788
0
0
0.096
0.443
0
0
3.141
3.066
1.806
0
0
0
0.572
0
0
0.605
0.007
0
0.065
0.024
0.058
0.469
0.031
3.073
0.103
0.628
5.04
0.11
4.503
12.875
0.917
0
0.704
3.529
9.74
0.597
1.178
1.226
7.299
4.597
6.449
0.402
8.037
1.641
1.133
2.666
5.823
1.72
0.786
2.166
0.247
0.01
0.01
0.003
0
0
0.182
0.027
0
6.787
0.151
0
0
0
0
0.003
0
4.518
0.618
1.387
0.086
0
0.22
0.045
0
7.91
4.163
1.897
0.089
0.096
0.532
5.033
15.664
0.493
1.909
2.915
0.367
0
1.59
14.619
0.391
3.402
8.063
7.539
7.296
0.488
0
2.427
0.091
0.017
0.261
0.014
0.611
0.673
11.903
1.583
10.238
16.747
1.37
0.089
6.444
0.01
0.038
0
0.003
0.1
0.096
4.566
0.4
1.463
0.113
0.364
7.969
0.508
0.472
0.065
3.413
2.791
1.593
0.494
0.076
0.017
0.031
0
0.687
0
0.529
0
0
2.654
0.225
0.002
1.13
0.13
0.048
0.587
0.034
0.041
0
0
0
0
0
0
0.01
0
0
0
0
0
0.113
0.009
0
0
0
0
0
0
0.165
0
0
0.003
0
0
0.027
0
0.146
0.031
0
0
0.007
0
0.002
0
0
0
0
0
0.436
0.036
0
0
0.002
0
0
0
0
0
0
0
0
0.002
0
0
0
0.014
0
0
0
0
0
0
0
0
0
0
0
0
0
0
0
0
0
0.192
0.831
0
0.01
0
0.002
0
0
0
0
0
0
0
0
0
0
0
0
0
0
0
0.065
0
0
0
0
0
0
0
0
0
0
0
0
0
0
0
0
0
0
0.199
9.869
0.254
0
0.002
0
0
0
0
0
0
0.003
0
0
0
0
0
0.01
0.22
0.082
0
0
0
0.129
0.003
7.639
0
0
0
0
0
0
0
0.463
0
0
0.003
0.002
0
0
0.154
0.446
0.158
1.221
0.062
0
0
0.007
0.003
1.064
0.366
0
1.607
0
0
0.992
0.951
0
0
0
0
0.834
8.913
0.412
0
0
0
1.823
0
0.539
7.44
0.084
0.038
0.134
0
0
0.573
0.41
0.014
0
0
0
0
0.865
0
0
0
0
0.137
0.079
0.831
0.7
0
0.002
0
0.093
0.137
0
1.725
5.064
0.127
0
0
0.172
0.817
0.055
0.113
0
0
0
1.916
2.393
0.237
0.017
0.429
0.027
0
0
0
0.58
2.886
3.699
1.092
6.674
0
0
1.051
8.944
0.046
0
0.017
0.323
2.365
5.112
0
0
0.055
0.01
0.024
28.237
11.065
0.965
0.014
0.01
0
0.093
3.299
6.255
3.91
0.019
1.857
0.11
0.003
2.105
0.467
-99
-99
-99
-99
-99
-99
-99
-99
-99
-99
-99
-99
-99
-99
-99
-99
-99
-99
-99
-99
-99
-99
-99
-99
-99
-99
-99
-99
-99
-99
-99
-99
-99
-99
-99
-99
-99
-99
-99
-99
-99
-99
-99
-99
-99
-99
-99
-99
-99
-99
-99
-99
-99
-99
-99
-99
-99
-99
-99
-99
-99
-99
-99
-99
-99
-99
-99
-99
-99
-99
-99
-99
-99
-99
-99
-99
-99
-99
-99
-99
-99
-99
-99
-99
-99
-99
-99
-99
-99
-99
-99
-99
-99
-99
-99
-99
-99
-99
-99
-99
-99
-99
-99
-99
-99
-99
-99
-99
-99
-99
-99
-99
-99
-99
-99
-99
-99
-99
-99
-99
-99
-99
-99
-99
-99
-99
-99
-99
-99
-99
-99
-99
-99
-99
-99
-99
-99
-99
-99
-99
-99
-99
-99
-99
-99
-99
-99
-99
-99
-99
-99
-99
-99
-99
-99
-99
-99
-99
-99
-99
-99
-99
-99
-99
-99
-99
-99
-99
-99
-99
-99
-99
-99
-99
-99
-99
-99
-99
-99
-99
-99
-99
-99
-99
-99
-99
-99
-99
-99
-99
-99
-99
-99
-99
-99
-99
-99
-99
-99
-99
-99
-99
-99
-99
-99
-99
-99
-99
-99
-99
-99
-99
-99
-99
-99
-99
-99
-99
-99
-99
-99
-99
-99
-99
-99
-99
-99
-99
-99
-99
-99
-99
-99
-99
-99
-99
-99
-99
-99
-99
-99
-99
-99
-99
-99
-99
-99
-99
-99
-99
-99
-99
-99
-99
-99
-99
-99
-99
-99
-99
-99
-99
-99
-99
-99
-99
-99
-99
-99
-99
-99
-99
-99
-99
-99
-99
-99
-99
-99
-99
-99
-99
-99
-99
-99
-99
-99
-99
-99
-99
-99
-99
-99
-99
-99
-99
-99
-99
-99
-99
-99
-99
-99
-99
-99
-99
-99
-99
-99
-99
-99
-99
-99
-99
-99
-99
-99
-99
-99
-99
-99
-99
-99
-99
-99
-99
-99
-99
-99
-99
-99
-99
-99
-99
-99
-99
-99
-99
-99
-99
-99
-99
-99
-99
-99
-99
-99
-99
-99
-99
-99
-99
-99
-99
-99
-99
-99
-99
-99
-99
-99
-99
-99
-99
-99
-99
-99
-99
-99
-99
-99
-99
-99
-99
-99
-99
-99
-99
-99
-99
-99
-99
-99
-99
-99
-99
-99
-99
-99
-99
-99
-99
-99
-99
-99
-99
-99
-99
-99
-99
-99
-99
-99
-99
-99
-99
-99
-99
-99
-99
-99
-99
-99
-99
-99
-99
-99
-99
-99
-99
-99
-99
-99
-99
-99
-99
-99
-99
-99
-99
-99
-99
-99
-99
-99
-99
-99
-99
-99
-99
-99
-99
-99
-99
-99
-99
-99
-99
-99
-99
-99
-99
-99
-99
-99
-99
-99
-99
-99
-99
-99
-99
-99
-99
-99
-99
-99
-99
-99
-99
-99
-99
-99
-99
-99
-99
-99
-99
-99
-99
-99
-99
-99
-99
-99
-99
-99
-99
-99
-99
-99
-99
-99
-99
-99
-99
-99
-99
-99
-99
-99
-99
-99
-99
-99
-99
-99
-99
-99
-99
-99
-99
-99
-99
-99
-99
-99
-99
-99
-99
-99
-99
-99
-99
-99
-99
-99
-99
-99
-99
-99
-99
-99
-99
-99
-99
-99
-99
-99
-99
-99
-99
-99
-99
-99
-99
-99
-99
-99
-99
-99
-99
-99
-99
-99
-99
-99
-99
-99
-99
-99
-99
-99
-99
-99
-99
-99
-99
-99
-99
-99
-99
-99
-99
-99
-99
-99
-99
-99
-99
-99
-99
-99
-99
-99
-99
-99
-99
-99
-99
-99
-99
-99
-99
-99
-99
-99
-99
-99
-99
-99
-99
-99
-99
-99
-99
-99
-99
-99
-99
-99
-99
-99
-99
-99
-99
-99
-99
-99
-99
-99
-99
-99
-99
-99
-99
-99
-99
-99
-99
-99
-99
-99
-99
-99
-99
-99
-99
-99
-99
-99
-99
-99
-99
-99
-99
-99
-99
-99
-99
-99
-99
-99
-99
-99
-99
-99
-99
-99
-99
-99
-99
-99
-99
-99
-99
-99
-99
-99
-99
-99
-99
-99
-99
-99
-99
-99
-99
-99
-99
-99
-99
-99
-99
-99
-99
-99
-99
-99
-99
-99
-99
-99
-99
-99
-99
-99
-99
-99
-99
-99
-99
-99
-99
-99
-99
-99
-99
-99
-99
-99
-99
-99
-99
-99
-99
-99
-99
-99
-99
-99
-99
-99
-99
-99
-99
-99
-99
-99
-99
-99
-99
-99
-99
-99
-99
-99
-99
-99
-99
-99
-99
-99
-99
-99
-99
-99
-99
-99
-99
-99
-99
-99
-99
-99
-99
-99
-99
-99
-99
-99
-99
-99
-99
-99
-99
-99
-99
-99
-99
-99
-99
-99
-99
-99
-99
-99
-99
-99
-99
-99
-99
-99
-99
-99
-99
-99
-99
-99
-99
-99
-99
-99
-99
-99
-99
-99
-99
-99
-99
-99
-99
-99
-99
-99
-99
-99
-99
-99
-99
-99
-99
-99
-99
-99
-99
-99
-99
-99
-99
-99
-99
-99
-99
-99
-99
-99
-99
-99
-99
-99
-99
-99
-99
-99
-99
-99
-99
-99
-99
-99
-99
-99
-99
-99
-99
-99
-99
-99
-99
-99
-99
-99
-99
-99
-99
-99
-99
-99
-99
-99
-99
-99
-99
-99
-99
-99
-99
-99
-99
-99
-99
-99
-99
-99
-99
-99
-99
-99
-99
-99
-99
-99
-99
-99
-99
-99
-99
-99
-99
-99
-99
-99
-99
-99
-99
-99
-99
-99
-99
-99
-99
-99
-99
-99
-99
-99
-99
-99
-99
-99
-99
-99
-99
-99
-99
-99
-99
-99
-99
-99
-99
-99
-99
-99
-99
-99
-99
-99
-99
-99
-99
-99
-99
-99
-99
-99
-99
-99
-99
-99
-99
-99
-99
-99
-99
-99
-99
-99
-99
-99
-99
-99
-99
-99
-99
-99
-99
-99
-99
-99
-99
-99
-99
-99
-99
-99
-99
-99
-99
-99
-99
-99
-99
-99
-99
-99
-99
-99
-99
-99
-99
-99
-99
-99
-99
-99
-99
-99
-99
-99
-99
-99
-99
-99
-99
-99
-99
-99
-99
-99
-99
-99
-99
-99
-99
-99
-99
-99
-99
-99
-99
-99
-99
-99
-99
-99
-99
-99
-99
-99
-99
-99
-99
-99
-99
-99
-99
-99
-99
-99
-99
-99
-99
-99
-99
-99
-99
-99
-99
-99
-99
-99
-99
-99
-99
-99
-99
-99
-99
-99
-99
-99
-99
-99
-99
-99
-99
-99
-99
-99
-99
-99
-99
-99
-99
-99
-99
-99
-99
-99
-99
-99
-99
-99
-99
-99
-99
-99
-99
-99
-99
-99
-99
-99
-99
-99
-99
-99
-99
-99
-99
-99
-99
-99
-99
-99
-99
-99
-99
-99
-99
-99
-99
-99
-99
-99
-99
-99
-99
-99
-99
-99
-99
-99
-99
-99
-99
-99
-99
-99
-99
-99
-99
-99
-99
-99
-99
-99
-99
-99
-99
-99
-99
-99
-99
-99
-99
-99
-99
-99
-99
-99
-99
-99
-99
-99
-99
-99
-99
-99
-99
-99
-99
-99
-99
-99
-99
-99
-99
-99
-99
-99
-99
-99
-99
-99
-99
-99
-99
-99
-99
-99
-99
-99
-99
-99
-99
-99
-99
-99
-99
-99
-99
-99
-99
-99
-99
-99
-99
-99
-99
-99
-99
-99
-99
-99
-99
-99
-99
-99
-99
-99
-99
-99
-99
-99
-99
-99
-99
-99
-99
-99
-99
-99
-99
-99
-99
-99
-99
-99
-99
-99
-99
-99
-99
-99
-99
-99
-99
-99
-99
-99
-99
-99
-99
-99
-99
-99
-99
-99
-99
-99
-99
-99
-99
-99
-99
-99
-99
-99
-99
-99
-99
-99
-99
-99
-99
-99
-99
-99
-99
-99
-99
-99
-99
-99
-99
-99
-99
-99
-99
-99
-99
-99
-99
-99
-99
-99
-99
-99
-99
-99
-99
-99
-99
-99
-99
-99
-99
-99
-99
-99
-99
-99
-99
-99
-99
-99
-99
-99
-99
-99
-99
-99
-99
-99
-99
-99
-99
-99
-99
-99
-99
-99
-99
-99
-99
-99
-99
-99
-99
-99
-99
-99
-99
-99
-99
-99
-99
-99
-99
-99
-99
-99
-99
-99
-99
-99
-99
-99
-99
-99
-99
-99
-99
-99
-99
-99
-99
-99
-99
-99
-99
-99
-99
-99
-99
-99
-99
-99
-99
-99
-99
-99
-99
-99
-99
-99
-99
-99
-99
-99
-99
-99
-99
-99
-99
-99
-99
-99
-99
-99
-99
-99
-99
-99
-99
-99
-99
-99
-99
-99
-99
-99
-99
-99
-99
-99
-99
-99
-99
-99
-99
-99
-99
-99
-99
-99
-99
-99
-99
-99
-99
-99
-99
-99
-99
-99
-99
-99
-99
-99
-99
-99
-99
-99
-99
-99
-99
-99
-99
-99
-99
-99
-99
-99
-99
-99
-99
-99
