19790101
-99
-99
-99
-99
-99
-99
-99
-99
-99
-99
-99
-99
-99
-99
-99
-99
-99
-99
-99
-99
-99
-99
-99
-99
-99
-99
-99
-99
-99
-99
-99
-99
-99
-99
-99
-99
-99
-99
-99
-99
-99
-99
-99
-99
-99
-99
-99
-99
-99
-99
-99
-99
-99
-99
-99
-99
-99
-99
-99
-99
-99
-99
-99
-99
-99
-99
-99
-99
-99
-99
-99
-99
-99
-99
-99
-99
-99
-99
-99
-99
-99
-99
-99
-99
-99
-99
-99
-99
-99
-99
-99
-99
-99
-99
-99
-99
-99
-99
-99
-99
-99
-99
-99
-99
-99
-99
-99
-99
-99
-99
-99
-99
-99
-99
-99
-99
-99
-99
-99
-99
-99
-99
-99
-99
-99
-99
-99
-99
-99
-99
-99
-99
-99
-99
-99
-99
-99
-99
-99
-99
-99
-99
-99
-99
-99
-99
-99
-99
-99
-99
-99
-99
-99
-99
-99
-99
-99
-99
-99
-99
-99
-99
-99
-99
-99
-99
-99
-99
-99
-99
-99
-99
-99
-99
-99
-99
-99
-99
-99
-99
-99
-99
-99
-99
-99
-99
-99
-99
-99
-99
-99
-99
-99
-99
-99
-99
-99
-99
-99
-99
-99
-99
-99
-99
-99
-99
-99
-99
-99
-99
-99
-99
-99
-99
-99
-99
-99
-99
-99
-99
-99
-99
-99
-99
-99
-99
-99
-99
-99
-99
-99
-99
-99
-99
-99
-99
-99
-99
-99
-99
-99
-99
-99
-99
-99
-99
-99
-99
-99
-99
-99
-99
-99
-99
-99
-99
-99
-99
-99
-99
-99
-99
-99
-99
-99
-99
-99
-99
-99
-99
-99
-99
-99
-99
-99
-99
-99
-99
-99
-99
-99
-99
-99
-99
-99
-99
-99
-99
-99
-99
-99
-99
-99
-99
-99
-99
-99
-99
-99
-99
-99
-99
-99
-99
-99
-99
-99
-99
-99
-99
-99
-99
-99
-99
-99
-99
-99
-99
-99
-99
-99
-99
-99
-99
-99
-99
-99
-99
-99
-99
-99
-99
-99
-99
-99
-99
-99
-99
-99
-99
-99
-99
-99
-99
-99
-99
-99
-99
-99
-99
-99
-99
-99
-99
-99
-99
-99
-99
-99
-99
-99
-99
-99
-99
-99
-99
-99
-99
-99
-99
-99
-99
-99
-99
-99
-99
-99
-99
-99
-99
-99
-99
-99
-99
-99
-99
-99
-99
-99
-99
-99
-99
-99
-99
-99
-99
-99
-99
-99
-99
-99
-99
-99
-99
-99
-99
-99
-99
-99
-99
-99
-99
-99
-99
-99
-99
-99
-99
-99
-99
-99
-99
-99
-99
-99
-99
-99
-99
-99
-99
-99
-99
-99
-99
-99
-99
-99
-99
-99
-99
-99
-99
-99
-99
-99
-99
-99
-99
-99
-99
-99
-99
-99
-99
-99
-99
-99
-99
-99
-99
-99
-99
-99
-99
-99
-99
-99
-99
-99
-99
-99
-99
-99
-99
-99
-99
-99
-99
-99
-99
-99
-99
-99
-99
-99
-99
-99
-99
-99
-99
-99
-99
-99
-99
-99
-99
-99
-99
-99
-99
-99
-99
-99
-99
-99
-99
-99
-99
-99
-99
-99
-99
-99
-99
-99
-99
-99
-99
-99
-99
-99
-99
-99
-99
-99
-99
-99
-99
-99
-99
-99
-99
-99
-99
-99
-99
-99
-99
-99
-99
-99
-99
-99
-99
-99
-99
-99
-99
-99
-99
-99
-99
-99
-99
-99
-99
-99
-99
-99
-99
-99
-99
-99
-99
-99
-99
-99
-99
-99
-99
-99
-99
-99
-99
-99
-99
-99
-99
-99
-99
-99
-99
-99
-99
-99
-99
-99
-99
-99
-99
-99
-99
-99
-99
-99
-99
-99
-99
-99
-99
-99
-99
-99
-99
-99
-99
-99
-99
-99
-99
-99
-99
-99
-99
-99
-99
-99
-99
-99
-99
-99
-99
-99
-99
-99
-99
-99
-99
-99
-99
-99
-99
-99
-99
-99
-99
-99
-99
-99
-99
-99
-99
-99
-99
-99
-99
-99
-99
-99
-99
-99
-99
-99
-99
-99
-99
-99
-99
-99
-99
-99
-99
-99
-99
-99
-99
-99
-99
-99
-99
-99
-99
-99
-99
-99
-99
-99
-99
-99
-99
-99
-99
-99
-99
-99
-99
-99
-99
-99
-99
-99
-99
-99
-99
-99
-99
-99
-99
-99
-99
-99
-99
-99
-99
-99
-99
-99
-99
-99
-99
-99
-99
-99
-99
-99
-99
-99
-99
-99
-99
-99
-99
-99
-99
-99
-99
-99
-99
-99
-99
-99
2.145674467
0
0
0
0
0
0
0
0
0
0
0
0
0
0
0
0
1.357324958
0
0
0
0
1.765171885
0
0
3.608167887
2.405445576
0
0
0
0
0
0
0
1.732242584
0
0
0
0
0
2.095986128
0
0
0
0
2.708946705
0
0.97042197
0.513752818
0
14.44216251
0
0
1.041252017
5.442908764
0.567955673
0
1.701297402
0
0
0
0.999574482
17.48779297
0
0.273067176
0.955734968
0
9.48908329
1.474562407
1.597519636
4.93080616
4.393179417
2.073703527
30.69081116
17.84379005
0
1.366031766
1.366031766
0
0
0
0
6.299814224
3.224905014
3.318141222
1.710916638
8.761967659
9.902578354
0
0
13.60211372
1.111283898
0.622318983
0
1.466894984
7.302366734
2.978596926
0
1.297130942
3.122722626
9.522123337
0
0
0
0
0
0
1.037542224
3.942660809
10.16791344
2.267101288
6.825423241
1.230023146
0
0.988842189
0
0
0
22.07764816
14.69958687
10.5555439
36.37138748
20.74918175
0
0
4.295222282
2.778102398
3.034239769
3.960273981
5.792639256
2.945894241
5.46626997
0
0
1.636607885
0
0
3.605337381
10.74317646
5.171292305
13.48621464
19.98927498
16.06125069
3.055129766
6.721285343
10.95520306
4.388488293
0
4.612717628
1.921965718
2.754817247
0
0
9.941366196
0
6.395843983
0
6.688668251
3.118365765
2.847203255
4.203014374
15.60930157
0
7.456229687
6.44580555
0
0
5.885901928
4.137370586
10.22029114
7.462043762
16.60916138
6.686805725
0
23.55480957
12.07938957
10.26683903
8.476111412
6.148165226
8.237347603
0
7.092072964
4.506012917
0
13.90986729
4.937022686
12.18110943
0
37.39264679
6.660496235
5.028897762
7.553273678
0
5.94998455
14.96403408
0
16.74729156
0
0
0
0
0
0
11.25728321
4.152687073
0
0
21.78764534
0
0
0
0
9.344562531
0
4.31483984
9.676473618
6.45949316
10.83097744
0
9.000915527
7.320247173
0
7.072766304
10.48055553
5.593914986
0
5.401022434
0
0
25.75635338
19.43434143
0
0
0
0
0
0
0
0
0
0
0
18.66024208
11.65482426
4.136422157
7.414340973
0
4.916879654
9.669151306
3.023527861
10.6667614
0
7.305580616
0
0
0
0
26.17501259
7.863198757
4.230093956
8.15316391
7.010357857
4.605343819
4.70117569
30.12486267
0
9.724814415
0
0
4.244990349
6.255774975
0
4.110938072
6.37569046
4.059623241
11.71045113
0
0
8.968866348
0
10.61423397
8.001003265
5.549083233
0
9.417160988
4.688197613
21.36187172
4.525129318
0
0
0
0
0
0
0
5.165750027
5.408844948
7.596692562
11.75572014
0
11.02098846
0
5.877860546
24.06249046
4.394127369
1.757650614
0
0
0
0
0
0
5.301783085
0
0
0
0
2.678021193
0
1.483418822
0
0
0
0
0
0
0
0
0
0
0
1.766784668
0
0
0
0
0
0
0
0
0
0
0
0
0
0
10.47156811
0
0
0
0
0
0
0
0
0
0
0
0
0
0
0
0
0
0
0
0
0
1.754442811
0
0
0
0
0
0
0
0
0
0
0
5.003986359
0
0
0
0
2.823410749
1.156577945
0
0
0
0
0
0
0
0
0
0
0
0
0
1.811086893
0
0
0
0
0
0
0
0
7.335330009
0
2.194333315
1.856743574
9.958897591
1.012769222
2.869512796
28.59949112
8.303078651
0
0
8.303078651
3.953040123
1.31768012
2.635360241
15.22128105
0
0
0
0
0
0
0
0.263390511
1.248666167
5.668945313
0
0.912244141
0
0.716763318
6.360030174
8.295692444
10.64613819
15.48529339
1.659138441
0
14.40648365
0
0
0
0
0
0
0
3.527733803
0
0
0
4.801960468
4.801960468
0
3.119569063
4.159425259
4.679353714
1.039856315
16.63770103
10.27640438
0
0
0
1.794292808
0
0
2.544079304
0
10.78934669
7.770305634
11.48861217
1.477788329
0.619717658
2.478870392
9.131820679
0
4.565910339
0
10.43636703
23.17695618
0
3.862826109
0
0
0
22.805336
3.80088973
11.402668
0
0
0
0
6.26539135
0
0
0
0
11.8527174
0
0
0
2.77851963
0
3.745340586
1.752672434
6.479577541
1.062225699
3.239788771
8.126027107
5.523573399
0
14.95159912
0
33.33535767
0
0
0
0
9.859574318
6.622102261
0
0
0
0
0
0
4.956144333
15.75233173
4.64046669
0
0
3.649612665
2.833251715
5.570461273
9.2200737
0
0
0
18.73402214
0
0
0
0
24.07292938
28.27169228
0
19.68299675
0
0
0
0
0
14.61417007
0
0
0
0
0
0
0
11.80881882
0
0
0
0
0
0
1.396919608
0
0
1.873712301
0
0
0
0
0
0
0
0
0
0
0
0
0
0
0
0
33.02616501
0
0
0
0
0
19.04079819
0
19.04079819
28.9665432
0
0
0
0
0
0.812967837
0.963999331
0.356983304
0.382275581
0
1.111445665
0
0
1.023139
1.662600875
3.521069288
1.951723933
2.365967512
5.010752678
2.031386375
0
0
3.207968712
0
29.80306816
0
0
3.896412849
12.22910404
0
0
5.459111691
0
0
7.728629589
0
0
16.78375816
8.391879082
0
2.640655756
10.65064526
2.080516577
0
6.497614384
46.28833771
0
0
6.858919144
6.596556664
12.47275925
0
10.91366482
10.91366482
0
0
8.832503319
0
0
4.416251659
7.526812077
0
0
0
6.585960388
6.585960388
0
7.438417912
0
13.01723099
0
6.931171894
0
0
0
0
0
5.865076542
0
6.702945709
0
0
0
0
0
0
0
0
0
0
0
0
0
0
0
0
0
0
0
0
0
0
0
0
0
0
0
0
0
0
0
0
0
0
0
2.807943106
0
0
0
0
0
0
3.605125427
0
0
0
0
0.1
6.9
0
0
0
0
0
0
0
0
0
0
0
0
0
0
0
0
0
0
0
0
0
0
0
0
0
0
0
0
0
0
0
0
0
0
0
0
0
0
0
0
0
0
0
0
0
0
7.657058716
0
0
3.403137207
0
0
0
0
0
0
0
0
0
0.4262954
0.4262954
0.4262954
0.4262954
0.4262954
0
0
0
0
0
0
0
0
0
0
0
0
0
0
0
8.6924963
0
0
0
0
0.708084226
1.416168451
12.74551582
2.124252796
5.900702477
4.012477398
13.59045792
8.987238884
0
0
0
0.647677541
8.249365807
1.704414845
0
0
8.765440941
0
0
0
0
5.239977837
11.97709274
5.239977837
10.47995567
10.47995567
0
0
0
0
0
1.919434905
0
9.597174644
0
13.21668148
0
2.957510471
2.957510471
0
2.957510471
4.497050285
0
1.967459202
0
0
0
0
0
2.604070425
24.40763855
21.36123276
0
0
11.47668552
3.31696105
2.498351812
0
0
4.996703625
4.996703625
0
0
31.9572506
0
15.9786253
7.989312649
14.32128048
28.64256096
35.80319977
0
7.16064024
0
3.115666389
5.156014442
14.8614521
32.03898239
6.996546268
11.10195637
0
13.9352684
22.37738037
0
5.963493347
2.385396957
3.605202675
10.97824764
0
0
0
0
0
0
0
0
0
0
0
5.826607704
0
0
0
0
0
25.52381516
0
0
22.83501816
14.3461628
0
0
0
0
0
0
0
0
0
0
0
0
0
0
0
0
0
0
0
0
0
0
0
0
0
0
0
0
0
0
0
0
0
0
0
0
0
0
0
0
0
0
0
0
0
0
0
29.4872036
0
0
8.077310562
0
0
0
16.15462112
0
0
16.43723297
0
0
0
0
11.73165226
0
0
11.71268463
0
0
6.388737679
7.838034153
0
14.3731699
14.3731699
0
14.3731699
0
0
0
0
0
5.06726408
0
0
16.89088058
0
0
0
0
9.061161995
9.061161995
0
0
19.91802597
9.959012985
0
0
0
0
0
0
0
0
7.397030354
7.397030354
8.453748703
0
0
0
7.12468338
2.873821735
0
0
0
0
0
5.636870384
0
0
0
0
5.170535088
0
0
0
0
12.31970119
1.403582215
0
0
0
0
6.313316822
0
6.313316822
0
0
4.816186428
9.632372856
0
0
4.816186428
0
0
8.906682968
2.415371656
0
0
0
0
0
2.77643466
3.388678789
2.96509409
0
0
0
0
0
2.071377993
4.142755985
0
0
0
0
0
0
0
0
0
0
0
0
0.1
6.9
0
0
0
0
0
0
0
0
0
0
1.23411417
0
0
0
0
0
0
0
0
0
0
0
0
0
0
0
0
0
0
0
3.636497498
0
0
0
0
0
0
0
0
0
0
0
0
0
0
0
0
3.064715385
0
1.021571755
0
0
0
0
0
2.496710062
2.775016546
0
0
0
2.821765661
0
0
6.449750423
6.449750423
0
0
1.055404305
13.50917625
0.633242667
5.961709976
1.250036001
0
0
23.26989937
2.143923998
7.771723747
0
3.483876228
22.24321175
0
8.418305397
22.95901299
0
0
0
8.433232307
0
0
0
0
0
0
23.00585747
9.846899986
3.035309076
8.900174141
0
0
13.35026169
0
3.799763918
3.799763918
3.799763918
0
0
0
6.402757168
0
5.84599638
0.97433275
19.6944046
19.6944046
0
0
13.12960243
5.826206207
0
0
3.236781359
0
0
0
2.180217743
3.633695602
0
0
3.708792925
0
3.708792925
0
0
2.809314251
27.39081383
0
2.809314251
28.09175873
10.72382641
0
0
0
1.332540989
0
0
0
5.58642149
0
0
0
0
0
43.40732574
0
0
0
0
7.215095043
0
22.6838398
0
7.879648685
0
3.376705647
2.094590664
6.41057539
0
1.34316802
8.107766151
8.107766151
16.2155323
0
24.32329941
2.129376888
3.9873631
2.108500719
0
0
4.906615734
11.3276186
0
0
9.480066299
9.15397644
0
0
0
18.30795288
4.383467674
0
0
4.109500885
22.0543232
0
0
0
23.61948967
0
0
11.87435532
14.4517355
12.56472492
0
43.81528854
21.90764427
0
0
21.90764427
0
0
3.641424656
0
12.77999878
6.687615395
44.76891327
31.35795975
13.54243279
14.79149055
0
5.973602295
0
0
4.929038048
10.15186024
0
8.279785156
7.707605839
0
9.356830597
0
18.26191139
0
0
18.26191139
32.41291809
0
0
0
0
7.425114155
8.083036423
5.795975685
13.78502274
15.72745895
0
0
0
2.412155151
0
9.166190147
0
0
4.983000755
0
3.813521624
0
6.426032066
6.426032066
19.27809715
0
0
43.63531876
3.774240732
9.817656517
0
9.132849693
0
9.132849693
0
0
4.919023991
9.838047981
14.75707245
9.838047981
0
6.804126263
13.30636406
10.19457912
5.341123104
7.733017445
5.89202261
5.89202261
0
5.89202261
0
0
6.229447842
0
6.229447842
6.229447842
7.182783127
0
12.56987
0
0
0
0
0
9.45663166
9.45663166
0
0
7.32533741
14.65067482
7.32533741
0
2.084654808
0
0
0
2.084654808
2.489091635
0
0
0
4.97818327
0
0
0
4.361077309
0
0
7.787760258
0
0
8.900297165
0
0
0
2.776072741
0
0
2.899352074
0
0
0
0
0
0
0
3.157208443
0
0
0
0
0
0
0
0
0
0
0
0
0
0
0
0
0
0
0
6.547158241
0
0
0
0
0
0
0.1
6.9
0
0
0
0
0
0
0
0
0
0
0
0
0
0
5.456280231
0
0
0
0
0
0
0
0
0
0
0
0
0
4.724279404
0
0
0
0
0
0
0
0
0
0
0
0
0
0
0
0
0
0
0
0
0
0
0
0
0
0
4.716890812
9.338884354
0
0
0
0
0
3.545828581
7.091657162
4.885168076
0
0
0
9.770336151
3.065931082
4.309657574
1.330498457
4.656744003
0
12.0672369
0
0
0
6.03361845
0
0
3.43277359
3.92317009
7.846340179
4.140044212
1.948256373
2.841207266
0
0
8.767152786
4.46407795
0.208263278
1.059426308
7.995499611
10.1686821
0
0
0
0
9.145526886
0
20.5560379
1.130582213
9.352996826
0
5.577054024
0
6.373776436
0
0
0
0
3.438166857
3.438166857
3.929333925
2.565334797
2.565334797
8.795433044
0
2.931811094
10.34459209
31.03377914
5.172296047
5.172296047
0
8.176083565
12.26412582
8.176083565
0
0
9.349292755
0
4.674646378
0
10.68490601
0.843836367
1.116842151
31.76795578
3.127157927
0
0
0
8.579568863
8.579568863
0
0
4.00760746
8.01521492
0
0
0
12.42373848
0
10.87077045
0
0
0
0
18.83301544
0
0
30.8291893
10.27639675
10.27639675
0
10.27639675
0
18.17934608
0
18.17934608
18.17934608
9.928590775
0
0
9.928590775
9.928590775
5.441001415
16.32300377
5.441001415
0
5.441001415
37.99161911
37.99161911
0
0
0
13.64653301
27.29306602
13.64653301
0
40.93959808
17.39640808
0
17.39640808
86.98204041
0
0
13.51970291
13.51970291
13.51970291
0
0
0
0
0
0
12.10975552
11.39987183
19.54263878
10.31417179
0
19.12506104
17.3151989
15.70736027
6.431359768
12.94517326
14.34687996
0
8.047596931
0
14.50946045
20.15863609
0
0
16.57135391
14.49993515
14.49993515
17.48535347
0
34.97070694
0
17.48535347
0
0
0
11.03107452
11.03107452
0
0
9.707763672
0
0
0
14.7517128
13.00375271
9.163539886
10.69962597
5.111455441
14.60664558
0
14.60664558
14.60664558
0
0
19.62607574
17.5925312
13.09981537
0
0
4.500255108
0
16.09974861
13.36122417
0
0
0
8.072774887
30.65159798
0
6.102989197
17.30632973
9.241667747
0
3.885323048
0
0
8.880739212
4.440369606
0
0
0
2.200248241
2.078012228
6.87310791
13.74621582
0
0
0
7.771508217
0
0
0
7.771508217
0
0
0
0
0
0
6.599609852
13.1992197
13.1992197
13.1992197
15.08482265
0
0
5.776155472
2.888077736
0
9.34811306
9.34811306
0
0
0
2.329782486
4.659564972
0
0
0
0
3.278781414
0
0
0
0
0
0
1.167344213
0
0
0
0
0
4.046352386
0
0
0
0
0
0
0
0
0
0
0
3.140011311
3.140011311
3.140011311
0
0
0
0
0
0
0
0
0
0
0
0
0
0
0
0
0
0.1
6.9
0
0
0
0
0
0
0
0
0
0
0
0
0
0
0
0
0
0
0
0
0
0
0
0
0
0
0
0
5.225813389
0
0
0
0.311506718
0
0
1.683619738
0
3.007966518
0
5.263940811
0
0
5.345481396
2.672740698
0
8.018221855
0
5.267621517
3.010069609
0
2.633810759
0
0
0
0
3.537198782
3.372804642
6.745609283
0
0
0
0
5.486947536
0
15.16457558
15.16457558
22.74686432
0
0
1.454410434
0.581764221
0
0
1.308969617
14.90900803
0
0
0
0
5.470902443
2.735451221
0
5.470902443
2.735451221
0
3.775274992
0
0
8.629199982
11.32582569
14.22243023
0
16.2542057
0
0
3.802849293
0.559242487
0
0
0
0.947529793
0
2.84258914
1.539735913
3.434795618
0
0
5.33031702
4.699094772
2.66515851
0
0
11.90105724
20.82685089
0
0
4.143958569
4.735952854
4.143958569
0
12.13624668
24.27249336
6.934998512
12.13624668
13.86999702
0
5.255415916
0
0
5.255415916
7.644728661
3.120297432
0
1.638156176
0
6.438496113
12.87699223
6.438496113
0
6.438496113
12.65793705
0
6.328968525
0
6.328968525
17.09232712
7.193295956
0
0
0
1.979806066
23.84545898
0
0
0
0
0
0
8.099462509
0
24.29838943
0
0
17.46456528
0
25.73725319
9.282952309
0
0
0
12.88798237
16.54180527
0
0
0
0
0
0
0
0
0
40.01047134
60.01570892
0
20.00523567
60.01570892
0
0
0
16.37701035
0
0
0
0
0
0
0
0
0
0
35.12696075
0
0
0
0
0
0
0
0
0
0
0
4.357406139
0
0
0
0
0
17.05526543
0
0
0
0
0
0
0
0
0
0
0
9.003023148
0
0
15.11299133
0
0
0
10.99180698
10.99180698
0
0
0
0
0
0
0
11.79674244
11.79674244
0
0
26.69603157
0
17.79735184
11.76328754
0
0
23.52657509
11.76328754
8.912726402
8.912726402
0
0
0
18.32189178
0
0
0
18.32189178
12.22544098
12.22544098
0
0
24.45088196
9.585297585
0
9.585297585
28.7558918
0
0
0
0
10.47486019
0
0
0
11.28888512
0
0
0
0
0
54.35365295
0
0
0
0
0
0
0
4.531539917
4.531539917
9.063079834
4.531539917
0
0
4.18818903
0
8.376378059
0
0
3.908202887
5.63046217
0
0
0
0
0
1.877416611
0
0
0
0
0
0
0
12.09429836
0
0
0
0
0
0
0
0
0
0
0
0
0
0
0
0
0
0
0
0
0
0
0
0
0
0
0
0
0
0
0
0
0
0
0
0
0
0
0
0.1
6.9
0
0
0
0
0
0
0
2.580963135
0
0
0
0
0
0
0
0
0
2.752895832
0
0
0
0
0
2.244407892
0
0
0
0
0
0
0
0
0
0
2.763921976
2.763921976
0
0
0
0
0
0
0
2.600905895
2.600905895
5.20181179
0
5.421255589
0
0
3.011808157
0
0
4.097106457
4.097106457
4.682407379
5.164927959
2.58246398
0
0
0
0
0
0
0
3.833622694
0
1.916811347
0
0
9.455043793
0
0
9.455043793
16.28584862
0
0
0
5.428616047
10.2764616
3.42548728
3.914842367
0
3.914842367
8.515927315
2.83864212
3.24416256
2.83864212
5.677284241
0
8.094763756
12.14214611
12.14214611
8.094763756
0
4.28571701
4.28571701
0
0
0
0
0
19.27088356
0
3.613290548
0
7.957023144
3.978511572
4.546870232
0
0
0.413040817
0.826081634
5.369530201
0.413040817
0
4.922109127
14.7663269
0
0
0
0
7.74996233
7.74996233
11.62494278
8.680221558
5.786814213
0
0
2.893407106
0
0
6.301221371
0
0
0
0
5.440725327
0
0
0
0
0
0
18.72609138
0
8.369831085
0
41.84915161
0
0
6.561410904
6.561410904
0
0
0
0
0
0
15.59039021
0
3.139975071
0
0
0
11.16196442
0
6.222191811
6.933298588
25.30357742
10.72587204
10.84725952
0
10.84725952
12.39686871
0
11.58792591
19.12007904
11.11387539
0
0
0
0
0
0
0
0
0
0
14.07569313
0
7.29024601
7.29024601
0
7.29024601
14.58049202
23.66135979
0
0
0
0
22.59505844
0
0
45.19011688
0
0
9.780841827
11.1781044
0
0
0
0
8.080331802
24.24099541
12.1204977
0
0
0
25.95324326
0
25.95324326
0
16.08846855
16.08846855
64.35387421
0
0
31.34055901
0
15.6702795
0
0
36.84872818
12.28290844
36.84872818
0
0
0
0
16.29201317
24.43802071
0
8.339704514
8.339704514
8.339704514
0
33.35881805
24.83133125
0
12.41566563
12.41566563
24.83133125
26.6809063
8.893634796
0
0
8.893634796
9.799429893
0
13.71920204
9.227795601
6.492122173
49.31140137
22.73862648
0
0
0
10.5547924
10.5547924
0
10.5547924
0
18.28655243
0
0
0
9.143276215
15.75195408
7.875977039
0
0
7.875977039
20.15817451
11.51895714
0
0
10.07908726
0
13.42470551
0
0
6.712352753
3.801823616
3.801823616
3.801823616
0
0
8.14961338
0
0
0
0
0
0.173165694
0.655365407
0.375636309
0
0.444902599
0
2.878888369
9.991435051
0
0
0
0
0
0
0
0
0
0
0
0
0
0
0
0
0
0
0
0
0
0
0
6.734012604
2.24467063
0
0
0
2.866204262
0
0
0
2.334180832
0
0
0
0
0
0
0
0
0
0
0
0
0
0
0
0
0
0
0
0
0.1
6.9
0
0
0
0
0
0
0
0
0
0
0
0
0
0
0
0
0
1.374180317
0
0
0
0
0
0
3.814552307
0
0
0
3.203068495
3.203068495
4.8046031
0
0
0
0
0
0
5.6240592
0
5.6240592
0
0
0
0
0
0
0
0
0
0
0
0
0
0
0
4.463947296
0
0
2.473534107
2.473534107
6.226237297
6.226237297
3.557849884
3.113118649
3.113118649
0
14.4442091
14.4442091
0
4.814736366
1.808408022
4.747071266
1.582357049
0
1.582357049
0
2.741826296
2.741826296
5.483652592
5.483652592
0
6.422277451
3.211138725
0
6.422277451
0.941196918
3.312847376
2.84017539
0
0
0.174142152
0
3.53924799
7.078495979
0
7.078495979
11.95563984
10.4611845
5.230592251
5.230592251
5.97781992
9.099845886
9.099845886
4.549922943
4.549922943
4.549922943
0.315610617
1.578053236
0.3787328
14.64433384
0
14.10255814
0
7.051279068
0
7.051279068
9.487491608
4.743745804
9.487491608
9.487491608
0
3.932786226
3.932786226
17.97845268
0
4.494613171
7.822488785
0
0
0
0
0
0
0
17.94734764
5.982449055
0
17.43890381
17.43890381
8.719451904
0
0
8.69992733
8.69992733
8.69992733
8.69992733
0
8.917129517
0
0
0
7.802488327
8.103991508
0
0
16.20798302
8.103991508
8.860052109
17.72010422
0
17.72010422
0
0
0
5.896198273
4.597952366
4.652046204
11.92972374
11.92972374
0
0
13.63397026
9.730535507
0
0
0
19.46107101
0
0
3.538639784
6.020003319
3.819142103
13.89204788
24.31108284
12.15554142
0
0
0
0
0
87.02923584
0
0
0
28.67162132
0
0
7.013229847
0
8.176860809
5.094812393
0
0
0
4.397408485
3.747791529
8.594934464
0
0
14.87604618
0
0
0
0
0
0
0
18.41522026
0
0
0
0
0
0
0
0
0
0
0
2.389450312
2.658532381
0
0
10.81442738
21.62885475
0
0
0
0
0
0
0
0
0
0
0
14.52015781
0
0
0
8.10619545
0
0
8.284843445
0
6.536125183
10.08661366
5.64850235
7.82721138
18.89424706
0
0
0
18.89424706
15.22101307
38.0525322
0
7.610506535
22.83151817
0
11.00630379
0
0
0
0
0
15.54077911
7.770389557
15.54077911
0
8.352645874
8.352645874
0
8.352645874
3.767374277
4.885166645
0
0
3.601775646
0
0
8.583659172
0
3.739768982
0
14.77581024
7.387905121
7.387905121
0
0
7.533404827
7.533404827
3.766702414
7.533404827
0
4.986323357
0
9.224698067
0
0
0
0
0
0
0
0
0
0
0
4.690128803
2.318806171
1.73910439
3.18835783
0
0
6.154445648
0
0
0
0
0
0
0
0
7.771348
0
0
0
5.258194923
0
0
0
5.887019634
0
0
0
5.746249199
0
0
0
0
0
0
0
0
0
0
0
0
0
0
0
0
0
0
0
0.1
6.9
0
0
0
0
0
0
0
0
0
0
0
0
0
0
0
0
0
0
0
0
0
0
0
0
0
0
0
0
0
0
0
0
0
0
0
0
0
0
0
0
0
0
0
0
0
0
0
0
0
0
0
0
0
0
0
0
0
0
13.56332111
0
0
0
0
5.398163795
7.257122517
0
4.838081837
2.419040918
7.257122517
6.010548115
15.77768803
10.51845932
0
10.51845932
4.234844685
8.469689369
4.839823246
8.469689369
4.234844685
9.899924278
3.299974442
6.599948883
3.299974442
3.299974442
0
0
7.688047409
3.844023705
3.363520622
3.363520622
0
0
0
5.289402008
7.934103489
0
0
2.486156702
4.972313404
4.972313404
5.374722958
2.351441383
0
0
0
0.702334344
0.479643017
7.94836998
3.271850586
5.087641716
10.12003136
0
0
8.855027199
10.12003136
14.11319542
14.11319542
3.528298855
0
0
5.191203117
17.79841042
0
0
10.38240623
0
6.309408188
14.42150497
0
12.61881638
13.55584049
6.777920246
0
0
0
0
0
0
0
7.386780739
0
3.160150766
0
0
3.611601114
0
0
4.241455078
4.241455078
9.694754601
0
0
0
5.411912441
5.411912441
10.82382488
30.22475815
0
20.1498394
33.43041611
0
0
9.99889183
0
9.99889183
0
0
32.59363937
0
0
22.60526276
27.61810303
12.41419983
12.83265591
41.28767776
0
9.459712029
11.67737293
13.89503479
20.68662453
0
42.18940735
0
14.0631361
32.14431
0
0
0
0
10.76995373
10.76995373
23.13658142
23.13658142
11.56829071
0
0
0
17.61642838
0
0
0
0
17.97458458
0
0
0
9.236798286
0
0
18.47359657
18.47359657
0
0
33.18271637
16.59135818
14.51743793
0
0
0
0
0
0
0
0
0
16.98799324
8.49399662
0
0
0
20.98242569
0
10.38522339
10.38522339
31.15567017
10.38522339
20.77044678
0
17.82450485
17.82450485
0
0
0
0
15.40570641
0
7.702853203
7.702853203
0
0
0
29.11026573
14.55513287
0
0
23.7681694
0
0
9.376458168
0
32.14785767
9.376458168
18.75291634
0
14.17275238
16.68565178
0
0
0
30.95471764
0
10.31823921
10.31823921
0
11.63711834
5.81855917
5.81855917
0
15.80927753
13.83311653
6.916558266
6.916558266
0
0
14.02825832
0
0
7.014129162
7.293647766
0
7.632887363
4.749351978
0
14.28149509
12.49630737
12.49630737
12.49630737
0
0
0
0
6.849787712
0
0
1.012281775
0
0
0
0
0
0
0
0
3.298507929
0
0
0
0
0
0
0
0
0
0
0
3.806290388
0
3.806290388
0
0
0
0
3.607671976
0
4.176640034
0
0
0
0
0
0
0
0
1.235525489
0
0
2.480597496
1.240298748
0
0
0
0
0
0
0
0
0
0
0
0
0
2.986769676
0
0
0
0.1
6.9
4.132759571
0
0
0
0
0
0
0
0
0
0
0
0
0
0
0
0
0
1.287973285
3.863919973
0
0
0
0
0
0
0
0
0
0
0
0
0
1.657215953
0
0
0
0
0
0
0
0
0
0
0
0
0
0
2.912889242
11.10539055
0.754230261
5.818590641
0
0
2.586040258
0
0
0
0
0
0
0
0
0
0
0
0
0
0
0
0
0
0
0
0
0
10.70566177
0
0
0
0
0
0
0
0
0
0
4.532413006
4.532413006
7.931721687
6.415445805
12.83089161
0
0
0
0
7.866610527
5.244407177
0
0
0
0
3.321729183
6.643458366
9.965188026
0
4.110937119
25.62991524
15.07343674
0
3.869162798
4.090257645
12.04967785
17.79814911
0
0
0
3.165483713
11.07919312
6.330967426
8.278752327
0
0
16.55750465
0
0
0
3.160714149
0
3.612245083
0
0
11.26681137
10.40013313
0
0
11.02180862
0
0
0
2.784892797
0
0
0
0
0
13.08869171
0
6.544345856
0
6.544345856
17.49999809
0
5.833332539
0
0
0
0
13.30895329
0
0
10.67317963
10.67317963
21.34635925
0
10.67317963
11.41479111
0
0
11.41479111
11.41479111
0
0
0
23.40777969
0
49.14189148
16.38063049
0
0
0
14.32683754
0
0
0
7.16341877
0
38.08674622
57.13011551
19.04337311
0
0
0
23.85375214
0
6.957344532
0
0
0
0
0
0
0
0
15.84380913
15.84380913
13.31188965
26.6237793
0
0
0
0
0
0
0
0
0
0
0
16.05057907
8.025289536
0
0
0
0
0
0
0
7.317271233
7.317271233
0
7.317271233
0
0
0
0
0
0
8.645872116
8.645872116
0
0
8.645872116
0
0
0
0
0
0
50.97261047
25.48630524
0
0
19.91527939
0
9.957639694
19.91527939
0
15.07525158
0
0
0
0
0
0
0
0
15.20973969
0
0
0
11.18598843
22.37197685
6.554352283
0
13.10870457
0
6.554352283
14.31809711
7.159048557
7.159048557
0
7.159048557
16.8733387
8.43666935
0
8.43666935
16.8733387
19.44079781
0
0
0
0
0
0
0
11.43653011
0
19.3960762
9.698038101
0
0
0
0
0
0
0
0
0
2.761440754
0
0
5.522881508
0
0
0
0
7.858093739
3.929046869
3.721519947
0
0
3.721519947
3.721519947
0
3.401552677
0
0
3.401552677
3.000112772
3.000112772
0
0
3.000112772
0
3.52483201
0
0
0
0
1.634380102
1.634380102
0
0
2.320095062
2.320095062
4.640190125
0
2.320095062
5.542022705
4.84926939
0
0
4.84926939
3.192224026
0
6.384448051
6.384448051
0
0
0
0
0
0
0
0.1
6.9
0
0
0
0
0
0
0
0
0
0
0
0
0
0
0
0
0
0
0
1.923379183
0
0
0
0
0
0
0
7.277829647
0
0
0
0
0
0
4.925276279
0
0
0
0
2.594925404
2.594925404
5.737234116
5.020079136
0
0
0
0
4.481930256
4.481930256
0
0
0
0
0
7.599012852
3.799506426
2.32475853
2.32475853
2.32475853
5.560119152
2.780059576
0
0
2.780059576
6.528013706
3.264006853
6.528013706
0
6.528013706
5.204803944
5.204803944
0
0
5.204803944
0
9.09975338
0
0
4.54987669
2.806912661
8.42073822
5.613825321
0
8.42073822
6.212675571
3.106337786
0
9.319013596
3.106337786
3.106337786
10.60741043
9.256466866
0
34.34900284
1.951363444
4.259627819
8.519255638
4.259627819
4.259627819
12.77888393
0
0
0
19.06371307
0
0
0
0
0
13.31745148
0
0
0
0
0
0
0
20.19069862
0
11.53754234
0
0
9.177152634
9.177152634
8.030007362
0
0
0
6.57916069
13.15832138
0
18.45051193
9.225255966
9.225255966
0
17.05355453
8.526777267
19.48977852
0
0
0
6.250051975
12.50010395
25.0002079
12.50010395
21.42610741
0
21.42610741
0
0
0
0
0
10.44898129
9.142858505
0
0
0
0
13.16718483
0
0
0
0
0
0
0
13.61778641
13.61778641
0
13.61778641
0
44.28224945
0
0
22.14112473
0
15.19946289
0
7.599731445
0
16.31184196
48.93552399
0
32.62368393
0
0
0
21.247015
21.247015
0
0
15.35153675
26.31692123
7.675768375
7.675768375
0
0
0
0
0
14.99184132
0
0
0
14.99184132
0
0
0
0
0
0
0
0
0
0
0
0
0
0
0
0
0
0
48.52859116
0
0
0
0
0
0
0
31.55017853
0
0
0
0
0
0
0
0
0
0
0
10.73472595
0
42.93890381
10.73472595
25.04881859
0
0
0
0
0
24.90870285
0
12.45435143
0
0
0
0
0
0
0
0
0
14.32549381
0
32.04441452
0
0
0
16.02220726
0
28.40970802
7.102427006
0
0
0
41.24591446
41.24591446
0
0
20.7030201
0
0
0
10.35151005
0
0
0
13.66721821
0
0
0
0
6.457168579
6.457168579
0
0
8.231864929
8.231864929
8.231864929
0
0
0
0
0
0
0
0
0
0
0
0
0
0
0
0
0
0
9.540750504
0
0
0
0
0
0
0
0
4.899988174
0
4.899988174
0
3.947516441
3.947516441
0
7.895032883
0
0
0
0
0
0
0
0
0
0
0
0
0
0
0
0
0
0
0
0
0
0
0
0
0
0
0
0.1
6.9
0
0
0
0
0
0
0
0
0
0
0
0
0
0
0
0
0
0
0
0
0
0
0
0
0
0
0
0
0
0
0
0
0
0
0
2.387159586
3.529683352
0
0
0
1.764841676
0
2.558558702
0
0
0
0
0
0
0
0
0
0
2.51393795
2.51393795
0
0
0
0
0
10.24178123
0
0
0
0
0
4.228564739
0.483264536
0.483264536
0
0
0
9.812687874
0
0
0
0
0
0
0
3.345090866
0
0
0
2.926954508
3.164473295
3.164473295
3.164473295
0
0
0
0
4.829073906
0
8.450879097
4.829073906
4.600626945
10.51571941
5.257859707
9.201253891
4.600626945
2.391832829
0
2.391832829
0
0
14.78929806
16.90205765
0
0
0
4.775083065
0
0
0
0
2.733433962
0
0
2.733433962
8.200302124
0
0
0
3.782078505
3.782078505
0
6.145988941
14.04797459
0
18.4379673
0
0
19.1456604
0
0
0
4.607303143
9.214606285
0
13.82190895
13.64365768
9.09577179
9.09577179
0
4.547885895
24.72422791
0
0
8.241409302
0
0
11.29192543
11.29192543
0
0
0
14.07986927
0
0
14.07986927
0
0
0
0
16.47626495
24.71439743
14.53671455
0
14.53671455
0
0
0
0
0
0
0
19.02199173
0
0
0
0
0
17.53941727
0
0
0
0
0
0
23.52955246
0
0
10.20201683
0
9.370742798
6.083425045
7.215081692
0
0
0
0
16.65906715
0
0
0
0
0
0
0
0
0
0
0
0
0
0
0
0
0
0
0
0
0
0
0
0
0
0
0
0
0
0
0
0
0
0
0
48.71279907
0
0
0
0
0
0
0
0
0
0
10.93089199
0
10.93089199
10.93089199
0
0
0
0
0
0
0
35.25340271
0
35.25340271
11.75113487
15.97744942
31.95489883
0
15.97744942
0
0
0
0
23.60575676
21.22517776
0
0
0
8.618610382
0
0
9.182904243
0
4.591452122
0
10.88282013
5.441410065
0
0
0
0
20.92844582
0
0
20.92844582
7.814051628
7.814051628
0
0
0
0
14.9831934
0
0
0
0
0
4.211034775
0
0
4.211034775
3.75108099
0
3.75108099
7.50216198
3.75108099
3.98467803
3.98467803
0
0
0
0
0
0
0
0
0
0
0
0
0
0
0
0
0
0
0
0
0
0
0
0
0
0
0
0
8.475525856
7.416085243
0
0
0
0
0
0
0
0
0
0
0
0
0
0
0
0
0
0
0
0.1
6.9
0
0
0
0
0
0
0
0
0
0
0
0
0
0
0
0
0
0
0
0
0
0
0
0
0
0
0
0
0
0
0
0
0
1.564570785
4.693712234
0
0
0
0
0
0
0
0
1.419779181
2.839558363
2.839558363
0
0
0
0
0
0
0
0
0
2.13500762
1.064419627
0
1.064419627
2.276312113
0
0
2.276312113
2.276312113
3.160347223
0
7.71496439
2.556162834
4.926424026
0
0
0
8.817518234
0
0
0
4.618983269
4.618983269
0
0
0
0
0
0
3.146593809
6.293187618
9.439782143
3.596107483
6.293187618
3.596107483
0
2.958355188
2.958355188
5.916710377
8.875065804
3.583832502
7.167665005
0
3.583832502
0
4.812494278
5.61457634
6.149297714
0
5.61457634
3.180122137
0.588911474
1.491909266
12.52418613
0
0
0.536000133
13.30254936
0
0.243636429
0.641952038
11.08826351
0.758670509
0
0
0
3.601749182
8.232570648
7.203498363
0
6.52089119
0
3.260445595
3.260445595
6.52089119
0
0
0
2.915248632
2.915248632
1.854923725
0
3.70984745
1.854923725
0
2.681969404
0
5.363938808
5.363938808
2.681969404
0
0
18.19356155
0
0
7.575680256
9.277658463
10.60303783
0
0
18.55531693
8.411710739
0
8.411710739
16.82342148
25.23513412
0
0
0
0
19.89617538
9.869649887
9.869649887
0
0
0
23.04782486
0
23.04782486
0
0
0
0
21.54066658
0
0
12.63183308
12.63183308
0
12.63183308
12.63183308
0
11.20961952
22.41923904
0
0
0
0
0
0
0
0
0
0
0
0
0
0
0.546783984
0.392368138
0.974591851
4.529602051
4.377771854
3.188435078
0
11.66562271
4.099415779
0
0
0
0
14.20365906
0
0
0
0
0
0
0
5.268317699
0
0
44.77385712
0
0
0
14.92461872
0
0
6.581317425
19.7439518
13.16263485
0
0
0
20.93285179
0
0
0
0
0
9.887747765
0
0
10.5851593
0
0
9.262013435
0
5.819281101
0
23.2771244
5.819281101
9.861633301
0
9.861633301
19.7232666
19.7232666
0
0
18.87891388
0
0
10.74155807
0
10.74155807
32.22467422
0
0
0
0
32.73798752
0
0
5.735173225
11.47034645
22.9406929
11.47034645
0
0
12.74742603
0
0
0
5.81608963
8.92702198
0
2.569900036
0
19.10503387
19.10503387
0
0
12.6274662
12.6274662
0
0
0
6.313733101
0
0
0
0
0
0
2.511339664
0
0
0
0
0
1.656810164
4.970430374
4.970430374
0
0
5.139029503
10.27805901
0
0
5.175992966
0
0
5.175992966
7.087356091
24.29950905
0
0
0
3.512245417
7.024490833
7.024490833
0
3.512245417
3.010869503
0
0
0
0
0
0
0
0
0
0
0
0
0
0
0
0
0
0
0
0
0
0
0
0
3.008994102
0.1
6.9
0
0
0
0
0
0
0
0
0
2.603070736
2.436184883
1.218092442
0
0
0
0
0
1.703613997
0
1.703613997
0
0
0
0
0
0
0
0
0
0
0
0
0
0
0
0
0
0
0
0
0
12.17978382
0
0
0
0
0
0
0
0
0
0
0
0
0
0
0
0
4.282326698
0
0
0
11.20971775
5.604858875
0
0
0
0
10.29536629
12.60564518
0
0
0
0
0
0
3.489436626
1.993963838
1.744718313
2.991470814
0
0
2.991470814
0
2.11539197
0
0
2.11539197
4.230783939
2.11539197
3.815053701
31.99722099
4.430384636
17.10620689
0
0
0
13.51980972
0
0
0
0
0
0
3.847444296
15.08173847
0
0
0
0
0
2.422124147
14.93643379
9.68849659
0
4.212446213
3.685889959
3.685889959
0
7.371779919
0
14.45995617
9.639970779
0
9.639970779
3.427802086
3.427802086
3.427802086
6.855604172
0
10.76055527
6.148889065
26.90138817
5.380277634
0
0
0
3.123386621
0
6.246773243
6.714100361
15.34651566
0
0
13.42820072
0
15.29220867
7.646104336
7.646104336
0
0
6.440667152
0
6.440667152
0
12.8813343
0
0
0
25.72348595
0
0
0
0
0
0
0
19.13448334
0
0
0
0
0
0
0
17.50147438
0
24.77899742
0
0
0
0
0
0
11.22935581
0
0
0
0
8.435975075
0
12.73025227
12.73025227
0
0
0
0
0
0
0
0
0
0
0
0
0
0
0
0
0
0
0
0
0
0
0
0
0
0
0
0
0
0
0
0
0
0
0
0
0
0
18.29319382
0
14.24856377
14.24856377
14.24856377
0
0
29.01465988
0
0
0
0
0
21.93886948
0
0
21.93886948
0
0
0
0
0
0
0
0
0
0
0
0
0
0
8.767989159
9.35676384
46.78382111
9.35676384
18.71352768
0
0
0
0
18.73601913
0
0
5.359844208
5.359844208
5.359844208
0
5.671441078
5.671441078
5.671441078
5.671441078
0
9.069272995
18.13854599
18.13854599
0
9.069272995
9.453531265
9.453531265
0
18.90706253
9.453531265
4.316436768
0
0
4.316436768
4.316436768
20.90196419
6.967321396
6.967321396
20.90196419
0
0
0
0
11.19880295
7.465869427
3.732934713
3.93967557
1.969837785
0
1.969837785
0
0
0
0
3.47426796
0
0
2.590429306
2.590429306
0
0
0
0
0
0
0
0
0
0
0
0
0
0
0
0
0
0
0
0
0
0
0
0
0
0
0
0
0
0
0
0
0
0
0
0
0
0
0
0
5.032301903
0
0
0.1
6.9
0
0
0
0
0
0
0
0
0
0
0
0
0
0
0
0
0
0
0
0
0
0
0
0
0
0
0
0
0
0
0
0
0
0
0
0
0
0
0
0
0
0
0
0
0
0
0
0
0
0
0
0
0
0
0
0
0
0
18.81755829
2.371463299
2.371463299
9.485853195
2.371463299
0
3.69855237
7.39710474
7.39710474
0
3.69855237
5.923367977
0
0
0
14.80841827
0
2.130959034
7.306145668
0
0
0
3.316516638
3.316516638
3.316516638
0
0
0
5.351924896
2.675962448
0
2.675962448
4.874248505
4.874248505
2.785285234
2.437124252
4.874248505
0
3.686522007
3.686522007
1.843261003
3.686522007
0
3.605875492
5.408813
1.802937746
3.605875492
8.693554878
16.15398216
14.42760181
2.71288228
0
0
0.51456362
0
49.98618317
0
5.285012722
0
10.57002544
21.14005089
5.285012722
19.79234695
19.79234695
0
0
0
4.401476383
0
0
4.401476383
0
15.40633583
0
0
15.40633583
7.703167915
0
0
7.713328838
0
0
6.714686394
13.42937279
13.42937279
20.14405823
0
9.442635536
9.442635536
0
4.721317768
9.442635536
0
0
0
14.89267063
0
7.446335316
33.50864029
9.573898315
25.13147926
0
0
0
9.954771042
9.954771042
0
9.954771042
0
10.35891056
0
20.71782112
0
0
0
11.03690338
22.07380676
0
0
0
0
0
22.89715576
0
0
29.71903992
29.71903992
0
0
0
0
0
0
17.97335052
0
17.97335052
0
0
0
0
0
25.24661446
25.24661446
0
20.24123573
0
0
0
9.437395096
0
0
0
18.87479019
18.87479019
0
0
0
9.322206497
9.322206497
0
16.62696648
0
0
0
12.0245409
0
10.39715862
0
13.4258976
7.300882339
29.20352936
0
7.300882339
14.60176468
0
0
15.81612492
31.63224983
15.81612492
28.73566055
14.36783028
28.73566055
0
14.36783028
0
22.3138485
11.15692425
0
0
11.15692425
0
0
0
0
0
14.86497402
33.97708511
0
0
0
17.89593697
0
0
8.947968483
8.947968483
24.01188469
0
12.00594234
24.01188469
0
11.20302773
11.20302773
11.20302773
11.20302773
22.40605545
0
0
0
0
0
7.805737019
15.61147404
0
0
15.61147404
4.926725864
4.926725864
4.926725864
0
0
5.826984882
0
0
11.65396976
5.826984882
17.22220421
8.611102104
0
17.22220421
8.611102104
6.841595173
0
0
13.68319035
0
6.841595173
7.261424065
0
0
7.261424065
3.630712032
0
4.784642696
0
0
0
0
0
0
0
0
0
0
0
0
0
0
0
0
0
0
0
0
0
0
0
0
0
3.424369574
0
1.712184787
3.659268618
0
3.659268618
0
0
4.666924953
0
0
0
0
0
0
0
0
0
2.979590178
2.979590178
2.979590178
0
0
0
0
0
0
0
0
0.1
6.9
0
0
0
0
0
0
0
0
0
0
0
1.971643448
0
0
0
0
0
0
0
0
1.702222466
0
0
0
0
4.579190254
0
0
0
0
0
3.189108133
0
1.594554067
3.189108133
0
0
0
5.153846264
5.153846264
5.153846264
2.190610886
2.190610886
2.190610886
0
4.381221771
4.894525528
0
0
0
0
0
0
0
0
0
1.501934171
0
4.505802155
0
4.120452881
0
4.120452881
4.120452881
0
0
0
3.468132734
0
6.936265469
4.194292545
0
8.388585091
4.194292545
16.77717018
2.076036692
0
0
2.076036692
4.152073383
4.737157822
4.737157822
0
0
0
2.563920975
0
2.563920975
2.563920975
2.563920975
0
0
0
0
9.156558037
0
4.720160961
0
0
4.720160961
9.440321922
16.62116241
5.54038763
0
0
5.54038763
8.680164337
13.02024555
0
0
8.680164337
0
7.37710619
3.688553095
0
0
0
12.80828857
0
0
8.538859367
4.052937508
8.105875015
0
8.105875015
13.89578533
0
0
0
4.217507839
12.65252304
0
0
0
8.841944695
17.68388939
0
0
0
0
5.526519775
0
11.54601955
0
0
5.773009777
4.259602547
9.736234665
4.259602547
12.77880764
4.259602547
0
0
0
30.098032
10.03267765
10.03267765
17.47766304
26.21649551
0
17.47766304
8.73883152
12.52842903
37.58528519
0
0
0
21.92684174
0
0
0
0
0
0
25.26260948
0
0
17.2291317
19.69043732
0
0
0
0
10.50513172
10.50513172
10.50513172
0
13.66331577
0
0
0
0
0
34.66085052
34.66085052
0
0
0
21.82570839
0
0
0
0
0
0
0
13.66084862
0
0
0
0
0
0
0
0
0
0
0
0
0
0
0
0
0
6.716105938
0
0
0
13.44694805
0
0
0
40.3408432
0
0
0
10.5922823
10.5922823
0
0
0
0
0
17.70300865
0
0
0
0
21.36408806
0
0
0
0
0
0
0
0
0
0
0
0
0
0
0
11.29669189
0
0
0
22.59338379
0
0
0
0
0
0
13.56980324
6.784901619
6.784901619
13.56980324
5.253537655
5.253537655
0
0
0
0
21.32645035
0
0
0
13.80189133
13.80189133
0
13.80189133
6.900945663
0
0
0
0
0
18.67582512
18.67582512
0
0
0
0
0
0
0
0
0
0
0
0
0
0
0
0
0
0
0
0
0
0
0
0
0
0
0
0
0
0
7.144620895
0
7.144620895
0
6.207967758
0
0
3.103983879
3.103983879
0
0
0
3.925134897
0
0
0
0
0
0
0
0
0
0
0
0
0
0
0
3.931539059
0
0
0
0
0
0
0.1
6.9
0
0
0
0
0
0
0
0
0
2.305890799
0
0
2.549871206
1.274935603
1.274935603
1.416644573
0
0
0
1.416644573
0
0
0
0
0
0
0
0
0
0
0
0
0
0
0
0
0
0
0
0
0
0
0
0
0
0
0
0
0
0
0
0
0
0
0
0
3.092719078
6.185438156
3.092719078
1.936867118
9.684335709
0
0
0
0
0
0
0
0
0
4.920532703
0
2.460266352
0
0
0
1.451731443
1.451731443
1.451731443
0
10.27038956
13.47988701
0
4.49329567
13.77859497
0
0
0
6.29878664
2.755718946
2.683224678
2.683224678
8.049674034
8.049674034
0
0
0
0
0
0
12.22273254
10.69489098
0
10.69489098
5.347445488
3.913554907
3.913554907
3.913554907
7.827109814
3.913554907
0
0
8.544858932
14.74940777
1.360646486
0
4.858089447
4.250828266
4.250828266
0
9.701916695
9.701916695
0
0
0
8.442287445
19.29665756
0
0
0
0
2.85670352
2.85670352
0
0
0
0
16.31588364
5.43862772
10.87725544
0
10.55471897
0
0
0
5.649215221
16.94764519
0
11.29843044
5.649215221
5.649215221
6.742208958
6.742208958
20.22662735
6.742208958
13.48441792
0
0
7.5295434
7.5295434
0
38.36925888
0
0
9.59231472
0
0
0
0
27.73001671
0
0
6.176189899
6.176189899
0
0
0
0
0
0
0
0
0
0
0
0
0
0
0
0
0
0
78.05112457
0
0
0
0
0
0
0
0
0
0
17.69556046
35.39112091
0
0
0
0
0
0
0
0
0
0
0
0
0
0
0
15.74114037
0
0
0
0
0
13.96620655
0
0
0
0
0
0
0
0
21.40636635
0
0
0
0
0
23.43907166
0
0
0
0
0
13.84090233
0
21.86380959
14.57587337
7.287936687
7.287936687
6.978599548
0
20.93579865
6.978599548
0
11.33421803
45.3368721
11.33421803
0
0
0
0
14.34517765
0
0
6.492924213
7.420485497
0
12.98584843
0
0
0
8.539435387
9.759355545
8.539435387
8.432203293
4.216101646
8.432203293
4.216101646
8.432203293
0
6.002076626
0
12.00415325
0
0
0
7.719621181
15.43924236
0
4.018848896
8.037697792
0
8.037697792
0
0
14.05478287
0
0
7.027391434
14.05478287
3.599527359
0
0
0
0
0
0
5.11690855
0
5.11690855
0
0
4.256716251
4.256716251
0
0
3.745292902
0
3.745292902
3.745292902
0
0
0
0
0
4.210047245
8.42009449
0
8.42009449
0
0
0
0
0
0
0
4.03001833
2.015009165
0
4.03001833
0
9.20471096
0
0
0
0
0
0
0
0
0
0
3.153818607
0
0
0
0
0
0
0
0
0.1
6.9
0
0
0
0
4.374690056
0
0
0
0
0
0
0
0
0
0
0
0
0
0
0
0
0
0
0
0
0
0
0
4.686113834
4.686113834
0
4.426514149
0
0
0
0
0
0
0
0
3.306183577
3.435799599
6.871599197
0
0
0
0
0
0
0
0
0
0
0
0
0
0
0
0
0
2.763467073
2.763467073
0
0
0
0
0
0
0
0
3.610072851
3.610072851
0
0
0
0
0
0
2.416405439
0
0
0
0
0
0
0
0
0
6.36152029
2.120506763
10.78547573
4.108752728
7.190316677
3.595158339
7.190316677
3.968070745
3.968070745
3.968070745
7.936141491
11.904212
4.940771103
4.940771103
4.940771103
7.411156654
0
0
2.286133528
12.28796577
2.857666731
0
14.9472084
8.541262627
7.473604202
0
0
0
12.55458927
5.492632866
5.492632866
10.98526573
11.5118475
11.5118475
5.755923748
5.755923748
0
25.61699104
0
18.27454185
6.852953911
6.689787865
0
0
0
0
0
14.51110268
0
0
10.96394444
0
0
0
18.59192276
0
0
0
0
5.851971149
0
11.7039423
5.851971149
7.992702007
4.111948013
16.10100174
3.550477505
12.28630447
0
0
11.88091183
0
0
0
13.33736324
0
0
0
10.92499638
0
32.77499008
0
0
24.46684074
0
6.116710186
0
0
11.65200996
0
0
11.65200996
0
0
18.89121056
0
0
0
0
18.25474167
0
18.25474167
0
7.838962078
7.838962078
0
0
7.838962078
0
0
0
0
13.22513103
0
0
0
0
0
0
0
0
0
0
0
0
0
0
0
0
0
0
0
0
16.06188774
15.99886894
0
31.99773788
0
0
0
0
0
0
0
0
0
0
0
0
0
0
0
0
0
0
0
0
0
0
0
0
0
0
35.8935318
0
0
0
0
27.21349716
0
0
0
0
0
0
0
0
0
0
0
16.26697159
0
0
0
0
0
0
0
0
9.221099854
0
0
26.53211212
0
0
6.832136154
27.32854462
0
0
0
7.733021736
7.733021736
17.67547989
7.733021736
7.733021736
0
0
9.593384743
0
4.796692371
0
0
0
5.280097485
5.280097485
0
5.542852879
0
0
0
0
3.487054825
3.487054825
0
0
0
0
0
0
0
0
0
0
0
3.14165163
0
0
2.425407648
2.425407648
0
0
0
3.411371946
0
1.705685973
0
0
0
0
0
0
0
0
0
0
0
0
3.984935284
1.992467642
0
0
0
0
0
0
0
0
0
0
0
0
0
0
2.305643082
2.305643082
2.305643082
0
0.1
6.9
4.2562356
0
0
0
4.2562356
0
0
0
0
0
0
0
0
0
0
0
0
0
0
0
0
0
0
0
0
0
0
0
0
8.175579071
0
0
0
3.211296558
3.211296558
0
0
0
0
0
0
0
0
0
0
5.605478764
8.087135315
3.5381217
3.5381217
0
0
0
0
0
5.045766354
0
1.710839987
3.421679974
3.421679974
0
0
4.897696972
5.59736824
11.19473648
5.305650711
0
0
5.305650711
6.063601494
3.317581415
9.95274353
9.95274353
0
0
4.236535072
4.236535072
8.473070145
4.236535072
4.841754436
0
0
6.647538185
0
0
3.516320944
3.516320944
0
0
0
3.516320944
1.273292542
21.03964043
0
0
0
4.1692276
16.6769104
4.1692276
0
0
0
0
6.030399799
5.276599884
5.276599884
9.045746803
18.09149361
0
0
5.168997765
5.075821877
0
0
2.537910938
0
4.837715149
7.256572247
7.256572247
0
2.418857574
0
0
5.837977409
2.918988705
0
4.536683559
0
4.536683559
9.073367119
4.536683559
0
0
13.47431183
6.737155914
11.7900219
0
0
9.169688225
9.169688225
9.169688225
0
0
0
3.416965246
3.416965246
6.665381432
6.665381432
7.617578983
6.665381432
0
0
0
0
10.18761444
21.08836365
0
8.674806595
0
8.674806595
9.914065361
0
8.394910812
7.345546246
7.345546246
14.69109249
22.03663826
0
12.65337372
11.07170105
0
0
0
7.234491348
7.234491348
21.70347214
0
6.412738323
12.82547665
0
12.82547665
12.82547665
25.13328171
28.72375107
0
0
25.13328171
0
0
0
0
30.53630447
28.0028801
28.0028801
0
28.0028801
28.0028801
30.95923805
15.47961903
0
30.95923805
0
0
0
13.82740688
27.65481377
0
0
10.87187099
10.87187099
0
0
0
0
0
0
0
0
0
0
0
0
13.39257336
10.65968704
0
0
0
0
0
27.45619392
0
0
27.45619392
0
0
0
13.0143261
26.02865219
15.23390007
0
0
15.23390007
45.70170212
0
0
14.24044895
7.120224476
0
0
16.86926842
0
0
0
0
7.913593769
0
15.82718754
0
0
0
24.02934265
0
0
24.02934265
22.90680313
11.45340157
0
0
34.3602066
0
12.13951778
0
12.13951778
24.27903557
5.082432747
10.16486549
0
10.16486549
10.16486549
0
0
9.764505386
0
0
12.96566296
0
6.482831478
0
0
0
6.484652042
6.484652042
12.96930408
0
0
7.159947872
14.31989574
7.159947872
0
0
0
32.63849258
0
0
10.87949848
2.630608082
2.630608082
7.891824722
2.630608082
0
0
0
0
0
3.09366703
0
0
0
0
0
5.062460899
0
0
0
0
0
5.053158283
0
0
0
0
3.605358601
0
3.605358601
3.605358601
0
0
0
0
0
0
0
0
0
0
0
0
0
0
0
0
0
0
0
3.652200699
0
0
0
0
0
3.564546585
0
0
0
0
0
0.1
6.9
0
2.70054245
0
0
0
0
0
0.917461455
0
0.917461455
1.086310625
0
0
1.086310625
0
0
0
0
1.417853475
0
0
0
0
0
0
0
0
0
0
0
0
0
0
0
0
0
0
0
0
0
0
0
0
0
0
0
0
0
0
0
0
9.950745583
0
0
0
0
0
0
0
0
0
0
0
0
0
0
0
0
0
0
0
0
0
0
0
5.414356709
5.414356709
10.82871342
0
16.2430706
4.334079266
0
0
0
0
0
26.51940536
0
0
0
0
5.586941242
5.586941242
0
5.586941242
8.380412102
0
0
0
0
0
17.41806984
3.483614206
0
4.644818783
3.483614206
0
4.460288048
0
8.920576096
13.3808651
5.067662716
15.20298767
0
0
0
0
4.448721409
8.897442818
8.897442818
0
12.6236496
0
0
11.0456934
3.681897879
6.416791439
9.625187874
3.20839572
3.20839572
9.625187874
5.551862717
0
11.10372543
0
5.551862717
10.62901211
0
0
0
0
3.933273792
0
7.866547585
11.79982185
0
13.36836433
0
0
0
0
6.684182167
20.45294571
5.113236427
0
0
10.22647285
0
0
0
0
0
0
23.57461739
0
0
0
27.07187271
18.04791451
9.023957253
9.023957253
9.023957253
3.99610877
7.992217541
0
0
0
0
0
0
0
18.76935768
0
0
10.30301666
0
0
27.2201767
13.61008835
13.61008835
27.2201767
0
0
0
0
14.93741512
0
0
0
0
0
0
0
0
0
0
0
0
0
29.42678452
14.71339226
0
0
56.26119614
0
14.06529903
0
0
0
6.47804594
6.47804594
6.47804594
0
0
0
0
6.481141567
0
0
0
0
0
0
0
10.1442194
10.1442194
0
0
0
0
0
0
0
0
0
0
0
0
0
0
10.03265381
0
0
50.16326141
19.96742821
0
13.31162071
0
0
0
22.03619957
0
0
0
0
11.54430389
0
5.772151947
5.772151947
0
11.5541954
0
0
0
13.59318066
6.796590328
6.796590328
0
0
9.139167786
18.27833557
0
0
0
0
0
0
0
5.895600319
7.008247375
7.008247375
14.01649475
0
0
0
0
3.760002136
3.760002136
3.760002136
0
10.814538
5.407269001
10.814538
0
10.814538
4.329864979
0
0
0
4.329864979
0
0
0
0.843668163
0
0
0
0
0
6.362913132
0
0
0
5.317019463
2.658509731
4.256100655
0
0
0
0
0
0
0
0
0
0
0
0
0
0
0
0
0.606220722
0
0.692823708
2.34440136
0
0
0
0
0
0
0
0
0
1.981400013
0
1.981400013
0
0
0
0
0
0
0
3.036208391
0.1
6.9
0
0
0
0
4.391157627
0
0
0
0
0
0
0
0
0
0
0
0
0
0
0
3.379259109
0
0
0
0
0
0
0
0
0
0
0
0
4.279448032
0
0
0
0
0
0
0
0
0
0
0
0
0
0
0
0
0
0
0
0
0
2.231420279
1.037871957
1.037871957
2.075743914
4.898320675
0
0
4.898320675
2.449160337
0
0
2.218018055
0
0
0
2.319016457
4.058278561
8.116557121
0
4.297934055
2.148967028
0
4.297934055
0
3.501724243
1.750862122
1.750862122
0
1.750862122
5.206699371
0
5.206699371
5.206699371
0
5.206699371
15.79050446
15.79050446
26.3175106
0
5.263502121
4.676827908
0
0
0
0
4.217768192
2.108884096
4.217768192
2.108884096
0
6.818600655
3.409300327
10.22790051
3.409300327
0
6.566393852
6.566393852
0
6.566393852
13.1327877
3.741543531
0
3.741543531
11.22463036
0
0
3.764132977
15.05653191
15.05653191
0
0
6.004764557
3.002382278
9.007146835
0
0
4.482192993
0
8.964385986
17.92877197
4.752706051
0
0
0
14.25811768
0
0
0
16.02482796
16.02482796
0
14.85017586
7.425087929
14.85017586
14.85017586
0
0
13.73716068
0
0
13.73716068
0
0
6.172994137
0
0
0
0
19.20681
0
0
0
0
19.59246445
0
0
0
9.721359253
19.44271851
19.44271851
0
0
0
22.1309185
0
0
0
12.19540215
0
0
12.19540215
0
0
0
0
0
0
17.7694912
0
0
0
0
0
0
0
0
25.6664257
0
0
0
0
0
0
0
0
0
0
0
0
0
0
0
0
0
0
0
0
0
19.22063828
0
0
0
0
0
0
0
0
0
0
0
16.50923729
0
0
0
4.447925568
0
0
0
0
0
0
0
0
0
0
23.53622437
11.76811218
0
0
31.97548676
0
7.993871689
0
0
12.28886986
12.28886986
0
0
10.77096081
10.77096081
10.77096081
0
10.77096081
0
7.520861626
0
0
8.595271111
0
0
0
16.15805435
0
0
0
0
0
0
2.714073181
2.714073181
0
0
2.714073181
0
19.46463776
8.515778542
0
0
0
8.655473709
0
8.655473709
0
0
0
5.096680641
0
0
0
0
0
0
0
7.460782528
0
0
8.862475395
8.862475395
0
5.589886189
0
0
0
0
0
0
0
0
0
5.066833019
5.066833019
0
0
0
0
0
0
0
0
4.227005959
4.227005959
0
0
0
0
0
0
0
0
0
0
0
0
0
0
0
0
0
0
0
0
0
0
0
0
0
0
0
0
0
0.1
6.9
3.230817795
0
0
0
0
3.029959679
3.029959679
0
0
0
0
0
0
0
0
0
0
0
0
0
0
0
0
2.476407051
1.238203526
0
0
0
0
0
0
0
0
0
0
0
0
0
0
0
0
0
0
0
0
0
0
4.451920986
0
0
0
0
0
2.74654603
1.373273015
1.373273015
1.308626771
0
1.308626771
0
1.802980661
0
0
0
2.905097246
2.905097246
5.810194492
2.905097246
5.810194492
0
3.3998487
0
0
3.3998487
3.114673615
3.114673615
6.229347229
0
0
0
1.23742497
0
0
2.474849939
0
6.811295509
6.811295509
10.21694374
0
3.405647755
0
0
3.301004887
3.301004887
3.301004887
3.910458803
15.64183521
17.87638283
11.73137665
3.910458803
3.790728807
0
11.37218571
0
11.37218571
5.692007065
11.38401413
5.692007065
17.07601929
0
0
0
1.041542053
0
0
3.854946375
6.6084795
0
1.927473187
3.854946375
10.07761574
20.15523148
0
10.07761574
0
19.81488228
0
0
13.20992088
0
10.12414265
5.062071323
0
10.12414265
0
0
20.84324837
6.947749615
13.89549923
0
0
6.177232265
6.177232265
0
3.088616133
5.473665237
16.42099571
5.473665237
5.473665237
0
0
0
12.89256382
19.33884621
6.44628191
0
44.5783844
0
0
14.85946083
29.71892166
0
0
0
8.856004715
0
0
0
10.22389221
20.44778442
10.22389221
13.17481327
0
0
0
0
16.55250359
33.10500717
0
0
0
0
0
49.06685257
0
24.53342628
0
0
16.95982742
0
0
7.439528942
7.439528942
0
0
7.439528942
14.02716732
7.01358366
0
0
0
5.531480789
5.531480789
11.06296158
0
0
0
0
5.766456604
5.766456604
0
5.766456604
0
0
0
24.54778099
24.54778099
20.51698112
0
0
20.51698112
0
0
0
0
0
0
0
0
0
0
11.60935974
0
0
0
0
0
0
0
0
0
0
0
0
0
0
7.371701241
0
18.2057991
0
9.102899551
9.102899551
0
0
0
0
0
0
0
0
9.215394974
10.53188038
0
0
0
0
28.34467316
0
0
0
0
7.087658405
0
0
6.301255703
6.301255703
0
0
0
0
0
23.53754807
0
0
10.70617294
0
10.70617294
5.353086472
0
19.25339317
0
9.626696587
0
7.982395172
7.982395172
7.982395172
7.982395172
7.982395172
0
4.08846283
12.26538849
0
0
4.08846283
0
0
0
6.336422443
9.504633904
5.539955139
0
0
0
9.69492054
0
0
0
0
0
4.947188854
0
0
0
0
0
0
3.092593908
0
0
0
0
0
0
3.921486616
0
0
0
1.599263906
6.397055626
3.383448362
0
0
3.383448362
0
0
0
0
0
0
0
0
0
0
0
0
0
0
0
0
0
0
0
0
0
0
0.1
6.9
0
0
0
0
0
0
0
0
0
0
0
0
0
0
0
0
0
0
0
0
0
1.913655162
1.913655162
3.827310324
0
0
0
0
0
0
0
0
0
0
0
0
0
0
0
0
5.927006721
1.621610522
0
0
3.243221045
1.621610522
2.510051727
2.510051727
0
0
0
6.641757011
0
3.320878506
1.660439253
0
2.999082327
0
0
3.024006844
0
3.024006844
0
0
0
0
0
6.961004257
0
3.409434557
0
0
0
0
0
0
0
8.899381638
3.814020872
0
0
0
0
4.433060169
0
3.267960787
0
6.535921574
6.535921574
0
5.173557281
9.053724289
13.58058739
0
0
5.890870094
1.963623524
7.854494095
1.963623524
0
9.079721451
9.079721451
0
5.188412189
27.23916435
4.61399889
4.61399889
4.61399889
9.22799778
13.84199619
0
0
0
0
0
0
16.35076714
0
4.087691784
0
0
0
0
0
12.36327648
0
0
0
0
0
7.898310184
15.79662037
0
0
0
11.87252426
0
0
0
0
0
0
0
11.29188347
0
0
2.849216223
11.39686489
5.698432446
2.849216223
2.849216223
6.463853836
9.6957798
3.231926918
6.463853836
3.231926918
15.57178116
23.35767174
0
7.785890579
15.57178116
0
14.10262012
0
0
0
0
0
45.3201561
15.10671997
15.10671997
0
12.9225111
0
0
0
0
0
0
0
0
0
0
0
0
0
0
0
0
0
0
0
6.322570324
6.322570324
6.322570324
6.322570324
24.75091934
12.37545967
0
0
24.75091934
5.912787437
0
0
0
0
0
0
0
14.83824539
0
0
0
0
0
0
0
0
0
0
0
17.05088615
11.79300213
5.896501064
17.68950272
0
5.896501064
0
0
0
31.5720005
0
0
0
0
0
0
0
0
0
0
0
13.47336483
0
0
0
16.17557907
14.15363121
0
0
0
23.40489769
0
0
0
20.65420341
0
0
8.592625618
0
8.592625618
17.18525124
0
0
0
9.691431999
8.480002403
8.480002403
0
0
0
0
44.45956039
0
0
0
11.95097065
0
0
0
5.692234993
11.38446999
0
0
11.85170841
11.85170841
35.55512619
0
26.1587429
13.07937145
0
0
0
8.038721085
0
0
0
8.038721085
0
6.560116768
6.560116768
6.560116768
6.560116768
6.560116768
0
0
10.13590527
0
0
6.366113663
0
0
6.366113663
3.183056831
0
0
0
0
0
0
0
11.32589626
5.662948132
0
0
0
0
4.221474648
0
0
0
0
4.821658611
0
0
3.401976347
3.401976347
0
0
0
0
0
0
0
0
3.045268059
3.045268059
3.045268059
0
0
0
0
0
0
0
0
0
0
0
0
0
0
0
0
0
0.1
6.9
0
0
0
0
0
0
0
0
0
0
0
0
2.117495537
0
0
0
0
0
0
0
2.764578342
2.764578342
2.764578342
0
0
0
0
0
0
0
0
0
0
0
0
0
0
0
0
0
0
0
0
0
2.286189318
6.858568668
0
0
0
0
7.273056507
5.122119427
1.707373023
0
0
3.414746046
3.773458719
3.773458719
3.773458719
3.773458719
4.619957924
0
4.619957924
0
0
0
0
0
0
0
0
1.355476141
0
0
2.710952282
8.86425209
0
0
4.432126045
0
0
5.608411789
1.869470716
0
3.738941431
1.371621728
0
1.371621728
2.743243456
4.114865303
2.743243456
6.971555233
3.485777617
3.485777617
3.485777617
3.485777617
5.23456955
5.23456955
10.4691391
0
0
0
2.784568071
2.784568071
0
5.569136143
0
0
6.920867443
0
0
0
9.532859802
0
0
0
0
17.4753952
10.48523712
6.990158081
3.495079041
2.896375656
0
0
0
0
13.2411232
0
5.296449184
0
0
8.368515968
8.368515968
0
16.73703194
16.73703194
0
0
0
6.186283588
6.186283588
0
7.949030876
7.949030876
0
7.949030876
27.74302292
0
0
0
0
11.09720993
0
0
8.444108963
16.88821793
0
0
19.19246483
0
9.596232414
9.596232414
0
0
7.748008728
15.49601746
0
0
0
0
0
0
0
0
0
0
0
0
0
0
0
22.26963615
0
0
0
0
0
23.7016201
11.85081005
0
47.4032402
0
0
0
0
16.36606979
0
0
5.489183903
5.489183903
0
5.489183903
0
0
12.05125141
0
0
0
0
0
0
0
0
0
0
0
0
0
0
0
0
0
0
0
0
0
33.92481995
0
0
0
0
0
0
0
0
0
0
0
13.04014969
0
13.04014969
0
13.04014969
0
15.60948658
8.919707298
0
0
0
0
9.295680046
0
0
0
7.333800793
7.333800793
14.66760159
7.333800793
7.333800793
9.611504555
0
9.611504555
19.22300911
19.22300911
0
0
0
14.81692314
0
11.28041649
0
0
11.28041649
11.28041649
7.58069706
0
15.16139412
0
7.58069706
4.177771568
4.177771568
8.355543137
4.177771568
8.355543137
18.05963326
0
0
6.019877911
0
0
0
0
0
17.26898575
0
0
8.557620049
0
0
0
6.115517139
0
18.3465519
0
6.115517139
0
0
4.248203278
0
0
0
4.74717617
0
0
0
0
0
0
5.368276119
0
4.854846954
0
4.854846954
0
4.854846954
0
0
0
2.491528988
4.983057976
4.784602165
0
0
0
0
0
0
0
0
0
0
0
0
0
0
2.41731143
4.83462286
0
0
0
0
0
0
0
0
0
0
0
0
3.853746176
3.811228037
0
0
0
5.346928596
0
0.1
6.9
3.891216993
0
0
0
0
0
0
0
0
0
0
0
0
0
0
0
0
0
0
0
0
0
0
0
0
0
0
3.051306009
0
0
0
0
0
0
3.582848072
0
6.46242857
0
0
3.231214285
0
0
5.377309322
2.688654661
0
0
0
0
0
0
0
3.877131224
0
0
0
7.754262447
1.95769608
0
0.97884804
4.460361481
0
4.460361481
4.460361481
0
3.9362638
0
8.997174263
0
3.9362638
7.370133877
8.423010826
14.74026775
7.370133877
0
0
4.709638596
4.709638596
9.419277191
9.419277191
3.510445356
0
0
3.510445356
0
6.652375221
0
0
0
0
6.652375221
2.080327034
0
0
4.160654068
2.080327034
0
6.476566792
0
0
0
0
8.41173172
0
16.82346344
8.41173172
0
0
0
2.971959591
10.40185833
0
12.27546501
12.27546501
0
4.091821671
0
0
0
30.70504951
15.35252476
6.043995857
0
0
6.043995857
6.043995857
3.557766914
3.557766914
0
3.557766914
3.557766914
0
0
0
0
0
8.436094284
8.436094284
8.436094284
0
0
0
16.41102982
0
0
0
12.28883076
18.4332428
0
0
12.28883076
12.28883076
0
0
0
0
22.78277969
0
0
0
8.846403122
17.69280624
29.85078812
9.950263023
0
9.950263023
9.950263023
0
0
0
0
0
0
0
30.18758774
0
0
0
0
0
0
0
0
12.62552929
0
0
0
0
0
0
0
0
0
0
10.75263882
0
0
0
0
0
0
20.03492546
0
6.577972889
0
0
13.15594578
0
0
0
0
0
0
0
0
0
0
0
0
0
0
0
0
0
26.98058701
0
0
0
0
0
0
0
0
0
0
0
0
0
0
0
25.11690903
50.23381805
0
0
21.47441483
0
0
0
0
0
0
0
0
0
0
0
0
0
0
0
0
0
18.80646896
0
11.07330036
0
22.14660072
11.07330036
0
0
24.269207
8.089735985
16.17947197
0
0
0
0
0
14.53521252
0
7.621275902
7.621275902
7.621275902
15.2425518
0
0
0
7.922557354
7.922557354
0
10.9871006
10.9871006
10.9871006
10.9871006
0
0
0
0
0
0
0
0
8.519371986
0
4.259685993
8.689535141
0
7.603343487
11.40501499
7.603343487
0
0
0
0
0
1.846463561
0
0
0
0
0
0
0
0
0
0
0
0
0
4.282542229
4.786326885
0
0
0
0
8.012459755
0
0
0
0
3.573513031
0
0
0
3.573513031
4.969288349
0
0
0
0
0
0
0
0
0
0
0
0
0
0
0
0
0
0
0
0
0.1
6.9
0
0
0
0
0
0
2.498476505
0
0
0
0
1.035074949
0
1.035074949
0
0
0
0.962077498
0
0
0
0
0
0
0
1.540273786
0
1.540273786
3.080547571
3.080547571
0
0
0
0
0
0
0
0
1.344817162
1.344817162
2.689634323
1.311548591
0
0
2.623097181
2.623097181
4.54681015
1.515603304
1.515603304
0
0
1.970148444
1.970148444
0
0
0
2.76576376
0
0
5.746954918
2.873477459
2.873477459
2.873477459
5.746954918
6.153969765
12.30793953
0
6.153969765
0
0
1.591940761
0
3.183881521
1.591940761
0
0
0
3.98200202
11.94600582
8.30533886
8.30533886
0
0
0
2.435585737
2.435585737
2.435585737
0
2.435585737
4.871171474
0
4.202532291
4.202532291
8.405064583
4.202532291
4.188606262
0
0
0
0
5.663779259
2.831889629
2.831889629
5.663779259
0
5.310003757
7.965005398
2.655001879
5.310003757
0
0
0
0
9.304615974
9.304615974
0
3.963237762
11.88971424
3.963237762
7.926475525
4.191781044
4.191781044
0
0
0
4.943356514
9.886713028
4.943356514
0
24.71678352
6.049138546
0
18.14741516
6.049138546
12.09827709
18.43273544
0
0
18.43273544
6.144245148
0
0
11.62725925
0
5.813629627
4.236105442
0
8.472210884
0
8.472210884
0
0
12.85768986
25.71537971
0
0
0
8.590769768
17.18153954
17.18153954
8.590769768
8.934840202
0
0
0
26.80452156
0
5.649291992
11.29858398
0
11.29858398
0
14.24286938
0
28.48573875
0
8.816884041
0
0
0
0
0
0
0
0
11.70236683
0
22.7675209
0
0
0
17.99219704
0
0
35.98439407
0
0
0
0
0
0
0
0
0
0
0
0
0
14.8267107
0
0
29.6534214
18.87563705
56.62691498
18.87563705
0
0
0
0
0
0
0
0
0
0
0
0
0
0
8.765084267
0
0
0
0
0
0
0
22.73278809
0
0
0
0
11.36639404
19.07925606
0
19.07925606
9.539628029
0
0
32.35303497
10.78434467
0
0
0
16.82075119
0
8.410375595
16.82075119
0
0
7.197325706
0
0
0
12.47108936
12.47108936
6.235544682
0
0
5.864677906
5.864677906
5.864677906
0
0
0
0
15.18321419
0
0
0
0
15.04013062
0
25.80435181
6.451087952
6.451087952
6.451087952
0
6.967661381
0
6.967661381
34.83830643
0
0
8.811289787
0
0
8.811289787
0
6.258225441
0
6.258225441
0
0
5.181928635
2.590964317
0
2.590964317
2.590964317
0
0
2.255573511
0
0
0
0
0
0
0
0
0
0
0
0
0
0
0
0
0
0
0
0
0
0
2.817315102
2.817315102
2.817315102
0
0
0
0
0
0
0
0
0
0
0
0
0
0
0
0
0
0
0
0
0
0
0
0
0
0
0
0
0.1
6.9
0
0
0
0
0
0
0
0
0
0
0
0
0
0
0
0
0
0
0
0
0
0
0
0
0
0
0
0
0
3.178316593
3.178316593
0
0
0
0
0
0
4.614264011
9.228528023
4.614264011
0
0
0
0
0
0
0
0
0
0
3.867128134
0
1.500761271
4.50228405
0
0
0
0
0
0
0
0
0
0
0
0
1.678931117
5.036793709
1.678931117
0
0
0
0
0
3.54246974
0
7.08493948
3.54246974
0
0
0
9.162823677
0
0
10.75218201
0
0
0
16.12827492
0
5.360269547
16.08080864
0
0
26.80134773
0
19.56100464
0
9.780502319
0
0
0
8.136421204
0
5.42428112
7.436085224
7.436085224
7.436085224
0
0
6.125287056
12.25057411
0
0
0
10.71129227
7.140861511
3.570430756
7.140861511
0
5.669959068
22.67983627
0
17.00987816
11.33991814
0
0
2.899833679
0
5.799667358
18.23400116
0
0
18.23400116
0
0
0
0
0
3.575113773
22.06069946
5.515174866
0
0
5.515174866
0
9.575051308
0
0
0
0
0
26.64231873
0
13.32115936
13.32115936
0
13.7431221
0
0
13.7431221
0
0
12.52109718
0
0
0
0
0
0
17.50192451
0
0
0
19.37511253
9.687556267
0
0
26.96631432
0
0
0
0
0
24.13480186
0
0
0
0
0
0
0
4.796046257
0
0
0
47.0587616
0
0
0
31.372509
21.68828392
0
0
0
65.06485748
0
47.0390892
0
0
0
0
0
0
0
0
0
0
0
0
0
0
0
0
37.40703583
0
0
0
0
0
0
26.64414024
0
0
0
0
0
7.38338995
14.7667799
14.7667799
0
22.15017128
29.5335598
23.70104599
0
23.70104599
23.70104599
11.85052299
0
12.67183399
12.67183399
38.01550293
0
19.1264267
19.1264267
0
0
0
20.89269447
0
0
41.78538895
20.89269447
18.15330124
9.07665062
18.15330124
18.15330124
18.15330124
0
0
27.65161705
0
0
0
0
0
0
0
0
0
17.21953583
0
0
4.086905956
0
8.173811913
0
0
0
5.457019806
5.457019806
10.91403961
5.457019806
0
0
8.164674759
4.082337379
8.164674759
9.947338104
9.947338104
0
9.947338104
9.947338104
0
0
5.471135139
0
2.73556757
2.73556757
0
0
0
0
5.443905354
1.841986299
0
1.841986299
0
1.841986299
0
0
0
0
6.652049541
3.188733339
0
0
0
0
2.011927366
0
0
0
0
0
3.530580044
7.061160088
7.061160088
0
0
0
0
0
0
0
0
0
0
0
0
0
0
0
0
0
0
0
0
0
0
0
0
0
0
0
0.1
6.9
0
0
0
2.933553219
2.933553219
0
0
0
0
0
0
0
0
0
0
0
0
0
0
0
0
0
0
0
0
0
0
0
0
0
0
0
0
0
0
0
0
3.265337706
0
0
0
0
0
0
0
0
0
0
0
0
0
0
0
0
0
4.13563776
0
0
1.398712039
2.797424078
0
1.451725245
0
4.355175972
4.355175972
1.487353921
2.974707842
0
0
4.462061882
3.18388772
4.775831699
3.18388772
0
0
2.011287689
2.011287689
4.022575378
2.011287689
0
3.471023321
3.471023321
0
3.471023321
0
3.858539581
0
7.717079163
7.717079163
0
11.57561874
3.28130579
6.56261158
3.28130579
0
3.28130579
4.570110321
4.570110321
0
0
4.570110321
3.328567505
0
6.65713501
6.65713501
0
0
13.25829411
0
0
0
0
6.451602459
12.90320492
0
6.451602459
0
8.391809464
4.195904732
8.391809464
0
0
3.489226103
10.46767902
0
3.489226103
1.877740979
0
3.755481958
0
0
10.27392101
0
15.410882
5.136960506
0
6.448704243
0
6.448704243
6.448704243
6.448704243
14.56671906
0
0
9.711146355
14.56671906
0
0
25.3261261
18.99459267
0
12.66306305
0
0
17.64983749
0
0
10.14463902
0
0
0
0
0
0
11.51741219
23.03482437
0
0
9.005889893
0
0
0
0
8.611675262
8.611675262
25.83502579
0
7.118628502
14.237257
28.47451401
7.118628502
21.35588455
0
12.42159081
12.42159081
0
0
0
0
0
0
0
0
0
0
20.62049103
0
0
0
24.10269547
12.05134773
0
17.99318504
35.98637009
0
0
17.99318504
27.79213715
46.32022858
0
0
9.264045715
9.264045715
0
0
0
0
0
0
28.42851067
28.42851067
0
0
0
8.922735214
8.922735214
0
0
0
0
0
0
0
0
15.84971809
0
7.924859047
15.84971809
0
0
27.61650848
9.20550251
0
9.20550251
10.20629978
5.103149891
0
10.20629978
0
0
0
0
0
21.12308502
30.86924553
0
0
0
0
0
9.066561699
18.1331234
0
9.066561699
0
26.7316761
13.36583805
0
0
8.673786163
26.0213604
8.673786163
0
8.673786163
0
0
11.51900673
0
7.679337978
6.442405224
0
0
6.442405224
6.442405224
6.183599472
0
6.183599472
12.36719894
0
11.21635532
22.43271065
11.21635532
0
0
0
0
7.094893456
0
0
0
0
0
10.98453999
0
5.492269993
0
0
12.84826756
0
0
0
0
0
0
4.362906933
0
0
0
0
0
9.326809883
0
0
0
0
0
0
0
0
0
0
0
0
0
0
0
0
12.41453934
6.207269669
0
0
0
0
0
0
0
3.645069838
0
1.822534919
0
2.971205235
0
0
0
0
0
0
0
0
0
0
0
0
0
0
0
0.1
6.9
0
0
0
0
0
0
0
0
0
0
0
0
0
0
0
0
0
0
1.567461967
0
0
0
0
0
0
0
0
0
0
4.550023079
2.275011539
0
2.40419507
0
0
0
0
4.315508842
4.315508842
4.315508842
0
4.212174416
0
0
0
4.212174416
0
0
6.366729736
0
0
0
3.917172194
0
3.917172194
3.917172194
6.484830856
0
0
1.498757124
0
0
0
0
9.7277174
4.8638587
14.59157753
0
0
9.513566017
4.756783009
14.2703495
0
0
0
0
3.417262077
3.417262077
3.417262077
3.321104765
0
3.321104765
0
6.64220953
0
9.749471664
0
14.6242075
0
9.749471664
9.861709595
7.396281719
0
7.396281719
2.465427399
5.870084286
11.74016857
5.870084286
5.870084286
0
0
0
25.72747231
0
0
6.534779549
0
13.0695591
13.0695591
0
0
0
0
7.929532528
0
0
5.924993038
0
0
0
9.034667969
13.55200195
9.034667969
0
4.517333984
18.14788437
0
0
18.14788437
12.09858894
3.260344505
0
0
3.260344505
0
0
2.722537041
0
8.167611122
0
0
0
0
4.179440975
12.53832245
0
0
0
14.70046711
0
0
0
0
0
16.51343918
0
0
0
9.404303551
9.404303551
18.8086071
48.68132401
0
0
0
12.170331
17.73567581
0
0
26.60351372
0
0
0
0
15.15876579
7.579382896
11.5907774
5.795388699
28.97694588
0
5.795388699
0
0
0
70.2971344
0
16.04520988
0
16.04520988
32.09041977
16.04520988
0
0
16.77375221
0
0
0
0
0
0
0
0
0
0
24.91795921
0
0
0
0
0
0
0
0
0
27.44472694
0
0
19.50076675
0
0
0
6.500256062
0
16.99448967
0
0
0
8.993059158
8.993059158
8.993059158
0
17.98611832
0
0
0
0
0
0
0
19.84166908
9.920834541
0
0
0
0
0
0
5.406402588
0
0
0
31.99323082
0
5.078072071
5.078072071
10.15614414
0
15.23421669
0
0
0
0
0
0
0
0
0
15.10697556
0
9.151922226
9.151922226
0
0
2.475794792
2.475794792
0
2.475794792
4.951589584
0
11.43755245
0
5.718776226
0
0
0
6.642625809
6.642625809
6.642625809
0
0
0
8.786247253
0
7.118854046
7.118854046
0
0
7.118854046
0
5.292227268
10.58445454
5.292227268
0
0
6.121914387
0
6.121914387
3.060957193
3.060957193
4.658333778
0
0
0
4.658333778
0
5.977140903
5.977140903
0
0
0
0
0
0
0
0
0
0
0
0
0
0
0
0
0
0
0
0
0
0
0
0
0
1.809173346
0
2.86629343
5.732586861
0
0
0
0
0
0
0
0
3.249646902
0
0
0
0
3.285125256
0
0
0
0
0
0.1
6.9
0
0
0
0
0
0
1.69601059
0
0
1.484009266
0
0
0
0
2.52922821
0
0
0
0
0
0
0
0
0
0
0
6.060789108
0
0
0
0
0
0
0
0
0
0
0
0
0
0
4.131715775
8.263431549
0
20.65857887
0
0
4.246212482
0
0
4.246212482
3.714015961
3.714015961
0
0
1.85700798
0
3.14467001
0
2.241530657
2.241530657
4.483061314
0
2.241530657
0
0
5.478929043
21.91571617
16.43678665
0
10.85373306
3.617910862
3.617910862
7.235821724
5.122362137
0
0
2.561181068
7.683543205
0
0
0
0
0
0
2.968012571
0
2.968012571
5.936025143
2.968012571
3.955625057
3.955625057
7.911250114
0
0
5.021517277
0
0
0
10.04303455
0
2.981557369
0
5.963114738
5.963114738
2.865033627
5.730067253
0
2.865033627
8.595100403
3.473256826
10.41977024
0
6.946513653
0
2.303468227
2.303468227
4.606936455
0
0
8.745267868
13.11790085
0
0
8.745267868
0
0
0
0
0
0
0
4.031991005
4.031991005
4.031991005
0
12.92124271
0
0
12.92124271
0
0
4.592751503
4.592751503
0
27.75984764
9.253282547
0
9.253282547
0
0
0
0
5.447284698
16.3418541
0
13.69811535
41.09434891
13.69811535
0
0
7.495549679
14.99109936
0
7.495549679
7.495549679
7.256283283
0
7.256283283
0
0
0
18.91879463
9.459397316
0
0
0
0
16.49244118
0
0
39.10240173
26.06827164
0
13.03413582
13.03413582
0
18.66921616
0
18.66921616
18.66921616
0
0
7.202615261
0
0
0
0
0
0
5.056925774
0
0
0
0
0
0
0
0
0
0
0
0
0
0
0
0
0
0
0
0
0
0
0
0
0
0
11.89770889
23.79541779
0
0
35.69312668
0
0
0
45.7007103
0
0
0
0
0
0
0
0
0
8.071601868
8.071601868
16.14320374
0
24.4059124
0
12.2029562
12.2029562
17.70981216
8.854906082
0
17.70981216
8.854906082
0
18.29727936
9.148639679
9.148639679
18.29727936
0
11.13117599
22.26235199
11.13117599
0
0
14.88131523
14.88131523
0
0
5.140726566
0
10.28145313
0
15.42217922
0
29.22104454
0
0
29.22104454
0
11.523036
5.761518002
5.761518002
0
0
9.411288261
9.411288261
0
18.82257652
0
0
0
14.05476952
0
7.592995644
7.592995644
0
0
15.18599129
7.592995644
18.44882202
0
0
0
0
0
2.711384773
2.711384773
2.711384773
0
5.158365726
5.158365726
5.158365726
0
0
0
6.214839458
12.42967892
0
0
8.799108505
4.399554253
0
0
0
0
4.684218407
0
0
0
0
0
0
0
0
0
0
0
0
0
0
0
0
0
0
0
0
0
0
0
0
0
0
0
0
5.937788486
0
5.937788486
0
0
0
0.1
6.9
0
0
0
0
0
0
0
0
0
0
0
0
0
0
0
0
0
0
0
0
0
0
0
0
0
0
0
0
0
3.767206669
3.767206669
2.47121048
2.47121048
4.942420959
0
0
0
0
0
0
6.346378326
0
7.886584759
7.886584759
3.943292379
3.943292379
0
0
6.416173458
0
0
0
9.255396843
9.255396843
0
9.255396843
0
7.727528095
0
0
1.529945016
3.059890032
0
0
0
2.009043932
2.009043932
6.027131557
0
0
2.927037239
1.46351862
1.46351862
2.927037239
4.727965832
0
2.068484783
4.136969566
0
5.499961853
0
0
5.499961853
5.499961853
3.011369228
0
0
6.022738457
3.011369228
0
7.16741848
3.58370924
0
3.58370924
0
0
0
0
6.49195528
0
0
4.853552818
0
2.426776409
0
0
11.26063728
5.630318642
0
0
6.950613976
3.475306988
6.950613976
6.950613976
3.475306988
0
16.26039314
10.84026146
10.84026146
0
0
12.9000721
0
8.600047112
0
0
0
11.96253586
0
5.981267929
0
12.7601614
0
0
0
0
5.910892487
5.910892487
5.910892487
0
0
0
8.222517967
0
0
11.95417786
11.95417786
5.977088928
0
5.977088928
0
4.52852726
0
9.05705452
9.05705452
9.05705452
0
10.09723377
10.09723377
10.09723377
0
18.16969872
18.16969872
0
0
0
13.99175262
0
13.99175262
0
0
14.26550961
0
7.132754803
7.132754803
0
14.10771942
14.10771942
0
0
14.10771942
0
0
27.78135872
0
9.260453224
10.22034931
0
0
20.44069862
40.88139725
0
0
0
0
36.37076187
0
0
48.7187233
0
48.7187233
22.18671227
0
0
0
0
0
0
0
0
0
0
0
0
0
0
24.71372414
8.586052895
8.586052895
0
0
0
0
16.22167969
0
0
0
0
0
0
0
0
0
13.11390877
0
0
0
19.48895454
19.48895454
0
0
19.48895454
19.48895454
0
13.56789684
0
0
0
18.13414764
0
0
0
0
0
0
0
0
0
6.381986141
19.14595604
0
6.381986141
0
9.054134369
0
18.10826874
9.054134369
0
0
17.59911346
0
17.59911346
0
12.84788418
0
12.84788418
0
12.84788418
0
7.512150764
22.53645134
7.512150764
22.53645134
8.984993935
17.96998787
26.95498276
8.984993935
0
9.435321808
9.435321808
18.87064362
0
9.435321808
7.797160625
23.3914814
0
15.59432125
15.59432125
24.51034164
0
0
0
0
0
0
6.633673191
0
0
0
0
0
0
0
0
0
0
4.790225029
0
0
4.994612694
0
0
0
0
0
0
0
0
0
0
0
2.955863953
0
0
0
0
0
0
0
0
0
0
0
0
0
0
0
0
0
0
0
0
0
0
0
0
0
0
0
0
0
0
0
0
0
0.1
6.9
0
0
0
2.799319983
0
0
0
0
0
0
0
0
0
0
0
0
0
0
0
0
5.234964848
0
0
0
0
0
0
0
0
0
0
0
0
0
0
0
0
0
0
0
0
0
0
0
0
0
0
0
8.324363708
8.324363708
0
12.90174675
3.225436687
3.225436687
0
0
1.328455091
1.328455091
2.656910181
0
2.290830135
4.581660271
2.290830135
4.581660271
2.290830135
4.216419697
0
0
4.216419697
2.108209848
0
0
0
0
0
0
0
3.828051805
0
0
0
0
0
1.389928579
4.169785976
0
0
0
2.602900028
10.41160011
0
0
10.71622276
10.71622276
0
0
9.414191246
0
9.414191246
14.12128639
4.707095623
0
5.072376251
20.289505
0
0
3.498999357
6.997998714
0
3.498999357
3.498999357
0
0
0
5.616690636
11.23338127
0
0
0
0
3.923851728
5.376273155
0
5.376273155
0
0
0
0
4.77687645
2.388438225
0
0
0
12.09114456
24.18228912
0
15.16550064
7.58275032
0
7.58275032
0
4.008909702
0
0
0
6.013364315
0
0
4.237478256
12.71243477
8.474956512
8.474956512
6.922187328
20.76656342
0
0
6.922187328
0
0
0
0
0
0
0
7.336401463
7.336401463
0
11.00036335
22.0007267
0
0
22.0007267
13.2249136
0
6.612456799
13.2249136
6.612456799
13.54760933
13.54760933
13.54760933
0
0
8.517277718
8.517277718
17.03455544
0
0
0
39.48447037
0
0
0
0
0
0
11.60434914
34.8130455
0
0
0
0
0
5.917841911
0
0
0
0
0
0
0
0
0
11.81164074
0
0
0
0
0
0
0
0
0
0
0
0
0
0
0
0
0
21.64863586
0
0
16.99662209
33.99324417
0
0
0
0
0
0
0
0
0
0
0
0
0
0
22.6558094
22.6558094
0
0
0
0
0
0
0
0
0
0
0
6.135939598
12.2718792
0
12.4722805
12.4722805
0
0
17.80592918
53.41778564
0
0
0
0
0
3.61974287
3.61974287
3.61974287
7.083163261
0
0
7.083163261
7.083163261
0
0
0
0
7.691953659
4.723860741
9.447721481
0
9.447721481
4.723860741
21.83571243
10.91785622
21.83571243
21.83571243
10.91785622
10.86918068
10.86918068
0
5.43459034
5.43459034
0
0
3.239803791
3.239803791
0
0
0
0
5.806768894
5.806768894
0
2.10880065
2.10880065
0
2.10880065
0
0
0
0
3.069787741
0
0
3.429205656
1.714602828
0
0
0
1.578939438
0
0
0
0
0
0
0
1.759192348
4.615142822
0
0
0
0
4.004256725
2.002128363
2.002128363
0
0
0
0
0
0
0
0
0
0
0
0
0
0
0
0
0
0
0.1
6.9
0
0
0
0
0
0
0
0
0
0
0
0
0
0
1.865588784
0
0
0
0
0
0
0
3.773583412
0
3.773583412
0
0
0
0
0
0
0
0
0
0
0
0
2.672330618
0
0
0
0
0
3.40803194
0
0
0
0
0
0
0
4.978613377
2.489306688
0
0
4.978613377
1.313959241
1.313959241
1.313959241
0
2.485136747
4.970273495
7.455410004
4.970273495
0
0
2.845643044
8.536929131
0
0
0
3.772915125
1.886457562
1.886457562
0
0
0
0
3.641418457
4.618159771
2.309079885
2.309079885
2.309079885
0
6.503317356
0
6.503317356
0
3.251658678
3.251658678
0
0
0
0
0
3.041688442
0
9.12506485
3.041688442
0
0
0
8.544081688
0
0
0
0
8.872760773
2.957587004
2.957587004
0
7.44462347
3.722311735
0
0
15.45347214
0
0
0
0
4.957132816
0
0
19.82853127
4.957132816
7.659985065
0
3.829992533
0
0
5.699005604
0
2.849502802
0
0
0
8.936851501
4.468425751
4.468425751
0
0
5.158025742
5.158025742
0
0
1.202935934
5.758971691
2.577451229
2.405871868
2.405871868
0
8.95864296
4.47932148
4.47932148
0
4.47932148
13.04036617
0
13.04036617
13.04036617
0
6.678583622
0
0
0
6.678583622
0
0
0
0
0
0
0
0
3.464116573
0
0
1.916967034
0
5.750900745
0
0
15.79363346
15.79363346
15.79363346
0
0
0
0
0
0
9.646700859
9.646700859
0
9.646700859
0
0
0
0
0
0
0
0
0
29.27948952
0
0
0
0
0
0
0
0
0
0
0
0
0
0
0
0
0
0
0
0
0
7.370619774
0
0
0
0
0
0
0
0
0
0
0
0
0
40.24277115
0
0
0
0
0
0
8.838574409
0
18.43426514
18.43426514
0
0
0
0
0
10.83131027
0
0
0
0
7.82675457
15.65350914
9.494731903
0
18.98946381
9.494731903
0
0
16.04914474
0
0
0
8.051026344
0
6.038269997
6.038269997
0
9.260560036
0
4.630280018
0
0
5.202260017
0
0
7.803390026
0
0
12.42723751
6.213618755
0
0
0
0
0
0
3.933455229
4.726154327
9.452308655
0
4.726154327
0
0
4.758281708
0
0
0
0
0
0
0
0
0
0
0
3.271216631
0
0
0
0
2.288228035
0
4.57645607
0
0
9.119971275
0
4.559985638
0
0
0
0
0
0
2.022777319
4.045554638
0
0
0
0
0
0
0
0
0
0
3.86055541
0
0
0
0
0
0
0
0
0
0
0
0
0
0
0
1.939690351
1.939690351
0.1
6.9
0
0
0
0
0
0
0
0
0
0
0
0
0
0
0
0
1.406662941
2.813325882
0
0
0
0
0
0
0
0
0
0
0
4.205046654
6.307569981
0
0
0
0
0
0
0
0
4.908008099
0
0
0
0
4.759950161
0
4.213760853
0
0
0
0
0
0
0
0
11.64479065
0
1.816076398
3.632152796
0
0
0
0
5.243291855
5.075621128
0
5.075621128
0
10.15124226
4.350874901
0
4.350874901
0
0
3.271714211
5.608653069
3.271714211
6.543428421
3.271714211
0
4.785303116
1.595100999
4.785303116
0
0
9.792496681
14.68874454
0
0
9.792496681
0
0
3.355270624
0
3.355270624
0
0
0
0
0
0
0
10.34964848
0
0
6.007009506
3.003504753
12.01401901
0
6.007009506
2.014439583
4.028879166
4.028879166
4.028879166
0
4.4848032
0
0
4.4848032
8.9696064
2.124861002
0
0
2.124861002
4.249722004
11.74505329
4.698021412
4.698021412
4.698021412
0
2.346465349
4.692930698
4.692930698
4.692930698
4.692930698
0
0
0
8.452784538
4.226392269
3.724863529
0
7.449727058
0
0
11.76470757
5.882353783
0
11.76470757
5.882353783
0
19.70755768
0
0
19.70755768
19.70755768
25.23995399
0
0
0
0
0
17.36311531
0
0
0
4.596469879
13.78940964
9.192939758
0
0
0
11.12881279
0
22.25762558
0
0
0
11.90831852
5.95415926
0
12.13325787
0
12.13325787
48.53303146
0
0
0
0
0
0
0
0
0
0
0
60.2364502
0
0
0
0
0
0
0
0
0
0
0
0
0
0
0
0
0
0
0
0
0
0
0
0
0
0
0
0
0
0
0
0
13.44418335
13.44418335
0
0
0
0
0
0
50.73534775
0
0
16.91178131
0
16.91178131
0
0
0
0
22.49113274
0
0
14.93309593
0
0
0
33.98404694
0
0
0
20.53913116
0
30.80869865
0
20.53913116
0
0
20.03623962
20.03623962
0
25.27386093
0
0
0
8.424619675
0
0
10.81761742
5.408808708
0
4.093709469
0
4.093709469
0
0
0
0
8.976103783
8.976103783
0
2.340406179
2.340406179
0
0
0
0
0
0
0
29.72968674
7.116941452
0
0
0
0
7.116941452
0
0
0
3.181773186
3.181773186
0
0
0
3.829741478
3.829741478
2.133945942
1.066972971
0
0
0
0
1.744298339
1.744298339
0
1.744298339
0
1.733215451
0
0
0
0
2.234591961
0
0
0
0
0
0
0
0
0
0
0
0
0
0
0
0
0
0
0
6.54126358
0
0
0
0
0
0
0
0
0
0
0
0
0
0
0.1
6.9
0
0
0
0
0
0
0
0
0
0
0
0
0
0
0
0
0
0
0
0
0
0
0
0
1.762424231
4.733100414
0
0
0
0
0
0
0
2.575895309
2.575895309
0
0
1.736790776
0
0
0
3.210817575
1.605408788
0
0
3.210817575
9.62679863
0
3.208932638
0
0
0
0
0
0
0
0
0
0
0
0
0
3.164311886
3.164311886
0
0
0
0
0
0
11.36325932
0
5.681629658
0
11.94432163
11.94432163
3.981440544
0
7.962881088
12.12829304
6.064146519
0
6.064146519
24.25658607
0
7.910819054
7.910819054
0
3.955409527
11.8662281
0
0
0
0
0
0
5.456296921
5.456296921
10.91259384
0
13.28637695
8.857584
0
0
0
0
0
2.995327234
2.995327234
2.995327234
0
4.296360493
8.592720985
4.296360493
0
6.842092514
0
6.842092514
3.421046257
6.842092514
4.886476517
2.443238258
4.886476517
4.886476517
7.329715252
0
0
0
0
7.133939743
0
2.853860617
2.853860617
11.41544247
2.853860617
0
6.26891613
18.80674744
0
6.26891613
0
0
12.6987381
0
0
3.41759181
0
0
3.41759181
0
3.41759181
0
14.67275715
14.67275715
7.336378574
14.67275715
0
24.98995399
0
8.329984665
0
0
0
11.69302464
0
0
0
0
0
0
42.80331039
0
0
0
0
0
0
6.868949413
3.434474707
0
0
0
22.56513214
0
0
11.28256607
0
0
0
0
41.71092224
11.73884869
5.869424343
0
5.869424343
0
0
0
6.320782661
0
0
0
0
0
0
0
0
4.315137863
0
0
0
0
0
0
0
0
0
0
0
0
0
0
0
0
14.56669426
0
0
0
0
0
0
10.12079334
13.52659416
0
6.763297081
0
0
0
12.57009411
0
0
0
12.57009411
0
0
0
0
12.70864105
6.700091362
0
0
0
0
25.7836132
0
0
0
0
7.298379898
0
0
0
0
0
0
0
16.45205307
16.45205307
0
0
10.69835758
0
10.69835758
0
0
0
9.185832977
0
0
32.91679764
21.94453239
0
0
6.8012743
6.8012743
0
6.8012743
0
0
0
0
12.78081226
0
21.10767746
10.55383873
0
0
10.55383873
0
0
0
13.75826454
13.75826454
13.75826454
4.32311964
4.32311964
0
0
4.32311964
0
0
0
6.11797905
6.11797905
0
0
0
0
0
10.05016327
0
0
0
0
0
0
0
0
0
0
0
0
0
0
0
0
0
0
0
0
0
0
0
0
0
0
0
0
0
0
0
0
0
0
0
0
0
0
0
0
0
0
0
0
0
0.1
6.9
0
0
1.770427704
0
3.540855408
0
0
0
0
0
0
0
0
0
0
0
0
0
0
0
0
0
0
0
0
0
0
0
0
0
0
0
0
0
0
0
0
0
0
0
0
0
0
0
0
0
0
0
0
0
0
0
0
0
0
0
0
0
6.407538414
6.407538414
6.209384918
0
0
0
12.41876984
4.981479645
0
0
0
0
0
5.49028635
10.9805727
27.45143127
0
0
15.20933247
22.81399727
0
15.20933247
0
0
6.559650421
13.11930084
0
0
14.27494526
7.13747263
7.13747263
0
0
3.752309322
11.2569294
0
0
7.504618645
6.719755173
0
0
6.719755173
3.359877586
0
0
0
7.709810257
11.56471634
0
2.109027624
0
2.109027624
2.109027624
0
0
0
6.839095116
0
2.534153223
2.534153223
7.602458954
0
0
0
3.151091576
0
0
3.151091576
11.12167454
11.12167454
0
5.560837269
0
0
13.3176384
0
0
6.658819199
24.9865303
12.49326515
6.246632576
0
0
8.688711166
17.37742233
8.688711166
0
0
0
0
0
0
0
0
0
4.467721462
0
0
13.40316486
0
7.122121334
0
14.24424267
14.24424267
0
19.51563454
0
0
19.51563454
6.379992962
0
0
6.379992962
0
0
0
0
0
0
0
25.33477211
0
0
0
6.803514481
6.803514481
6.803514481
0
0
5.208706856
0
0
15.62612057
5.208706856
0
0
0
1.289887547
0
0
0
0
0
23.38476944
0
5.167483807
10.33496761
25.83741951
5.167483807
0
0
0
0
0
0
0
0
0
0
0
12.56277943
0
0
0
0
0
0
0
0
0
0
0
0
10.15527725
0
0
0
0
0
0
0
24.89920044
0
0
12.44960022
12.44960022
14.4254837
0
0
0
7.212741852
6.504351139
6.504351139
6.504351139
0
13.00870228
0
8.613668442
17.22733688
8.613668442
0
0
0
0
0
33.5803833
0
0
27.05231857
13.52615929
27.05231857
22.73432732
0
22.73432732
22.73432732
0
14.13263416
14.13263416
0
0
0
0
5.830757618
15.30573845
5.101912498
0
13.90498543
0
4.634994984
0
0
0
0
6.410079479
6.410079479
0
4.246085644
8.492171288
4.246085644
0
0
0
0
0
0
0
0
0
11.27581215
2.818953037
0
0
0
0
0
0
0
0
0
0
0
0
0
0
0
1.228900194
0
0
4.849642754
4.849642754
4.849642754
0
0
0
0
0
0
0
0
0
0
3.369731426
0
0
2.890490532
0
0
0
3.660891533
0
0
7.321783066
0
0
3.17506361
0
0
0
0
0
0
0
0
0
0
0
0
0
0.1
6.9
0
0
0
0
0
0
0
0
0
0
0
0
0
0
0
0
0
0
0
0
4.45015049
2.225075245
0
0
0
0
0
0
0
0
5.258415222
1.928874969
0
0
0
0
0
0
0
0
0
0
0
0
0
0
0
0
0
0
0
0
0
0
3.92522645
3.92522645
2.68906951
0
0.896356583
2.42573905
0
3.638608456
2.42573905
0
4.650913239
0
0
4.650913239
0
3.017152071
0
0
0
0
0
0
0
0
6.403429031
3.116406441
3.116406441
1.55820322
4.674610138
1.55820322
2.55789876
2.55789876
0
2.55789876
5.11579752
0
3.275332689
3.275332689
9.825998306
3.275332689
0
3.633819342
0
7.267638683
10.90145779
0
0
2.892808199
0
8.678424835
5.785616398
13.53676128
0
6.768380642
13.53676128
13.53676128
4.523180008
0
0
0
13.56954002
0
0
0
0
0
0.1
6.9
0
0
0
0
0
0
0
0
0
0
0
0
0
0
0
0
0
0
0
0
0
3.124901295
0
0
0
0
0
0
0
3.804263115
0
0
0
0
0
0
1.647895575
1.647895575
0
0
0
0
0
0
0
0
0
0
1.106525779
0
1.106525779
0
0
0
4.842024803
9.684049606
7.947076797
0
0
3.248876333
0
0
3.248876333
3.248876333
0
2.366092443
0
4.732184887
2.366092443
11.75907707
5.879538536
0
0
0
0
3.259712934
3.259712934
0
0
2.370672226
2.370672226
7.112016678
2.370672226
2.370672226
0
0
0
0
5.206885815
0
0
0
0
4.747377396
7.12106657
4.850641251
0
0
2.425320625
7.275961876
0
0
0
2.246341467
6.739024639
3.175848246
3.175848246
3.175848246
3.175848246
6.351696491
0
2.766614437
0
0
0
0
0
1.421937943
2.843875885
4.265813828
3.0044415
3.0044415
6.008882999
0
6.008882999
8.893453598
0
4.446726799
0
8.893453598
26.93770599
0
21.55016327
0
0
6.534353256
13.06870651
0
0
0
0
0
0
0
3.471653223
0
4.493694305
0
4.493694305
0
0
0
6.259953022
0
0
0
25.07870483
0
12.53935242
12.53935242
12.53935242
0
0
0
0
24.26538467
10.06272221
5.031361103
10.06272221
5.031361103
5.031361103
0
0
0
0
0
5.362519741
0
5.362519741
0
16.08756065
14.61337662
0
7.306688309
0
14.61337662
0
0
12.55760098
0
12.55760098
0
19.56978416
9.784892082
29.35467911
0
25.80275917
0
0
0
25.80275917
0
0
18.9900341
9.495017052
9.495017052
5.918723583
5.918723583
5.918723583
0
0
0
0
0
0
0
0
0
0
0
0
0
0
6.943770885
13.88754177
0
0
0.684870362
3.460165739
4.002399921
8.087949753
17.14889145
30.17150688
15.08575344
0
15.08575344
0
0
0
0
6.912027359
27.64810944
0
0
0
13.4271946
26.85438919
13.4271946
0
0
12.34596634
0
12.34596634
0
0
10.52091312
0
10.52091312
0
0
19.47745323
0
9.738726616
9.660025597
9.660025597
19.32005119
0
19.32005119
7.161263466
7.161263466
0
0
7.161263466
15.18377495
0
5.061258316
10.12251663
0
4.738990784
0
18.95596313
4.738990784
0
3.748179674
11.24454021
0
0
7.496359348
12.52466965
0
0
0
0
0
5.227295876
7.840943813
5.227295876
0
0
0
6.523554325
13.04710865
0
0
7.643033504
0
0
0
0
0
5.995039463
0
0
0
0
0
0
0
0
0
0
0
2.46476531
1.232382655
0
0
0
0
0
0
0
0
0
0
0
0
0
0
0
0
0
0
0
0
0
0
0
0
0
0
0
0
0
0
0
0
3.27994895
0
0
0
0
0
3.36956358
0
0
