19790101
0.122
0.022
0
0
0.027
0
0.462
0.038
0
3.2
0.451
0.094
0.22
0.211
0
0
0
0
0.048
0.007
0
0
0
0
0
0
0
0.014
0
0.658
0.046
0.01
0
0.007
1.214
0.136
0.014
0.051
0.017
0.082
0.007
0.031
0.431
1.776
3.064
0.288
0.16
3.189
0.853
0.031
0
0
0
0
0
0
0.299
0
1.861
1.976
0.86
0.254
0.082
0.161
0.251
0.106
0.007
0
6.151
4.88
0.45
0
1.638
0.117
0.01
2.726
0.398
0.144
1.497
9.877
12.215
3.107
1.112
0.086
6.77
0.639
0.069
0.065
12.638
2.094
13.407
16.613
34.497
5.05
0.886
0.403
0.137
1.339
0.134
0
0.034
0.041
0.01
0.003
0.007
9.75
0.055
2.18
3.159
5.727
9.069
0.738
1.593
3.667
7.052
4.597
6.228
0.958
3.407
5.727
15.683
11.621
24.462
7.876
3.08
10.482
4.693
6.681
0.776
0.034
6.218
13.204
6.839
6.321
3.564
13.111
10.509
7.866
0.591
1.936
6.42
0.697
3.135
1.988
2.908
5.054
0.7
1.758
0.007
0.869
0.223
5.033
2.41
3.754
15.546
19.401
7.495
1.085
14.989
9.491
3.768
18.369
5.011
11.062
0.493
5.079
8.566
1.859
0.422
4.922
8.902
1.737
7.357
12.861
5.376
10.552
13.094
2.571
10.51
6.896
3.286
1.954
0.041
0
0.065
4.35
7.751
1.164
2.856
2.507
3.739
4.242
3.081
2.335
2.954
7.919
4.952
13.947
2.113
8.763
10.243
11.132
6.008
13.378
10.885
10.586
13.024
9.354
6.492
0.201
8.628
5.625
8.126
6.073
4.719
4.543
1.926
1.481
0.772
2.311
4.57
0.445
0.712
3.323
3.564
5.268
3.268
1.336
0.86
4.58
0.894
0.433
10.878
2.35
8.997
1.854
8.547
2.209
7.455
8.949
6.604
5.15
1.976
4.089
0.491
8.772
2.111
1.166
1.94
1.433
4.489
6.628
6.063
17.046
21.325
9.824
13.438
12.804
7.882
0.311
5.062
6.949
6.156
17.757
17.659
61.625
13.728
10.818
5.776
2.213
2.47
10.011
0.797
5.909
3.893
1.085
6.3
0.117
6.166
23.221
7.804
3.945
4.607
1.013
0.738
5.442
2.015
0.862
3.16
1.916
1.342
3.983
4.132
0.625
0.257
0.694
1.772
4.875
1.212
0.027
4.57
7.292
0.642
1.404
4.326
1.711
1.777
2.378
5.28
2.82
4.329
1.4
0.252
4.807
1.487
1.789
1.306
0.81
4.346
0.875
0
0
6.895
8.989
1.028
1.433
0.082
0.261
0
0.065
4.698
1.71
3.775
2.115
0.711
0
0.041
0
0.062
0
0
0
0
0
0
0
0
0
0.096
0
0
0.021
0
0
1.196
0.139
0.01
0
0
0
0.124
0.017
0
0
0
0.01
0
0
0
0
0.038
0.1
0
0
0
2.352
0.944
0.065
0.158
0.082
0
0
0.137
0.7
0.096
0.591
0.184
0.003
0
0
0.031
0.003
0.007
0
0.034
0
0
0
0
0
0.19
0.01
0.202
0.133
0
0.185
3.904
0.582
0.921
1.403
0.162
0
0
0
0
0.434
0.027
0.003
0.395
0.067
0.076
0
0.079
0
0
0.003
0.01
0.01
0.124
0.036
1.838
6.128
1.382
0.058
0
0.208
0.688
0.414
0.719
0.105
14.852
12.253
2.415
0.209
0.239
4.873
0.862
1.373
2.18
0.175
0.007
0
0
0.1
0.003
0
0.127
2.657
8.405
39.359
0
11.278
3.485
2.606
3.069
1.466
1.311
1.356
1.741
3.742
1.013
6.688
0
18.634
7.975
4.549
2.85
0.336
6.654
0.948
0
0.295
8.772
12.202
0
0.192
0.189
0.045
0.73
6.044
0.68
0.922
1.059
1.675
1.483
0.034
1.509
44.021
12.217
1.682
0.302
8.108
2.808
9.899
4.92
0.707
8.283
7.56
13.596
2.402
1.94
0.906
5.071
14.239
6.686
10.636
6.384
11.017
11.834
11.883
3.805
4.089
5.061
3.856
13.53
9.667
5.065
1.617
2.985
0.79
4.649
11.149
1.142
6.724
0.451
13.202
26.839
6.166
3.954
1.911
2.613
0.124
4.024
3.052
0.213
0.199
1.989
1.394
0.161
0.237
0.01
0.051
4.195
2.935
2.362
19.032
16.29
4.178
0.022
0.173
0.027
0.257
0.225
1.435
2.546
0.18
0.63
0.96
0.12
4.571
16.253
1.528
3.759
8.466
8.214
2.563
8.393
4.94
4.579
0.913
0.051
0.1
0.223
0.069
0.034
0.81
7.385
22.295
6.763
3.111
4.601
3.155
0.216
7.962
8.161
0.419
1.013
4.25
14.543
3.845
15.601
7.481
13.482
6.839
8.648
14.471
5.363
0.409
0.635
5.782
6.305
13.307
74.542
5.383
11.429
6.99
4.971
18.56
12.597
19.417
6.566
12.504
40.273
3.262
0.539
10.574
1.236
0.539
7.605
8.175
15.329
8.089
3.601
7.505
9.606
10.736
5.843
3.759
2.647
3.886
5.411
1.188
35.503
33.807
7.938
1.966
0.031
5.067
1.59
2.534
0.093
4.41
1.044
1.239
6.413
2.86
6.705
16.902
1.567
4.419
4.875
0.978
5.588
0.278
0.81
3.176
6.142
3.052
7.51
13.041
0.944
1.488
3.171
3.584
2.687
1.027
3.524
3.823
0.41
0.254
0
0
0
4.292
7.905
2.563
0.666
0.596
1.263
0.229
0.41
0.033
3.627
0.098
0
0.065
0
0.062
0
0.194
0
0
2.862
0.233
0.257
0.326
0.072
1.301
0.312
1.37
0.064
0.463
0.014
0.058
0.003
0
0.007
0
0.639
0
0
0
0
0
0
0
0
0
0
0
0
0.124
0
0
0.058
0
0
0
0.021
0
0
0.148
0.082
0.003
0
0
0
0.034
0
0
0
0
0
0.041
0
0
0
0
0
0
0
0
0
0.041
0
0.611
0.113
0
0
0
0
0.017
0
0
0.024
0.031
0.585
0.058
0.065
1.349
0.271
12.246
0.594
0.257
1.851
0.12
0.807
0.089
0.645
0.089
0
0.632
3.042
18.814
9.634
1.9
5.34
2.089
9.81
10.483
5.775
11.719
6.969
0.045
24.221
72.984
0.172
7.965
1.739
15.271
1.354
0
0.204
0.165
2.034
4.676
1.948
5.672
7.745
0
0
26.951
42.472
1.03
0.704
0.843
33.955
6.437
0.048
1.802
7.776
18.938
3.965
0.096
0.038
1.263
0.573
0.055
3.234
3.986
2.046
0.254
13.702
3.365
0.683
2.481
2.468
6.884
0.429
20.127
20.452
4.94
18.139
11.067
7.124
12.658
4.769
8.413
6.327
5.471
16.469
2.276
5.061
3.14
2.055
1.998
2.647
2.571
9.51
7.613
2.727
7.258
9.964
10.856
1.845
9.652
5.594
7.084
1.313
2.649
2.724
2.218
0.772
0.069
9.507
0.22
2.973
1.847
6.341
3.454
1.281
2.616
4.987
3.423
3.955
4.353
0.079
0.549
6.132
5.527
20.75
11.697
12.195
6.623
9.675
9.167
5.869
1.825
4.532
7.397
3.842
2.177
1.023
1.857
0.319
7.471
1.521
10.588
1.871
15.889
19.37
6.935
2.872
2.52
5.418
12.598
4.625
4.681
5.236
2.965
2.623
1.38
0.494
1.5
6.654
6.877
1.088
2.544
4.649
1.397
0.185
7.196
0.58
1.669
2.764
10.581
9.156
9
9.362
2.565
9.889
7.258
13.094
0.436
5.828
4.837
1.785
0.192
8.985
1.638
12.346
9.809
2.074
4.958
0.113
1.895
1.236
5.74
3.121
0.381
5.239
1.96
6.259
8.211
9.785
3.519
9.785
4.268
6.017
21.945
6.159
21.887
15.419
6.669
5.201
4.043
5.047
0.055
12.524
33.992
5.541
16.644
11.68
6.65
6.556
26.204
0.355
10.646
10.87
2.99
2.213
8.83
0.251
7.601
13.757
2.39
6.999
6.592
5.327
3.806
0.718
11.798
17.582
7
2.335
12.761
4.123
5.977
2.372
8.562
2.966
0.076
0.536
2.788
2.424
5.79
5.019
6.503
4.528
1.871
3.064
3.239
2.856
0.457
3.303
0.79
0.247
0
0.364
0.13
0
0
3.806
6.595
0.295
0.463
0.137
0.179
0.46
0
0.045
0
0
0
0.388
0
0
0
0
0
0
0.014
0
0.01
0
0
0
0
0
0.021
0
0
0
0.082
0.048
0.055
0.055
0.56
0.072
0
0
0
0.076
0.01
0.007
0.003
0
0
0
0.017
0.055
0.088
0.017
0
0
0
0
0
0
1.318
0.192
0
0
0
0
0
0
0
0
0
0
0.371
0.007
0.985
1.099
0.093
7.114
0.415
0
0
0
0
0
0
0
0
0
0
0
0.017
0.045
0.17
0
0.125
0.021
0
0
0
0
0
0.645
0.069
2.659
1.224
3.995
48.189
0.199
0.062
0.91
0
0
0
0
0
0.225
0.05
0
0
0.029
0
0
0
0
0
4.935
2.125
0.122
10.634
0.618
2.247
2.522
1.596
1.442
55.783
0.429
3.071
11.711
14.94
0
0.01
0
0.215
0.364
0.079
0.891
1.681
0
0.094
0.064
0.003
1.821
1.466
1.087
5.182
6.31
1.806
9.295
0.497
0.021
0.017
0.007
0
0
1.917
0.978
13.252
2.108
5.541
2.42
17.255
0.953
2.798
3.389
2.25
0.706
11.144
6.554
1.318
10.986
0.007
2.578
2.414
5.747
3.581
34.631
0.082
0.192
3.234
0.927
4.944
1.263
0.508
0
0.45
1.487
0.137
0
2.791
2.712
1.401
9.198
3.825
4.82
1.239
7.866
5.641
6.551
0.355
6.508
1.095
9.019
11.288
4.125
1.257
3.589
6.655
12.5
0.292
7.418
6.849
3.373
1.222
4.613
9.213
10.044
6.621
0.843
5.39
8.248
1.993
3.569
13.628
5.017
0.262
5.728
6.357
4.632
0.209
0.081
4.982
4.879
4.266
7.002
3.164
5.871
2.407
0.887
3.077
13.638
20.342
9.541
9.239
3.037
9.853
5.627
6.051
7.527
9.301
2.696
3.687
0.693
0.254
0.014
0
2.148
0.1
0.425
12.43
3.195
5.408
0.505
0.573
0.1
0.831
0.014
0.545
1.105
0.021
2.187
1.936
4.473
1.995
1.631
14.265
8.303
1.59
2.656
0.206
0.034
0.297
1.588
3.334
0.4
8.344
26.504
2.573
1.694
7.299
3.91
16.692
61.127
20.388
10.337
4.667
8.341
0.453
0
14.442
14.584
13.056
7.323
9.79
9.354
3.469
2.549
7.627
3.662
5.964
45.813
7.862
5.053
2.475
7.907
1.43
3.639
0.56
0.443
3.234
6.398
13.664
8.217
5.327
3.154
0.125
11.165
27.071
11.838
2.946
10.672
22.087
0.568
0.685
4.369
5.744
2.158
3.651
0.735
1.627
3.399
1.639
4.4
4.449
4.358
6.097
1.125
6.931
3.452
2.226
5.86
6.944
3.165
5.952
2.362
0.189
0.735
8.065
7.816
2.19
0.536
0.45
0.048
0
0.354
0.443
0.294
0.065
0.235
0.141
0.405
0.33
0.417
0.1
0
0
0
0.051
0
0
0
0
0
0
0.014
0
0.003
0.151
0.625
0
0
0
0
0
0.01
0
0
0
0
0
0.048
0.007
0.017
0
5.421
0.664
0.045
0
0.003
0
0
0.003
0
0
0
0
0
0
0
0
0
0
0
0
0
0
0
0
0
0
0
0
0
0
0
0
0
0
0
0
0
0
0
0
0
0
0
0
0
0
0
0.003
0
0
0
0
0
0.316
0
0
0
0
0.031
0.657
0.048
0
0
0.05
0.11
0
0.079
0
0
0.429
0
0
0.007
0.247
0
0
0
0
0
0
0
0
0.374
0.041
0.055
0.014
0
0.017
2.115
0.196
0
0.003
0.01
0.094
4.997
3.574
1.068
0.402
0.56
0.494
0.645
0.192
0.532
0.752
1.83
4.92
1.892
0.604
0
0
0
0
0
0.007
0.003
1.765
0.841
6.252
0.508
0
0.312
0.209
2.077
0.275
4.422
0.426
0.532
0.048
2.293
0.69
1.339
0.1
1.184
2.252
0.783
0.439
2.084
0.189
2.53
0.443
0.089
0.364
0.865
11.357
6.427
4.072
5.538
4.333
2.431
9.122
9.095
0.089
3.897
2.729
7.121
9.136
2.523
0.936
4.058
7.67
3.255
0.137
3.505
6.932
2.959
1.013
4.707
1.703
11.848
19.6
8.727
14.526
1.279
9.898
8.216
1.905
4.837
4.152
4.007
22.731
2.262
0.415
6.623
6.607
9.222
0.154
7.646
10.258
0.615
0.117
5.102
4.336
1.59
2.829
0.584
1.351
1.473
6.382
5.548
2.874
1.552
3.334
0.333
1.645
0.594
0.055
36.962
0.069
0.055
0.038
2.791
1.696
9.294
0.635
3.323
3.414
0.192
0.824
0.216
1.116
0.45
0.024
0.091
2.638
0.117
5.352
11.728
5.273
8.175
0.021
0.031
0.038
0.082
0
0.003
0.137
0.01
0.082
0.175
6.969
9.29
5.462
0.649
0.076
7.896
8.082
11.841
0.407
2.008
3.389
2.949
2.963
5.462
0.565
2.675
1.259
6.916
3.914
0.343
1.202
0.038
2.597
12.533
1.662
16.591
3.689
3.648
4.976
1.542
6.698
4.29
3.463
2.316
3.183
4.004
2.307
5.841
0.014
1.962
5.131
7.617
6.061
0.711
0.745
0.603
6.757
6.145
0.851
1.746
0.096
0
0
0.118
0.021
4.465
20.623
0
0
0.007
0.488
0.027
0.426
0.225
2.207
0.812
0.491
0.093
1.011
0.089
0.014
4.247
1.255
0.094
0
0.027
0.003
1.105
0.553
0.181
0.412
0.13
0.323
0.051
0
0.041
0.211
0.026
0.908
0.199
0
0
0
1.366
0.189
0
0.014
0
0
0.601
2.527
0.227
0.762
0.233
0.089
0.268
3.038
0.395
0.065
0.185
0.326
0.014
0.007
0.014
0.003
0.017
0.422
0.031
0.11
0.007
0.096
0.045
0.014
0
0
0
0
0.058
0.23
0.034
0
0
0
0
0
0.007
0
0
0
0
0.01
0
0.088
0.017
0
0
0.021
0
0
0
0
0
0
0
0
0
0
0
0
0
0
0
0
0
0
0
0
0
0
0
0
0
0
0
0
0
0
0
0
0
0
0
0
0
0
0
0
0
0
0
0.151
1.171
0.144
0.045
0.003
2.479
0.254
1.068
0.076
0.024
0.031
0.707
1.188
37.851
9.253
8.508
4.837
0.494
1.861
35.802
13.877
1.895
0.33
1.075
3.516
0.694
0.247
19.782
1.16
0
0
0.017
0.007
0
0
0
0
0.33
78.755
26.096
1.871
13.489
63.693
0.645
2.585
0.196
0
0.577
0.889
0.862
0.865
0.1
2.688
0.597
5.332
0.529
3.214
0
5.699
0.803
0.096
0.007
0.041
0
0.165
1.645
0.103
0.112
0.518
2.812
0.245
0.129
0
0.072
0
0.01
0.003
0.316
11.405
1.466
0.137
7.119
6.69
0.879
0.051
0.003
0.003
1.488
5.994
0.896
5.891
0.672
1.334
0.134
0.942
0.366
7.421
2.769
0
0
0.189
6.921
0.663
7.756
9.771
7.378
0.34
0.209
21.432
36.899
2.07
8.137
10.664
4.707
6.581
9.931
6.448
14.73
1.411
2.24
8.211
1.861
4.202
16.085
0.625
0.041
7.649
1.387
4.793
10.681
6.465
10.209
7.505
3.433
7.955
11.525
18.591
9.807
1.435
7.114
4.304
28.142
0.601
2.644
3.636
9.774
3.102
14.979
1.215
3.593
9.575
2.271
0.994
4.975
3.406
1.003
15.47
5.867
18.447
10.833
4.649
6.403
6.499
4.101
5.232
4.652
7.369
7.04
0.089
3.898
9.505
3.163
7.611
12.819
4.398
13.511
8.729
16.544
15.821
8.896
6.29
1.674
1.474
7.986
13.323
4.096
8.681
8.951
0.8
4.621
5.229
8.78
1.535
5.412
0.496
5.703
16.558
4.597
12.07
20.016
23.828
12.095
18.273
4.741
4.269
69.231
14.751
21.677
6.151
1.758
6.221
9.457
5.121
3.092
4.273
5.872
12.603
3.473
8.585
12.682
16.964
10.398
3.926
13.332
2.221
2.517
1.396
8.451
11.74
13.857
9.028
5.425
2.345
2.122
78.832
19.786
2.412
3.183
5.497
1.478
3.169
0.6
0.639
0.302
7.95
4.597
0.664
0.033
0.031
0.132
0.048
0.209
0.043
0
0
0
0
0
1.287
0.118
0.007
1.325
0.517
0.024
0.024
0.11
0.784
5.612
0.354
0.041
0.055
0
0
0.609
0.168
0.146
0.088
0.021
0
0
0
0
0
0
0
0.053
0.062
0
0
0.034
0.027
0.633
0
0
0
0
0
0
0
0
0
0.061
0
0
0.275
0.033
0.151
0
0.01
0.007
0
0.007
0
0
0
0
0
0
0
0
0
0.024
2.867
0.391
0
1.318
2.036
0
0
0.014
0
0
0
0.474
0.062
0
0.652
0.113
0.027
0
0
0.021
0
0
0
0
0.007
0
0
0
0
0
0
0
0
0
0
0
0
0
0
0
0
0
0
0.055
4.546
12.803
1.433
0.381
0.053
0
0
0.127
0.148
0.027
0
0
3.31
5.253
5.538
1.524
3.698
8.353
3.876
0.779
1.109
15.29
0.268
2.142
3.265
9.931
0.01
0.021
0
1.353
0.089
0
5.498
0.807
5.768
5.38
3.577
1.538
0.23
14.591
0
0
0
15.721
64.297
0.13
4.97
7.268
4.758
1.184
2.105
5.476
0.762
0.728
13.719
2.159
0.017
0.412
0.336
6.777
1.603
17.022
20.802
3.296
22.007
15.127
0.089
0
0
2.451
34.997
29.998
20.481
4.321
5.376
14.172
3.703
5.169
15.532
9.704
9.932
3.588
67.78
19.64
2.892
12.354
0.014
0.142
7.948
0.547
0.324
8.104
20.246
5.965
0.901
2.723
0.17
5.103
0.512
2.39
4.243
0.601
0.014
1.972
9.035
2.745
4.652
13.651
9.713
0.151
12.309
5.149
1.227
8.492
13.908
3.512
9.435
1.931
6.904
11.508
10.959
1.205
8.075
12.023
3.902
1.078
29.596
34.94
1.267
2.949
11
4.841
8.099
5.016
5.629
2.93
5.538
2.386
14.371
6.966
13.87
2.187
0.137
2.348
10.502
8.293
0.465
6.079
3.457
0.704
0.124
7.96
7.351
20.067
21.324
3.557
13.122
3.728
8.444
5.606
6.216
10.173
11.155
13.826
8.199
14.461
28.918
8.738
16.025
12.675
7.484
11.565
19.849
15.324
14.916
28.745
5.3
7.09
6.629
18.85
2.812
5.179
2.369
10.329
11.57
5.385
4.54
9.829
14.341
8.926
6.068
1.761
5.83
2.11
4.607
17.933
6.942
16.388
3.904
16.166
32.792
22.131
7.52
12.693
15.525
10.617
31.23
16.809
14.814
5.16
0.503
25.109
22.611
8.283
7.272
16.581
7.738
2.942
6.805
8.066
4.826
6.679
1.755
5.859
2.109
1.749
4.199
2.613
5.867
8.921
7.1
3.466
1.011
1.363
1.708
2.496
1.449
5.835
0.985
0.153
2.182
1.483
0.154
0.055
6.17
7.491
6.539
12.296
5.897
0.405
0
0
0.45
3.656
1.881
0.759
27.449
1.844
5.507
0.457
0.319
0.879
2.187
4.427
0.488
0.154
10.897
1.641
2.108
0.412
0.096
0.01
0.551
0.161
0.034
0.9
0.062
0.051
0.124
0.007
0
0.01
0
0
0
0
0
0
0.041
0.192
0.793
0.106
0
0
0
0
0
0
0
0
0
0
0.041
0
0
0.1
0
0
0
0
0
0.058
0
0.017
0.209
0
0
0
0
0
0
0.706
0
0
0
0
0
0
0
0
0
0
0
0
0
0
0
0
0
0
0.017
0
6.98
0.817
0
0
0
3.32
8.329
0.048
0.158
0.014
0.364
0.024
2.4
2.953
1.998
0.625
0
0
1.099
0
0.762
0.1
0
2.197
0.395
47.722
0.549
0.805
1.294
0.263
2.127
0.24
0.742
1.998
1.274
2.264
0.343
3.632
0.903
0
0
0
10.116
12.221
1.487
0.046
0
0.879
0.194
7.376
6.533
0.597
0.673
12.279
1.78
0.755
0.771
1.881
0.347
0
3.141
33.22
13.757
0.639
1.655
0.33
2.232
4.013
0.886
0.024
1.421
2.565
1.02
0.045
0.124
4.666
3.45
3.536
0.556
0.062
0.577
3.715
0.357
0.01
13.472
3.728
0.391
4.782
0.501
5.016
17.386
38.373
0.103
0.69
0.831
4.049
1.682
0.771
7.605
0.12
0.185
3.001
1.159
9.071
9.982
3.471
0.385
5.445
1.861
0.24
3.474
18.244
13.894
35.4
0.388
0.11
8.123
-99
2.475
-99
0.439
1.823
0.199
0
8.355
25.995
0.182
0.745
6.746
2.431
0.639
1.895
6.569
1.195
1.102
6.012
2.702
0.01
5.562
2.771
0.522
0
0
0
0.041
0
0
0
3.818
7.234
11.941
11.543
7.203
11.285
5.655
1.806
4.027
6.688
8.35
3.344
8.332
6.767
8.229
9.263
9.119
5.249
1.435
0.079
16.383
3.066
0.175
5.593
2.072
2.53
0.405
1.353
0.831
0.295
0.148
1.003
5.526
0.254
3.389
9.002
7.272
8.034
6.885
12.305
0.704
2.225
2.987
1.14
4.484
1.044
1.301
3.329
14.897
11.979
2.022
9.17
2.544
5.371
3.924
0.719
3.2
12.823
12.984
1.693
5.61
5.919
4.139
2.76
2.099
1.669
3.864
4.892
0.266
0.034
3.047
2.642
5.616
24.907
13.381
5.483
6.332
6.333
7.908
4.211
3.921
1.602
3.335
2.826
6.698
1.096
2.341
21.399
10.162
1.36
4.958
6.421
2.166
11.757
0.403
1.936
0.508
2.029
12.734
4.988
0.127
0.639
1.375
2.705
0.484
5.27
2.043
1.047
0.347
5.909
0.58
5.953
0.35
0.821
0.865
0.488
0.124
1.974
0.858
9.023
2.331
8.508
12.451
13.053
3.689
5.509
3.577
6.739
0.689
1.492
6.722
10.698
2.118
0.055
0
0.01
0.007
0.014
0
0
0
0.021
0.017
0.003
0
0.124
0.11
0
0
0
0
0.038
0.447
0.245
0
0.007
0.29
0.038
0
0
0
0
0
0
0
0
0
0
0.045
0
0
0
0
0
0
0
0
-99
-99
-99
-99
-99
-99
-99
-99
1.219
0.113
0.836
0
0
0.024
0
0.007
0.106
0
0.007
0
0
0
0.031
0
0
0.062
0.089
0.072
0.027
0
0
0
0.058
0
0
0
0
0.041
0
0
0
0
0
0
0
0.378
0.354
0.275
0.053
0.243
2.995
0.836
6.836
0.531
0.129
0
0
0
1.047
0.443
0.039
3.45
2.953
1.377
0.23
0.003
1.958
0.187
0
0.031
0.1
0.01
0
0.177
0.216
1.754
11.948
2.184
0.216
0
1.059
0.802
5.416
0.045
0.01
0.136
1.924
8.561
2.882
4.655
0.367
0
0
2.249
2.13
3.79
0.946
0.264
8.094
19.379
4.353
7.828
34.531
1.286
1.655
1.605
0.213
0
0
1.16
0.391
4.573
0.529
6.436
4.405
0.515
6.113
0.635
0.031
0.046
0.022
2.602
0.295
30.64
128.777
31.22
1.73
2.682
0.245
2.022
4.336
3.577
4.343
1.092
0.299
1.36
0.161
1.542
1.054
40.546
20.098
1.401
1.186
2.256
0.652
0.354
4.934
5.854
6.266
0
3.138
14.09
1.095
0.041
7.32
3.44
3.117
6.52
13.026
5.764
4.357
6.784
8.659
1.947
4.116
0.161
3.759
17.836
1.147
7.275
2.903
4.419
1.13
15.467
1.411
5.871
5.466
16.431
8.971
8.133
1.797
7.007
43.894
4.46
7.23
13.616
4.02
5.459
7.042
0.505
0.299
4.74
1.473
4.592
1.02
0.106
1.334
1.025
3.212
0.911
1.984
20.927
26.758
3.742
10.813
8.934
11.362
7.34
0.554
3.65
9.484
1.514
9.208
13.323
0.233
2.853
5.452
0.524
8.362
8.831
5.63
10.546
52.494
3.486
5.993
1.871
17.217
24.688
11.534
10.423
15.008
7.69
12.533
12.128
7.078
0.676
58.704
29.133
5.383
2.414
10.997
9.465
11.467
7.647
24.73
10.688
13.507
2.626
2.917
2.573
8.396
5.732
1.719
4.259
1.487
18.665
19.293
2.318
0.582
15.429
17.47
9.095
4.289
2.159
16.849
9.782
6.072
4.953
11.343
13.675
7.574
26.62
31.958
6.872
11.061
8.02
12.136
13.819
12.043
6.193
2.98
2.359
7.546
3.469
0.156
0.124
28.031
8.475
5.153
8.468
8.204
3.737
6.574
9.455
4.285
2.271
7.237
6.225
6.867
5.385
0.709
1.79
4.328
9.364
3.734
1.385
0.01
1.274
0.594
6.003
1.997
5.572
4.566
5.998
9.28
4.25
4.734
1.514
2.654
7.852
1.414
0.007
0.611
0.127
0.182
0.069
0.165
0.007
0
0.512
0.144
0.014
0.103
0.034
0.58
0.355
0.233
0.058
0.11
0.151
0
0
0
10.416
1.133
4.034
0
1.274
1.554
0.062
0.01
0
0.206
0.01
0
0
0
0.041
0.003
0
0.027
0.027
0.003
0.027
0
0
0
0
0
1.95
0.165
0
0
0
0
0
0
0
0
0
0
0
0
0.031
0
0
0
0.003
0
0
0.391
0.122
0
0
0
0
0.726
1.385
0.918
0.309
3.059
3.09
1.876
6.037
0.766
0.048
0.185
0.821
1.203
0.113
0.149
0.055
10.193
6.005
0
0
0
0
0
0
0
0
0
0
0
0
0
0
0
0
1.133
0.276
0.024
3.648
2.705
4.151
3.165
0.474
64.891
17.952
2.517
7.635
0
7.941
1.287
0.13
0
0
0
0
0.113
0.185
10.804
0.089
10.3
4.432
0
1.777
8.089
17.3
3.783
0
0.257
1.524
1.854
0.223
1.414
1.327
0.094
0.117
0.165
0.429
1.378
0.055
1.749
0.336
0.072
0
0
0
0.048
0.654
40
21.197
15.908
7.56
18.366
4.218
5.494
0.072
12.914
6.54
8.861
2.283
18.642
4.165
6.767
0.007
0
0
0
0.33
2.074
0.271
3.402
0.312
0
3.203
11.146
4.02
5.116
5.359
2.927
6.503
0.889
5.682
0.611
7.205
0.24
0
8.422
3.533
11.817
1.356
7.598
9.604
10.537
0.323
10.468
13.58
12.639
1.654
14.981
6.751
11.604
2.029
1.2
2.657
2.789
3.341
9.089
13.879
12.591
6.218
12.797
10.164
11.572
1.15
3.394
4.688
6.12
0.35
2.235
4.329
3.979
8.969
7.438
15.985
3.492
4.947
6.787
1.483
8.841
15.81
4.065
7.55
8.587
6.739
7.677
4.841
2.029
0.786
2.077
4.659
2.551
4.213
2.753
7.211
4.127
5.445
0.405
0.172
8.377
3.88
6.784
4.587
1.952
4.396
0.618
0.146
2.364
2.597
3.132
2.071
3.971
7.443
4.655
0.755
1.674
5.996
2.592
2.937
6.571
9.304
0.747
6.185
4.268
8.605
2.081
0.706
11.623
0.192
0.366
5.165
2.262
0.518
7.141
3.962
1.061
4.985
2.372
7.371
1.627
11.028
5.188
4.199
7.479
7.9
4.539
12.267
8.695
6.494
11.841
21.035
3.818
3.433
5.751
8.696
8.59
63.343
9.603
3.461
1.706
6.19
0.855
9.023
2.571
4.202
8.053
60.593
54.794
2.888
0.587
1.846
2.134
35.542
2.205
2.352
4.626
2.577
3.512
2.965
0.792
2.093
2.438
1.735
2.549
0.633
3.957
0.106
0.537
0.06
0.177
5.778
4.695
1.301
0.014
3.936
4.235
0.069
1.736
0.007
0
0.175
0.115
0.038
0.027
0
0.01
0.175
0.439
0.187
0.189
2.278
0.134
0.2
1.497
0.448
0.103
0.707
0.247
0.079
4.324
0.985
1.397
0.39
1.239
1.735
0.307
0.007
0.014
1.105
0.038
0.041
0.021
3.214
0.35
0.726
0.733
0.003
0
0
0
0.003
0.021
0
0
0.027
0
0
0
0
0
0
0
0
0
0.041
0
0
0
0
0
0
0
0
0
0
0
0
0
0
0
0
0
0
0
0
0
0
0
0
0
0
0
0
0
0
0
0
0
0
0
0
0
0
0
0
0
0
0
0.096
0.007
0
0
0
0
0
0
0
0
0
0
0
0
0
0
1.615
1.102
0.165
0
0.021
0.038
5.315
0.426
3.176
4.24
2.578
24.307
4.367
4.669
5.277
0.604
7.852
0.371
31.297
0.608
20.802
130.597
0.446
0.851
0
0
0
0
3.303
0.752
1.459
1.698
0
0
0.1
0.989
1.27
1.267
1.806
0.221
1.957
0.985
3.598
1.61
0.264
0.92
3.643
2.966
1.02
16.747
24.829
22.676
4.36
0.278
0.069
1.133
8.484
0.968
0.161
0.264
0.062
0.591
1.978
1.136
11.728
0.086
0.173
0.294
3.001
0.539
7.57
0.954
1.723
0.675
1.991
0.046
0.333
0.07
0.218
0.045
0.781
0.22
0.791
1.718
0.213
4.165
3.583
0.838
0.395
2.826
0.658
6.726
1.221
1.193
0.014
1.473
0.038
0
3.389
2.326
0.141
5.442
0.072
0.134
2.494
48.62
92.929
0
6.335
5.079
4.201
0.101
11.867
5.4
0.891
4.695
10.164
0.714
13.683
8.786
13.105
9.112
7.533
5.535
0.326
1.37
16.72
4.91
13.144
2.014
3.888
6.614
3.778
4.482
3.835
10.454
10.708
8.814
10.346
0.391
14.277
4.868
7.929
7.981
3.878
4.666
1.181
5.042
0.296
7.944
10.712
9.958
14.957
4.095
9.527
15.444
5.5
3.619
3.258
0
0
1.634
0.271
0.021
4.975
0.172
11.621
65.939
22.292
7.948
3.159
9.105
2.829
0.007
2.259
38.267
40.855
40.485
47.051
6.303
15.051
17.575
4.031
6.753
13.139
0.261
13.043
5.914
2.381
3.013
4.499
6.83
2.608
7.775
15.189
2.024
12.384
55.801
1.366
4.667
12.629
1.96
7.297
11.458
4.358
4.589
0.041
3.868
0.538
1.108
1.828
4.049
2.814
12.274
19.485
12.895
1.39
11.584
19.425
7.062
16.267
16.619
7.999
15.261
9.325
5.119
0.302
7.09
3.619
15.611
11.069
0.621
1.545
3.737
3.368
1.627
4.673
6.221
3.756
0.522
0.072
2.733
2.791
1.255
0.917
0.525
1.907
0.86
0.86
0
0
1.887
0.283
0.076
0.088
0.564
0.196
0.031
0
0.333
0.757
0.213
0
0.278
0.153
0.007
0.633
6.437
0.927
0.027
0.017
0
0.127
0.29
0.003
0.121
3.299
0.292
0
0.031
0.017
0.082
0.014
0
0
0.007
0
0.027
0.163
0
0.483
0.113
0.117
0
0.014
0
0
0.021
2.777
0.197
0
0.017
0
0.264
0.364
1.164
2.124
0.63
0
0.021
0
0.791
0.467
0.017
0.074
0.003
0
0.003
0
0.252
0.01
0.003
2.515
0.336
0
0
0.074
1.306
1.713
0
0
0
0
0
0
0
0
0
0
0
0
0
0
0
0
0
0
0
0
0
0
0
0
0
0.075
2.929
5.155
1.111
0.076
0
0
0
0.057
0
0
0
0
0
0
0
0
0
0
0
0
0
0
0
0
0
0
0
0.208
1.483
0.33
0.561
0.048
0
0
0
0
0
0
0
0.518
1.929
7.148
16.682
2.97
0.089
0
2.403
25.701
36.068
0.158
0.192
0.371
7.327
0.027
0.089
2.345
0.189
0.161
1.507
13.342
34.003
0.093
1.27
1.6
12.157
2.874
0
0.333
0.192
4.535
4.964
4.561
10.713
0.003
2.699
0.323
16.112
1.675
0.01
0.261
0.172
0.031
1.826
0.639
4.477
5.689
0.062
3.488
1.095
0
0
1.916
0.961
0.288
0.027
3.093
5.263
0.831
2.911
0.92
2.918
0.584
6.691
8.929
6.135
0.639
0.113
3.21
0.278
0
0.467
3.567
1.883
3.248
0.427
2.86
10.464
0.324
9.572
11.486
0.359
2.002
1.011
0.532
0.045
0.017
53.826
0.963
11.305
5.996
8.983
0.048
3.565
6.992
3.995
2.763
3.817
5.527
19.52
9.091
0.516
4.044
0.108
0.172
0.203
4.166
8.773
0.01
4.3
9.719
0.539
7.583
9.208
7.51
3.531
0.055
0.041
12.617
6.489
13.343
2.68
4.087
1.109
0.103
9.41
6.774
9.589
6.88
18.622
8.209
3.248
5.078
3.411
6.042
0.309
0.261
8.806
3.268
1.579
0.165
2.396
12.009
5.402
1.191
0.233
0.003
0.007
0.089
1.081
1.274
1.006
5.212
7.433
14.238
15.266
3.164
6.363
9.936
18.63
7.854
5.538
9.562
9.321
2.069
4.094
5.873
9.11
8.422
23.294
2.814
2.537
12.483
1.596
13.367
19.454
1.344
3.955
1.152
0.458
0.045
75.707
0.724
6.176
13.146
0.13
0.151
5.864
13.469
0.669
2.39
4.803
5.637
2.283
0.735
2.479
5.582
2.74
2.232
7.783
11.367
0.367
0.045
6.503
0.065
0
4.58
0.834
1.6
0.237
0.144
0.278
0
0.055
0.206
3.742
1.524
1.04
1.596
0.733
0.089
0
0.213
0.017
2.901
1.501
0.426
0.639
11.568
0.845
13.548
11.757
1.061
0.151
2.302
5.933
3.801
2.368
0.168
0.024
0
0.014
0
0.015
0.391
0
0.8
0.199
0
0.01
0.038
0.021
0
0.096
0.048
0
0.065
1.167
0.113
0.027
3.799
0.465
2.333
0.203
0.027
0
0.707
2.802
0.268
0.003
0
0
0
0.007
0
0.007
0
0
0
0
0
0
0
0
0
0
0
0
0
0
0
0
0.007
0.041
0
0.055
0.01
0.424
0.16
0.127
0.647
0.101
0.014
0.41
0
0.003
0.007
0
0
0
0.027
0
0.055
0.031
0.003
0
0
0
0
0
0.003
2.18
0.23
0.285
1.693
0.213
0
0.045
0.398
4.518
1.751
1.428
17.477
71.027
1.095
10.719
16.119
0.549
4.417
0.982
0
0
0
0.63
0.208
0.014
0
4.134
7.888
3.255
0.017
0.321
1.121
0.139
0
0
0
0.127
0.278
0.256
1.735
0.543
3.277
0.254
0.079
0.587
0.443
4.631
5.668
6.564
2.084
5.074
2.602
0.069
1.665
1.761
5.795
54.461
0.034
0.148
4.855
4.051
0.223
0
0
0
0
2.317
1.301
0.079
1.25
1.504
1.449
0.409
3.643
0
7.182
7.297
1.5
3.111
5.277
2.874
2.911
1.737
0
2.633
4.752
1.847
0
23.463
10.583
2.856
5.703
6.183
10.228
17.437
2.676
13.949
6.104
17.523
12.844
9.424
8.851
5.891
9.4
7.375
4.798
0.742
6.327
13.407
0.827
0.23
0.275
3.639
0.065
0.233
0.47
1.342
0.673
3.083
7.831
14.454
6.657
2.417
9.108
0.436
0
2.221
6.449
0.827
12.787
2.407
2.307
3.08
3.553
3.725
12.521
3.306
19.085
3.44
9.265
10.312
4.873
10.004
5.395
7.962
0.086
6.056
0.326
0.469
21.339
8.331
9.706
4.537
0.362
0.024
1.245
10.588
7.56
10.272
4.791
3.964
0.179
4.892
13.833
0.161
0.038
3.375
3.794
1.631
14.662
13.125
0.343
2.361
4.896
4.015
1.003
0.735
0.766
0.021
6.925
3.16
3.962
6.951
16.338
2.432
4.197
1.92
4.504
4.376
0.917
0.513
2.839
4.523
7.924
4.755
1.327
0.038
4.36
2.764
0.139
0.278
7.979
32.897
12.397
10.41
10.602
8.787
0.206
0.124
3.114
12.011
18.503
1.904
3.955
12.215
4.388
4.906
6.695
11.515
7.083
3.581
4.395
111.257
0.814
0.402
5.198
2.002
6.382
1.517
0.968
1.198
7.721
14.152
0.192
6.794
10.042
10.749
8.089
0.021
0.23
1.96
1.452
2.352
0.508
1.476
0.1
3.868
0.141
0.149
4.906
7.378
39.949
6.238
8.332
1.239
6.614
6.125
13.105
2.335
2.475
1.15
3.588
0.618
1.016
1.723
3.375
1.087
0.299
0.769
2.596
4.171
0.941
0
0.144
0.1
0
0
0
0.079
0.041
0.11
0.206
0
0.007
0.584
0.175
0.058
0.129
0.153
0.077
0.125
0.11
0.124
0
0
0.017
0.003
1.402
0.244
0
0
0
0
0.034
0
0.017
0
0
0
0
0
0.034
0.055
0
0
0.096
0.017
0
0.034
0.126
0
0.01
1.209
0.177
0
0
0
0
0
0
0
0
0
0
0
0
0
0
0
0
0
0
0
0.06
0.01
0.021
0
0
0
0
0
0
0
0.045
0
0
0
0
0
0
0
0
0
0
0
0
0
0
0
0
0
0
0
0
0
0
0
0
0
0
0
0
0
0
0
0
0.007
0.007
0.443
0.368
0.398
0.088
0
4.576
0.706
1.914
0.093
0
0
7.768
0.942
2.103
0.069
0
0
0
1.476
0.148
4.425
0
0
0
0
0
0.821
3.646
1.445
0.659
42.483
37.869
0.872
0.501
0.017
6.839
0.7
0.582
0.041
0.309
0.488
0.12
4.13
2.832
1.384
6.029
1.445
0.079
0
0.233
0.52
1.521
3.591
27.612
2.053
2.638
2.613
1.62
30.173
43.671
0.376
6.429
3.672
0.117
0
4.213
42.205
38.629
2.269
0.611
18.131
6.963
1.142
7.984
1.99
13.812
12.169
0.086
5.368
2.393
2.664
1.605
8.284
8.779
1.142
0.388
1.096
12.564
15.862
2.179
1.984
6.63
4.288
5.517
0.476
7.199
1.549
12.202
2.769
3.316
9.261
8.921
0
0.893
0.335
0
0.007
1.54
0.024
0.113
2.966
2.049
8.09
5.802
0.551
0.003
0.021
0
5.699
7.447
6.624
0.728
4.3
3.329
3.141
1.487
1.243
2.644
2.462
5.188
0.563
6.647
6.297
1.38
0.275
9.328
7.97
0.505
2.551
1.566
1.943
10.808
8.252
3.584
0.141
2.348
0.007
2.099
1.029
0.752
6.712
2.053
3.636
4.158
0.379
0.024
0.75
1.638
0.378
0.021
0.093
0.038
1.039
0.122
6.476
2.554
2.695
0.12
0.027
0.314
0.117
0.007
16.577
0.731
0.021
0.027
0
0.312
0.142
1.078
0.17
2.683
6.696
48.041
0.9
0.549
0.288
17.956
0.01
0.099
12.93
24.196
0.139
1.03
5.253
5.126
14.935
18.902
6.238
30.302
0.302
4.96
5.279
1.169
2.919
2.76
15.094
20.023
6.376
1.132
1.966
3.411
2.896
3.812
1.231
2.975
4.02
13.995
11.272
5.679
0.615
3.423
0.86
7.29
3.651
3.461
0.568
4.999
4.563
1.382
1.454
0.747
0.877
0.208
0.003
0.094
0.114
1.854
0.925
0.191
0.072
0.216
0.36
2.019
4.267
0.076
16.116
22.11
0.493
1.071
1.536
0.086
0
0.051
0.625
0.038
0
0
0.031
0
0
0.108
0.093
0.148
0
0
0
0
0
0
0
0
0
0
0
0.003
0.01
0
0
0
0
0.021
0.003
0.031
0
0.014
0
0
0.048
0.045
0
0
0
0.021
0
0
0.003
0
0.01
0.017
0.017
0
0.134
0.027
0.239
0
0
0
0
0
0
0
0
0
0
0
0
0.048
0
0
0
0
0
0
0
0
0
0
0
0
0
0.017
0.463
0.118
0
0
0.003
0
0
0
0
0
0
0.014
0.422
0.139
0
0.048
0.194
0.05
0
0
0
0
0
1.073
0.242
0.045
16.679
43.099
4.018
0.295
0
2.874
25.341
2.283
7.002
6.314
9.967
0.558
0
4.074
0.929
6.856
0
0.007
0.017
0.34
0.062
0.007
0
0
0
0
0
0.024
0.024
0.093
0.839
2.108
0.175
0
0
4.683
0.45
1.943
0.154
0
0
0
0
3.392
0.29
1.638
1.962
2.856
0.366
2.074
21.456
0.814
1.909
0.448
16.746
1.729
1.028
3.284
7.917
3.25
0.12
0.154
0.367
1.171
0.649
0.062
0.027
1.713
2.328
0.834
7.066
3.691
2.146
4.532
0.014
87.86
14.698
0.007
0.282
0.604
3.062
20.349
3.718
0.223
0.714
1.576
4.752
2.441
0.055
11.302
0.742
5.438
7.838
0.017
1.99
1.233
3.201
18.014
14.08
10.169
4.434
4.195
25.174
1.167
0.694
0.199
7.771
1.504
1.476
0
1.413
8.284
7.799
6.842
38.912
3.133
5.605
5.6
1.972
2.879
3.601
4.118
7.809
13.472
9.845
6.218
1.189
2.678
1.348
0.663
0.029
6.544
2.438
1.413
0.604
3.859
1.56
0.591
10.549
6.345
6.971
2.973
3.387
2.194
3.468
1.311
5.206
18.493
5.095
2.988
2.882
6.061
5.861
4.305
17.904
7.598
0.161
0.287
5.927
1.792
0.096
0.057
0.031
1.366
1.14
0.814
10.361
0.742
1.128
9.788
0.256
0.151
0.094
10.137
11.345
0.227
0.124
1.581
8.338
9.598
6.427
7.285
1.943
8.834
4.286
5.277
11.457
17.98
5.085
8.114
12.288
6.317
22.64
3.567
4.219
3.667
0.247
0.024
4.875
1.978
39.427
6.441
2.793
14.042
4.728
13.99
7.979
0.385
4.432
9.781
0.8
0.57
1.341
3.238
11.094
6.384
4.439
5.974
30.757
7.467
2.386
0.893
37.333
21.544
0.542
2.173
2.444
4.635
1.033
0.233
3.907
16.397
2.019
0.203
7.704
2.997
2.365
7.788
0.834
0.573
0.467
7.242
3.694
3.684
0.474
0
0.261
2.293
0.522
0
0
0.007
0
0
0.529
0.041
2.781
8.058
1.219
1.972
0.735
0.1
0.314
0
0.014
0.13
0.003
0.007
3.457
0.501
0.769
0.11
0.185
0.038
0.426
1.061
11.333
14.389
35.855
1.037
1.217
0.096
0.082
0
0
0.134
0.297
0.079
0
0
0.038
0
0
0
0
0
0
0.003
0.072
0.007
0
0.139
0
0
0
0
0
0
0
0
0
0
0.021
0.364
0.079
0
1.081
0.137
0.027
0
0.536
0
0
0
0.072
0.003
4.667
0.1
0
0
0
0
0
0.014
0
0
0
0.017
1.452
0
0
0
0
0
0
0
0
0
0.463
0.086
0
0
0
0
0
0
0
0
0
0
0
0
0
0
0
0
0.13
0.209
0.728
2.091
1.061
0.529
0.051
0
1.806
1.933
0.47
0.01
3.014
0.539
2.503
1.799
0.336
0
0
0.007
4.336
0.302
0.33
0.026
0
0.621
0.165
0
0
0.1
0.106
3.813
1.705
4.309
1.612
0.086
0.141
0.051
0.694
0.031
0.003
0.11
0.7
0.168
0
0
2.204
0.316
0.003
0.491
0.05
1.184
0.232
0
0.072
3.304
0.671
9.654
0.81
0
0.101
2.022
4.614
4.285
0.814
0.206
3.054
0.244
0.115
0.026
0.58
0.407
0.089
0.007
0.051
0.161
0.096
0.189
43.83
3.989
0.863
1.021
7.726
3.159
0.266
1.322
4.899
11.584
6.437
1.382
0.215
9.591
8.616
0.292
6.097
2.753
3.818
10.523
0
1.586
8.765
4.413
11.879
2.829
0.076
1.311
1.463
3.224
7.263
9.283
9.191
2.414
0.488
6.001
6.01
9.029
4.721
1.263
10.945
0.007
0.045
0.003
0.017
0.003
0
0
0.488
0.23
0.062
0.148
2.418
3.471
0.065
0.23
7.371
15.887
0.175
0.426
2.597
1.336
0.261
5.497
2.571
5.964
0.336
2.163
0.128
7.244
0.97
0.027
7.171
14.723
2.791
0.088
2.287
0.167
0.592
0.033
0.141
0.12
0
3.339
8.969
3.323
0.079
0
6.295
5.957
1.61
8.724
14.49
4.324
10.458
0.419
0.038
4.007
12.241
2.456
0.881
33.529
17.937
10.008
27.546
17.338
28.254
34.629
88.271
5.116
0.237
0.92
0.676
3.1
0.021
0.875
11.901
1.564
1.512
0.062
1.193
14.569
2.345
0.191
14.409
22.837
11.865
13.348
6.145
37.405
1.851
3.392
4.128
2.347
12.272
10.734
6.587
9.084
11.769
3.466
0.934
7.399
3.063
15.415
30.87
5.146
5.953
8.027
0.334
1.579
22.005
7.944
16.347
15.687
27.955
14.743
3.231
0.508
0.055
2.257
5.438
6.164
4.717
3.14
0.951
1.37
4.13
0.584
0.045
0.003
1.124
0.282
0.326
0.491
0.138
0.048
0
0
0
0.003
0.027
0.024
0.226
0.772
0.021
0.031
0
0.261
0.034
0.211
0.024
1.411
0.007
0
0
0.003
0
0
0
0
0.045
0.003
0.062
0
0
0
0
0
0
0
0
0
0
0
0
0
0
0
0
0
0
0
0
0.021
0.065
0.065
0
0
0.027
0
0
0
0.007
0.467
0.196
0.027
0
0
0
0
0
0
0
0
0
0
0
0
0
0
0
0.007
0
0
0
0
0
0
0.017
0.055
0.045
0
0
0
0
0
0
0.433
0
0
0.055
2.321
0.072
0.003
0.007
0
0
0
0
0
0
0
0.141
0
0
0
5.081
1.03
0.597
0
6.775
1.911
0.256
0.151
2.324
4.666
0.58
2.453
2.786
2.796
0.828
0.271
0.227
1.37
0.884
0.027
0.064
2.537
0.515
1.627
0.331
0.007
0
0
0
0
0.429
0.373
0.779
0.549
0.185
0.034
1.147
0.082
0.168
0.364
0.508
1.607
3.248
4.875
4.491
0.306
2.97
1.634
17.008
6.76
3.68
0.316
0.017
0
0
6.549
0.316
3.251
0.529
4.223
4.103
4.645
12.445
0.251
1.078
6.88
0.58
0
7.491
0.992
0.429
3.536
19.257
17.262
8.81
6.595
1.504
0.113
3.601
3.787
0.326
0.051
0.635
0.179
0.275
22.155
0.814
5.974
5.133
0.034
6.588
0.656
1.439
1.148
0.227
0.695
0.737
6.897
18.915
10.581
0.665
7.969
1.423
0.345
4.928
5.761
0.348
2.499
0.371
9.749
0.105
1.061
10.852
4.829
0.084
5.32
12.629
23.784
2.496
3.222
4.916
8.425
17.973
10.399
19.322
10.269
14.217
4.213
0.608
2.249
6.448
8.655
0.961
6.135
1.475
2.954
11.608
4.123
2.304
10.619
0.326
2.015
2.147
6.77
3.653
3.437
3.389
7.57
3.972
4.324
0.182
19.066
7.351
3.543
2.353
2.523
8.257
8.106
29.661
1.636
3.452
9.98
1.289
0.275
6.878
0.208
3.72
2.875
12.902
7.994
6.145
2.473
5.927
9.098
9.591
0.417
9.27
10.176
10.899
8.458
15.856
10.67
7.545
9.781
4.654
5.126
93.387
3.79
8.322
7.984
30.2
0.467
4.302
0.529
8.82
3.268
11.388
4.676
1.59
7.371
9.946
0.779
0
5.927
5.514
3.275
7.625
2.547
13.352
5.873
13.822
14.718
3.299
9.452
14.069
2.529
4.619
0.367
0
0.197
1.533
3.79
13.727
1.42
4.152
9.539
4.151
4.78
5.927
5.009
4.679
3.009
2.087
0.731
3.474
6.091
4.34
0.082
2.983
3.868
6.017
1.593
0.227
0.189
3.432
0.122
2.135
0.409
3.691
4.537
11.276
3.126
3.313
3.308
0.494
0.029
0
0.136
0.354
0.007
0.892
0.154
0
0
0.031
0
0.048
0
0.003
0.021
0.041
0.032
0
0
0.034
0.024
0.027
0
0.038
0
1.586
4.583
0.754
0.125
0.021
0.439
0.184
0
0
0
0
0
0
0
0.01
0.003
0
0.244
0.4
0.031
0
0
0
0
0
0.017
0.027
0
0
0
0
0
0.81
0
0
0
0.103
0
0.134
0.106
0.045
0
0.014
0
0.127
0.024
0
0.058
0
0
0
2.616
0.364
0.021
0
0
0
0
0.014
0.989
3.49
0.347
0.132
0.007
0.403
1.061
0.003
0.216
0.419
1.56
0.702
0.354
1.088
2.481
0.259
0.003
0.007
0
0
0
0
0
1.37
0.148
0
8.568
24.517
0.409
0.076
0.043
4.928
0.536
2.791
2.302
1.734
1.187
1.344
0.057
0.034
5.601
109.331
25.887
0.759
0.086
0.12
0.786
0.168
6.503
2.884
26.498
2.211
14.706
0.278
0
0.007
0.791
7.502
34.126
86.262
47.367
4.537
0.512
0
0.203
0.074
0.024
1.277
0.283
8.341
8.171
0.003
0.283
0.199
6.717
16.43
0.027
0.319
0.18
1.269
4.336
17.887
0.065
0.039
0.266
2.232
0.978
0.189
0.175
0.853
0.191
18.986
13.35
7.91
9.766
1.414
2.597
11.992
1.765
7.351
0.91
1.48
0
0
0.354
0.589
0.043
0.182
0.168
0.01
1.901
0.738
0.7
0.094
0.264
19.6
11.465
8.871
7.678
0.468
2.2
0.007
5.727
6.836
11.407
10.871
7.636
13.293
2.85
14.577
8.238
10.604
2.431
1.607
4.427
11.158
0.985
0
1.466
0.027
0.652
6.832
5.334
3.701
0.017
14.167
10.619
2.965
3.905
1.838
7.927
9.984
2.819
3.419
0.161
6.245
10.221
3.581
3.904
5.823
3.423
2.891
9.654
6.839
3.351
6.739
8.844
2.448
0.103
0.048
0.014
0.409
1.081
2.709
3.485
0.1
0.268
0.007
0.01
3.189
4.896
8.774
0.213
8.199
5.843
3.878
0.288
3.818
11.488
3.646
7.529
1.263
6.317
11.776
1.976
5.222
4.867
0.292
1.248
0.268
9.11
1.531
6.199
9.393
7.629
2.18
2.446
0.185
6.406
0.851
7.397
5.634
4.804
6.102
2.748
0.151
0.19
9.798
0.105
5.443
3.511
7.27
13.55
19.6
0.72
1.554
3.408
5.117
0.145
0.972
1.388
0.209
2.09
8.351
0.44
5.273
9.404
11.014
0.254
1.153
15.919
0.2
0.347
7.093
10.641
0.017
1.095
2.07
2.208
2.978
3.073
1.5
3.167
7.324
28.133
3.95
1.799
0.354
0.112
0.412
0.515
0.148
4.024
1.799
0.123
0.238
0.06
0.089
0.834
3.289
0.355
0.014
0.017
0.007
0
0.11
0
0.003
0
0
0
0
0.034
0.062
0.055
0.347
0.405
0.261
0.062
0
0.058
0.003
0.007
0.096
0.1
0.003
0.014
0.031
0.093
0.934
0.216
0
0.103
10.513
0.027
0
1.1
0.347
0.084
0.034
4.928
0.529
0.017
0.191
0.085
0
0
0.01
0.017
0.007
0
0
0
0.446
0.033
0
0
0
0
0
0.01
0
0
0.191
0
0.017
0
0.069
0
0
0
0
0.13
0
0
0.467
0.007
0.024
0.041
0.113
0.017
0
0
0
0
0
0
0
0.124
0.021
0.01
0.01
0
0.017
0
0
0
0
0
0
0
0.034
0
0
0
0
0
0
0
0
0
0
0
0
0.007
0
0
0
0
0
0.055
0.608
0.154
3.22
22.555
0
0
0
0
0
0
0.003
0.017
0.022
0
0.771
0
0
0
0.007
0
0.038
0.024
0.024
0.127
0.627
7.958
9.512
13.18
1.15
0
0.132
0.098
0.323
8.142
0.805
0.096
4.997
0.819
0
1.224
0.089
0
0
6.19
33.368
0
0.309
2.135
6.291
0.616
0
0
0.427
0.978
2.676
1.025
0.951
0.076
2.23
0.161
4.908
3.622
1.286
2.335
4.267
0.302
11.024
11.882
10.59
7.626
4.115
1.358
0.542
0.264
0.074
0.239
0.374
0.431
0
3.603
6.87
1.262
2.578
0.053
1.78
7.215
6.544
1.665
0.633
0.93
9.538
14.363
4.112
3.014
5.526
2.789
11.021
10.403
1.317
8.253
3.162
4.528
3.426
63.74
25.001
7.493
0.208
16.528
17.82
15.825
13.844
5.342
3.698
11.074
1.444
0.302
5.709
7.082
3.543
8.763
1.39
11.664
6.655
0.149
14.277
1.978
1.298
6.805
0.735
0.968
0.089
6.08
3.68
0.501
8.748
2.729
4.132
3.317
0.817
2.901
1.363
3.334
0.515
1.277
5.708
5.308
10.02
7.546
5.974
6.489
1.133
1.311
5.655
2.802
10.502
0.637
0.257
0.347
5.819
0.505
0.22
0.297
0.173
2.218
13.717
1.401
0.062
2.834
8.374
5.596
3.363
1.775
1.262
1.173
0.133
13.735
17.684
7.031
14.402
5.597
5.234
0.12
6.4
37.288
1.136
5.836
0.031
0.615
0.477
12.861
12.888
19.851
13.575
8.559
3.104
11.918
11.972
9.232
4.961
16.981
4.913
9.41
43.911
19.041
1.873
1.899
0.314
3.224
20.126
1.651
1.809
3.275
0.35
4.429
58.918
0
0.875
2.091
5.608
14.377
2.975
10.222
1.253
1.796
8.219
6.559
1.859
1.799
2.379
1.775
2.947
5.75
2.771
0.278
0.3
4.827
0.671
0.072
1.758
1.516
7.882
0.549
0.079
0.79
0.076
0.031
2.044
0.151
0.496
0.077
2.444
0.417
2.561
6.281
1.023
0.007
0.1
0.007
0.038
0
0.007
0
0.007
0.003
0.518
1.622
0.282
2.019
0.381
0.149
0.058
0.079
0.551
0.894
0.062
0
0.007
0.007
0
0
0
0.031
0
0
0.062
0
1.184
0.1
0.045
4.956
0.01
0.014
0.003
0
0
0
0
0
0
0
0
0
0
0
0
0
0
0
0
0
0.069
0
0
4.839
0
0
0
0
0
0
0
0
0
0
0
0
0
0
0
0
0
0
0
0
0.113
0.021
0.173
0.288
0
1.234
0.245
0
0
0
0
0
0
0
0.506
7.793
5.45
0.029
0
0
0
0
0
0
0
0
0
0
0
0
0
0
0
0
0
0.003
0.021
0
0
0
0
0
0
0
0
3.057
4.817
7.373
0.834
0
0
0
0
0
0
0.003
0
0
0.539
0.034
0.027
0
2.985
0.268
0.086
0
0.13
0.062
1.511
0.161
0.01
0.065
0.01
0
0.731
1.078
14.014
10.567
1.191
0
0.419
5.133
7.454
0.577
0
1.027
0.577
2.002
0.227
0.168
17.884
2.709
3.567
14.375
2.499
11.615
7.234
10.839
11.038
4.429
3.344
7.351
1.095
3.385
0.608
0.323
0.494
0.127
0.141
0.532
0.007
0.024
2.556
0.295
1.445
0
0.014
1.373
0.192
0.978
3.749
1.037
0.941
0.639
1.902
23.748
13.657
17.199
17.435
1.097
32.027
1.756
1.044
7.098
0.924
0
0
0.769
8.443
12.571
1.84
0.824
0
0
2.338
5.981
5.754
0.857
0.076
3.888
1.008
13.434
4.618
7.52
5.259
2.166
5.229
10.616
0.381
0.045
6.523
6.815
14.423
2.884
0.807
4.93
3.972
4.178
17.472
1.095
7.031
3.577
4.13
0.443
2.568
3.9
6.156
7
15.944
14.217
4
6.784
8.793
9.285
0.858
0.429
5.315
8.096
21.695
2.788
3.15
2.187
0.172
9.386
16.419
12.011
10.186
4.74
7.086
2.376
0.635
2.311
4.642
4.719
6.614
0.249
4.994
3.205
1.449
9.17
11.064
0.045
0.031
0.017
2.245
8.252
2.063
0.306
3.603
12.25
1.941
0.003
0.103
0
0.615
0.481
0.003
3.835
9.452
15.008
3.699
0.33
5.835
12.899
0.27
13.022
12.004
5.67
12.114
12.839
8.631
0.505
18.303
0.69
10.003
0.91
1.711
0.843
0.12
5.243
5.754
6.257
2.985
4.456
0.767
1.878
0.175
10.805
15.381
2.599
0.076
0.688
0.445
8.072
71.25
44.574
2.036
0.299
6.01
54.966
8.853
0.512
1.042
0.124
0.089
0.038
0.027
0.058
0.077
0.024
0.209
0.29
0.118
0.312
0.01
0.076
0.017
0
0
0.154
0.041
3.128
0.34
0
0.031
0.768
1.118
0.048
0.041
0.024
0.103
0.027
0.041
0.151
0.144
0.041
0.003
0.003
0
0
0.039
0.029
0.031
0.01
0.031
2.458
0.362
0.014
0.024
1.744
0.221
0.13
0
0
0
0
0
0
0
0
0
0
0
0
0
0
0.424
0
0
0
0.045
0.196
0.086
0
1.497
0.027
0
0
0.017
0.185
0.045
0.034
0.048
5.833
0.615
0.014
0.268
0
0
0
0
0
0
0.021
0.014
1.449
0
0
0
0.735
0.12
0.669
2.166
0.182
0
0
0
0
0
0
0
0
0
0.021
14.85
13.918
4.614
1.711
0.027
0.017
0.017
0
0
0
0
0.244
0.144
0.738
0.048
0.405
0.158
1.83
1.047
0.584
1.61
0.261
1.341
1.246
0.997
0.415
2.628
0.065
0
0.45
0.036
4.336
11.1
0.451
0.017
0.007
0.306
0.203
3.418
1.018
3.907
0.431
0.824
0.158
1.016
26.484
26.892
0.031
0.007
0.103
1.066
0.172
0.007
0
0
0
0
1.384
0.299
0.615
0
0.457
1.315
0.604
4.058
0.446
0.422
0.048
0
0
6.159
8.229
11.56
0.024
0.678
0.397
1.155
3.715
0.275
3.119
0.398
0.007
0
0.482
0.549
0
11.407
2.031
12.307
4.843
1.169
0.017
3.449
0.582
7.8
0.148
0
0
0
77.91
27.457
1.126
3.399
5.874
1.476
0.032
0.024
0.476
5.284
13.146
0.189
0.064
0.106
0
7.096
0.357
4.894
0.383
0
0
0.01
0.685
3.143
7.347
8.207
1.76
0.407
0.029
1.523
3.56
4.461
0.874
9.192
74.911
0.827
0.625
7.852
39.75
0.247
0.323
8.368
8.487
7.605
15.22
9.84
1.631
13.239
4.213
8.743
0.242
0.076
15.946
17.527
5.672
2.995
5.424
1.576
3.615
7.668
0.778
7.852
4.034
0.003
3.387
2.671
11.625
4.334
2.424
0.192
0.989
0.017
0.003
0
1.342
0.038
0
0.003
2.115
0.357
7.807
0.182
0.014
0.014
6.588
7.658
2.383
5.605
7.89
11.735
14.605
19.315
213.399
16.394
11.422
16.055
5.531
5.692
8.631
5.891
4.602
7.066
1.29
1.439
0.819
22.949
3.22
7.056
17.195
3.088
2.659
3.226
7.045
5.349
16.001
17.928
7.838
2.263
0.211
0.366
1.789
21.209
5.871
2.336
0.202
11.291
9.714
3.948
23.128
0.7
0.151
52.299
1.365
6.523
3.888
14.414
2.211
0.556
2.894
6.326
1.396
3.226
2.392
6.21
6.662
1.298
3.384
0.125
0.058
1.404
1.499
2.674
0.561
0.228
4.338
0.191
5.778
2.711
5.627
2.723
5.325
0.934
2.259
1.439
0.364
0.215
0.072
1.342
0.5
1.618
0.348
0
0.027
0.007
0.007
0
5.641
5.734
0.91
0.051
0.36
0.163
0.251
0.302
1.157
0.905
1.047
0.875
0.115
0
0.076
0.014
0.007
0.017
0
0
0
0.021
0
0.003
0
0
0
0
0
0
0
0.003
0
0.031
0
0
0.062
0.055
0.158
0.257
0.051
0.007
0
0
0
0.24
0.033
0.034
0.391
0.172
0.295
0
0
0
0
0
0
0
1.531
0.285
0.161
0
0.247
0.525
0.604
0.264
0.093
0.141
0.594
0.076
0.014
0
0
0
0.148
0.038
0
0
0
0
0
0
0
0
0
0
0
0
0
0
0
0
0
0
0
0
0
0
0
0
0
0.024
0.021
0
0
0
0
0
0
0
0
0
0
0
0
0
0
0
0
0.021
0.007
0
4.59
5.61
0.958
0
0.003
0
0
1.885
5.624
0.484
0.007
0
0.275
0.007
0.024
0.086
0.055
0
0.342
2.201
3.466
1.641
0.122
1.639
0.184
0.142
0.088
1.871
0.154
1.727
4.285
1.916
0.173
0
0.376
0
0
0
1.063
2.391
0.273
2.257
3.946
0.426
0.491
0.017
0
0.014
0.003
0.003
0.105
0.405
0.096
0.024
0
0
5.634
3.488
0.357
0.237
0.031
0.676
0.158
0.453
0.096
0.467
0.093
3.557
0.196
0.027
0
0
0
0.446
0.831
6.52
0.436
0.014
3.742
4.106
27.483
0.065
0.065
0.532
2.081
4.58
0.01
0
4.638
10.09
8.305
13.39
5.73
5.816
1.366
4.913
13.941
10.815
0.137
0
1.72
0.151
3.77
7.581
5.766
7.19
7.263
3.462
5.49
0
3.62
1.213
3.044
4.891
0
0.041
7.575
1.078
0.767
0.097
0.335
0.923
0.197
0.041
0.038
0
0
0.107
0
0.354
0
0.031
1.203
0.442
10.561
0.651
0
6.266
6.466
7.744
5.799
12.34
6.274
4.453
31.398
4.489
0.774
0.443
0.151
8.221
9.924
0.453
0.398
10.471
5.543
0
0.01
4.353
4.189
10.549
5.196
3.802
5.257
9.521
2.645
0.252
10.155
2.416
4.281
1.409
0.359
0.011
3.918
2.818
7.117
10.258
0.127
10.419
7.839
4.522
0.52
4.738
2.298
3.749
5.505
1.751
2.142
0
0.814
2.07
0.031
15.92
0.326
5.721
0.987
0.802
0.027
0.122
0.53
0.223
14.075
0.026
0.22
4.079
2.264
0.603
1.364
0.046
0
0.045
2.609
0.702
0.079
0.68
1.531
0.578
0.167
3.2
1.116
0.638
0.59
0.277
0.021
6.902
6.116
0.309
0.341
0.115
1.583
0.875
0.057
0.086
0.101
0.942
0.062
0.007
0
0
0.185
0.003
0.343
0.027
0.147
0
0
0.031
0.01
0
0.139
0
0.01
0.014
0
0
0
0
0.021
0.105
0
0
0.003
0
0.017
0.106
0
0
0
0
0
0
0.01
0.041
0
0.014
0
0
0
0
0.233
0.007
0
0
0.106
0.014
0
0
0
0
0.051
0
0
0
0
0.031
0
0
0
0
0
0
0
0
0
0
0
0
0.007
0.168
0.091
0.017
0
0
0
0
0.048
0
0
0
0
0
0
0.027
0.01
0
0
0.125
0.058
0.014
0.01
0.038
0
0
0
0
0
0
0
0
0
0
0
0
0
0
0
0
0
0.209
0.117
0
0
0
0.136
0.003
0
0
0
0.611
0.082
0
2.944
0.98
0.036
2.364
0.222
0.707
0.801
0.058
0
0.865
0.228
0.01
0
0.154
2.625
0.784
0.307
0.205
0.026
5.57
83.625
55.007
0.261
7.167
2.257
0.106
0
0
0
0.027
0.769
0.223
0
2.733
0.271
0
3.219
0.839
1.013
0.772
0.237
0.003
0.824
0.065
0.069
0
0.86
0.113
0.189
0.175
0.338
1.868
0.784
0.443
0.1
0.144
0.017
0
0.017
0.136
0.01
0.024
1.234
0.069
0.309
0
0.034
12.849
0.244
0
0.082
0.156
1.102
2.141
0.714
0.036
0.113
0.022
0.007
11.956
1.186
0.625
2.547
2.958
0.333
1.193
0.103
1.219
0.106
1.43
1.032
1.437
0.997
0.251
0.534
2.317
24.479
11.203
0.791
0.021
1.475
28.449
5.339
9.095
2.097
2.578
5.122
11.809
7.329
3.183
19.139
0.239
0.079
11.024
8.968
9.242
0.034
6.894
5.675
0.139
4.403
0.12
2.499
0.886
0.333
8.609
0.397
0.076
1.14
0.275
0
0.489
4.439
0.35
0.007
1.105
0.268
0.065
0.084
4.518
1.184
0.484
1.186
0.014
0
0.014
4.313
0
1.318
1.322
0.127
0.045
0.048
1.742
9.295
0.575
8.272
3.758
0.021
0.182
0.151
1.015
1.931
0.017
2.965
13.199
0.093
3.085
0.433
0.206
0.257
4.652
1.684
0.101
4.398
0.98
0.615
3.389
0.369
3.492
1.543
2.69
1.983
4.637
6.927
3.971
4.518
0.415
5.859
0.56
12.545
0.259
0.597
2.443
17.695
0.227
1.115
0.139
9.743
11.66
0.311
0.003
2.843
1.722
2.093
0.402
0.822
0.093
5.082
3.897
1.741
1.298
0.79
0.745
3.239
30.86
3.892
0.252
2.518
1.004
0.173
0.769
1.835
0.254
5.116
0.412
1.744
0.153
0.027
0.027
0.084
2.01
0.297
0.079
0.089
0.134
0.106
0.113
0.196
0.051
0.086
0.295
1.899
4.817
1.751
0.422
0.055
0.113
0.065
0.1
0.13
0.862
0.117
0.089
1.04
0.11
0.373
0.191
2.19
0.347
0.041
0.041
0.68
2.88
0.398
0.051
0.027
0.055
0.038
0.22
0.393
0
0.003
0
0.11
0.458
0
0.007
0.027
0
0
0
0
0
0.003
0
0.136
0
0.003
0.01
0.01
0
0
0
0
0
0
0
0
0
0.088
0
0.027
0.687
0
0
0
0
0
0
0
0
0
0.017
0
0
0
0.141
0.096
0.027
0
0.003
0
0
0
0
0
0
0
0
0
0
0
0.007
0
0.007
0
0
0
0
0
0.177
0.027
0
0
0
0.105
0
0
0
2.551
0.288
0
0
0.081
0
0
0.105
0.987
5.412
8.369
5.39
1.483
1.548
0.072
0
0
0.427
0.027
0
0
0
0
0
0
1.186
0.602
1.845
0.206
0.003
0.745
0.154
0
0
0
0
0
1.94
0.151
0.656
2.015
3.474
5.335
1.27
0.137
0
0.076
0.007
0.587
11.604
33.731
58.451
0.433
0.597
0.072
0
0.412
4.47
0.618
0.436
2.304
0.419
1.061
3.378
0.264
0.045
0
0
0.429
6.293
0
1.009
2.276
0.017
2.506
1.107
0.257
0.481
0.048
0
0.419
0.336
0.834
0.505
2.863
0.288
0.294
0.474
0.663
0.388
0.117
0.542
0.022
0.264
0.893
0.112
0.024
4.319
7.004
0.151
0.182
0
0
1.775
5.964
0.058
0
1.294
3.608
5.167
1.672
1.758
3.157
3.244
4.388
1.015
0.072
0
0.038
0.007
5.102
3.65
0.168
0.903
8.013
15.434
10.659
2.354
2.024
0.542
1.674
0.136
0.3
5.835
7.206
2.849
4.305
4.679
0
6.664
6.975
1.176
4.486
10.111
1.502
6.472
35.974
2.602
6.006
0.046
1.976
3.745
2.168
1.172
0.644
0.163
0.493
7.452
0.522
3.612
11.567
4.209
5.636
0.385
0.096
6.197
0.319
2.417
4.274
1.039
1.6
6.092
6.503
22.577
0.889
10.183
22.762
0.072
0
2.482
41.542
6.568
2.146
0.24
0.103
2.077
0.227
1.392
8.114
0.786
36.808
12.379
1.003
1.617
0.098
0.122
1.136
0.522
1.648
0.992
0.096
0.038
0.084
0.441
0.316
10.683
4.31
0.165
4.719
0.403
4.765
3.429
0
0.594
0.203
1.689
0.587
0.168
0.177
2.844
5.322
4.249
6.094
20.308
2.637
0.23
4.404
0.288
0.342
3.499
2.97
5.39
1.773
0.366
0.855
11.589
8.327
0.592
0.067
6.93
11.754
1.257
0.115
3.394
0.292
0
0.003
0
0
0
0.333
2.372
5.212
3.378
0.086
0.405
0.532
0.027
0.017
0.007
0.045
2.609
0.326
0
0.076
0.045
0
0.024
0.003
0.003
0.007
0
0.096
0
0.048
0.058
0
0.007
0
0.086
0.117
0.924
1.833
2.41
0.618
0
0.755
0.093
0.017
0.24
0.23
0.041
0
0
0.041
0
0
0.017
0.007
0.034
0
0
0
0
0
0
0
0
0
0
0
0
0
0
0.014
0
0.007
0
0
0
0
0
4.482
0.069
0
0
0.728
0
0
0
0
0
0.113
0
0.014
0
0
0
0
0
0
0
0
0
0
0
0
0
0
0.24
0.525
0.319
0.922
1.308
0.154
0
0.257
0.024
0
0.007
0.007
0
0.913
0.082
0.041
0.007
0.381
0
0
0
0
0
0
0
0
0
0
0
0
0
0
0
0.01
0
0
0
2.132
0.165
0.261
1.404
0.206
0
0
0.021
0
0
0.038
3.152
0.357
0
0.106
0.189
0.014
3.739
4.546
3.045
2.046
0.151
1.442
0.45
0.127
0
0.769
32.338
0
2.146
0.151
0.1
0.206
1.579
0.656
0.261
0.12
0.01
3.447
1.799
0.515
0.388
0.1
0
0
0
2.257
0.29
0.086
0.415
0.089
1.152
0.599
0.11
5.837
0
0.187
0.108
0.081
0.115
1.493
0.125
0.014
0
0
0.064
0.003
0
0.68
0.089
7.109
3.651
5.414
0.076
4.075
7.967
1.531
7.821
4.782
3.904
2.07
2.204
8.446
4.189
11.824
21.674
0.948
2.283
0.024
0
0.508
3.008
0.481
5.637
3.244
3.873
9.79
2.352
58.231
0.999
0
0.954
2.396
1.421
0.086
0
0
0
0.014
0
0.125
0
0.752
0.141
0.189
0
2.712
12.027
2.939
0.539
15.086
18.294
17.762
0.632
4.257
10.973
0.089
0.017
0.045
2.762
0.994
0
0.021
5.412
4.716
0
0
8.072
0.755
0.525
0.127
8.921
0.436
0.007
0.645
20.534
1.696
12.452
10.125
1.713
4.11
11.247
1.895
0.385
23.229
3.251
0.415
2.623
0.199
0
0.33
0.055
5.241
3.732
5.606
0.268
0.065
1.749
1.65
61.767
3.68
11.953
15.601
6.755
22.893
9.261
6.945
0.949
3.746
10.095
3.797
7.778
6.319
3.03
8.505
13.563
0.282
23.306
1.142
1.083
1.083
6.238
4.098
0.18
0.501
2.692
1.253
0.556
6.461
4.566
0.566
1.511
5.627
3.957
2.571
0.46
0.048
3.111
7.169
8.03
7.828
4.312
18.807
0.213
3.787
0.807
2.163
0.563
0.172
2.578
0.735
0.192
0.172
0
0.113
1.027
2.613
2.575
0.75
0.003
0.01
0.003
0
4.34
3.624
13.115
0.815
0
0.997
3.386
0.542
0.062
1.263
0.656
0.05
0.206
0.082
0.062
0.072
0.021
0.194
0.018
0.034
0.034
0.021
0
0.003
0
0.055
1.614
0.144
0.021
0.003
0
0.027
0
0
0
0
2.451
0.225
0.003
0.003
0
0.003
0.014
0
0.199
0.264
0.014
0.01
0
0.017
0.027
0
0
0
0
0
0
0
0
0.041
0.041
0.216
0.323
0.041
0
0
0
0
0
0.058
1.576
0.064
0
0
3.248
9.077
0
0
0
0
0
0
0
0
0
0
0
0.031
0.031
0
0
0
0
0
0
0
0
0
0
0.137
0.021
0.021
0
0
0
0.257
0.021
0.694
0.055
0
0
0.041
2.935
0.251
0.886
4.643
12.2
5.138
5.929
0
0
0
0
0
0
0
0
0
0
0.621
0.189
0.003
0
0.22
6.373
0.583
0
0
0.1
0.014
0
4.724
0.403
1.224
0.148
19.269
57.304
32.475
0.007
0
0.312
1.351
0.968
1.478
0.144
0.184
0.726
0.896
0.134
4.855
0.367
0.448
0.203
0.869
0.086
1.287
0.122
2.975
16.284
1.955
0
0
6.539
0.093
0.137
0.597
0.172
0.117
0.1
0.034
0.879
1.875
0.062
0
0
13.036
0.086
1.164
3.08
4.171
1.071
0.161
2.39
0.872
0.034
0
0
0
2.166
0.227
5.95
1.713
0.014
0
0.446
0.041
9.5
0.24
0
2.4
2.544
0.165
0.144
0.755
0.038
4.022
4.298
2.295
7.708
7.148
10.368
2.496
0.831
1.555
1.274
0.024
0
1.217
3.543
0.031
0
0
0
0.367
11.398
2.877
0.247
10.15
5.63
3.653
5.951
1.612
9.666
7.843
3.437
6.748
85.681
26.784
0.592
0.072
0.079
0.003
1.581
2.681
8.18
2.728
0.153
7.69
0.832
0.965
2.571
2.922
0.031
0.771
8.259
6.821
3.147
15.682
2.341
1.332
0.271
0
0.048
16.088
0
0
0.031
6.192
5.395
0.06
0
9.32
0.007
1.368
0.81
5.536
8.626
2.615
0.45
34.17
6.707
1.737
3.842
3.54
14.313
3.955
4.927
2.178
9.417
12.071
13.607
3.579
2.159
1.033
9.266
0.642
0.306
0.127
0.925
2.305
14.078
0.086
3.181
46.661
5.256
3.468
4.878
0.385
5.057
1.677
0.526
0.752
3.339
0.106
10.978
4.603
1.346
1.317
0
1.337
0.117
4.787
5.188
4.98
0.606
0.385
0.838
0.942
0.398
1.523
0.415
0.527
8.72
0.608
0.434
0.064
0
0
6.144
1.464
0
0.845
0.146
0.031
0.158
0.106
0
5.844
0.218
0.038
0
0.062
0.124
0.045
0.038
0.13
0.017
0
0.024
0
0.678
9.345
1.598
0.055
0
0.148
0.309
0.23
4.403
0.412
0
0.017
0.065
0.024
0.055
0.027
0.007
0.007
0.069
0.041
0.112
0.096
0.017
0
0
0
0
0.007
0.003
0
0
0.306
0.096
0.086
0.065
0
0.06
0.029
0
0.007
0.007
0.024
0.245
0.01
0.055
0.051
0.093
0
0
0.151
0.045
0
0.096
0
0
0
0
0
0
0
0
0
0
0
0
0
0
0
0
0
0
0
0
0
0
0
0
0.038
3.89
0.409
0
0
0
0.048
0
0.139
1.253
0
0
0
0.821
0.021
0.062
0.388
0
0
0
0
0
0.596
0.141
1.14
0.007
0.302
0.014
0
1.233
0.24
0
0
0
0.221
0.783
0.089
0.014
0.165
0.065
3.069
0.072
0
0.01
1.991
0.144
0
0
0
0
0.069
0
6.942
47.052
0
5.5
3.021
0.034
0.003
0
0.003
0.017
0
0.498
0.611
0.34
0.033
0
0.065
0.448
0.331
1.006
1.171
1.457
0.103
1.887
3.406
3.129
0
0
0
0
0.216
1.576
0.141
2.084
3.732
0.51
0
0
0
0
0
2.659
6.89
0
3.936
12.085
17.345
13.596
5.67
0.814
4.935
0
0
1.063
0.118
0
0
0.014
0.809
8.284
6.812
0.299
1.713
12.339
2.494
0.11
1.037
3.501
0.106
0
1.191
13.12
26.072
0.379
3.394
13.957
1.658
9.189
14.632
0.8
4.643
0.963
3.129
4.008
6.102
0.194
0.017
5.753
1.911
1.61
0.034
0.555
0.275
6.034
6.952
0.686
0.285
19.351
12.392
5.343
0.274
2.014
1.166
8.404
6.659
6.055
0.938
0
0.71
0.082
3.416
12.904
9.251
0.345
7.498
5.843
6.508
1.9
17.261
16.846
1.119
0
0.347
7.593
1.413
5.64
5.739
13.177
3.619
2.903
6.68
10.453
0.522
0.144
0.003
0.23
0.35
0.481
5.21
5.031
1.212
1.84
0.196
0.027
0.124
1.875
0.8
0.017
0.093
5.835
1.504
0.484
0.144
0.666
0.553
0.034
1.057
5.809
0
13.942
12.212
0.474
6.877
4.144
0.936
14.21
43.075
0.209
0.1
12.155
4.994
0.716
0.463
1.476
2.339
6.506
1.071
0.112
6.602
0.612
2.367
0.529
0
0.821
21.005
24.5
0.129
1.287
7.21
23.676
11.477
11.848
0.465
8.478
0.752
2.511
11.858
2.321
6.702
9.301
0.436
0.937
2.077
4.645
6.053
0.242
1.057
0.409
0.12
0.199
4.453
3.586
1.143
0.288
3.581
0.048
1.435
0.572
0.244
0.264
4.961
0.371
0
0.096
0.072
0.79
2.827
0.027
0
0.781
2.898
0.182
0.017
0.103
0.017
0.296
0.021
0.208
0.067
0.122
0.01
0.206
0.16
0
0.003
0.062
0.156
0.209
0.134
0.192
0.216
0.046
0.076
0.163
0.168
0.11
0.072
0.642
0.278
0.041
0.278
0.027
0.01
0
0.01
0.051
0
0.687
1.38
0.041
0.045
0.069
0
0.003
0.321
0.069
0.168
0
0
0
0
0
0
0
0
0
0
0.003
0.007
0
0
0.244
0.051
0.041
9.671
0.453
0.041
0.282
0.038
0.151
0.014
0
0.024
0.086
0.021
0
0
0
0
0
0
0
0
0.144
0
0.189
0
0
0
0
0.007
0
0
0.015
0
0
0
0
0.123
0
0
14.551
4.463
0
0
0.215
0.065
0
0
0
0
0
0
0
0
0.045
0.055
0
0.316
0
0
0
0.343
4.501
0.865
0.065
0
0
0
0
0
0
0.453
0
0
0
0.048
0.003
0
0.034
0.003
0.694
0.405
0
0
0.546
0.189
0
0.087
0
23.799
2.348
0
0
0.003
0
0
0
0.051
0
0.027
0
0
1.071
0.716
0.098
0.173
0
0
0.522
5.227
0.513
0.968
3.598
1.579
0.108
0
0.306
2.081
0.335
0.01
0.076
0
0
0
0
0
0.031
0
0
4.554
0.398
0.213
0
0.094
1.83
0.724
0.415
0.335
8.962
0.112
0.014
0.182
0.211
2.369
0.173
2.697
0.386
1.83
0.494
12.157
4.178
3.866
0.92
10.234
8.394
1.318
0
75.164
11.759
0.089
3.533
4.326
8.439
0.244
0
3.179
9.939
16.497
1.184
4.655
0.395
2.026
0.179
0.045
0.045
0.47
9.562
2.057
0.101
0.01
6.913
16.751
2.919
5.797
8.858
1.091
0.058
11.901
1.035
1.544
12.226
9.732
4.096
0.992
13.148
8.709
7.124
0.777
3.589
0.045
0.976
3.792
0.027
0.062
0.024
17.036
5.903
10.047
9.943
6.611
2.184
5.933
2.643
9.781
5.809
0.252
0.309
0.615
0.852
17.07
2.743
2.589
4.128
9.361
9.423
0.031
0.421
1.194
0.343
0.055
1.619
0.149
0.01
20.79
23.119
0.381
5.819
6.997
16.368
12.552
6.08
8.147
61.831
8.981
11.28
15.314
0.609
4.358
10.492
5.036
1.727
15.943
0.326
8.273
4.019
7.874
2.146
5.122
3.739
2.999
9.882
7.563
2.328
4.002
2.255
5.426
2.959
13.422
1.064
5.869
20
10.935
5.509
6.303
6.693
15.882
4.882
28.333
8.571
1.686
2.85
0.486
0.8
2.003
1.735
2.408
10.798
3.732
0.24
2.372
0.021
1.936
1.54
0.01
1.099
4.956
0.339
0.18
0.182
0.081
3.581
9.17
0
3.066
0.915
0.723
0.158
0.168
0
0
0.027
0
0.003
0.076
0
0
0
0
0
0
0.045
0
0
0
0
0.045
0.105
0
0
0
0
0
0.055
0.076
0
0
0
0
0
0
0
0
0.007
0
0
0
0
0.124
0.141
0
0
0
0
0.021
0
0.01
0
0
0.027
0
0
0
0
0
0
0
0
0
0
0
0
0
0
0
0
0
0
0
0
0
0
0
0
0
0
0
0
0
0
0
0
0.007
0
0
0.027
0
0
0
0
3.741
43.971
10.626
0.014
0
0
0
0
0
0
0
0
0
0
0
0
0
0
0
0
0.024
0.285
0.158
0
0
0
0
0
0
0
0
1.085
0.041
0
0
0.379
0.041
0
0
0
0
0
0
0
0.058
0.031
0.007
0
0.007
0
0
0.175
3.365
0.598
0.003
0
2.959
0.273
0.112
2.95
0.4
0
1.311
0.154
0.129
0
0.889
1.325
4.104
0.245
0
0
0
2.592
0.453
0
0
0.024
5.947
0.633
0
2.189
0.089
7.251
0
0.978
0.165
0.134
0.007
0
0.347
5.665
3.598
0.577
1.59
1.202
2.565
5.174
0
0
0.336
0.264
5.445
0.137
0.014
0
0.666
0.003
2.135
0.508
0.014
2.558
0.405
0.268
1.59
4.281
12.099
1.291
0.158
2.894
4.947
0.917
2.63
5.215
7.275
0.728
4.412
0.371
0.069
4.346
9.064
2.832
6.643
3.353
2.527
4.158
4.238
12.078
9.229
9.668
0.18
7.261
0.179
0.072
0.031
3.045
0.819
7.792
2.412
0.934
0.702
0
0
0.218
4.705
8.849
0
5.843
1.588
14.102
9.848
12.26
10.84
0.711
5.054
7.978
7.555
3.327
26.096
23.429
2.8
7.97
0.434
3.481
0.769
0.778
35.975
1.677
0.383
1.96
0.142
4.223
9.218
8.145
21.222
9.937
6.06
6.834
5.613
0.347
4.815
5.933
0.481
3.284
4.096
7.898
0.949
1.981
12.066
5.473
9.294
13.36
8.003
17.772
16.925
3.201
3.117
8.075
29.289
49.033
4.274
14.79
5.474
3.124
9.297
6.89
9.673
2.899
3.953
4.015
2.942
4.533
7.3
18.735
0.544
0.134
1.003
5.717
0.61
4.302
4.755
1.117
3.545
0.316
0.086
3.303
3.713
0.24
3.691
4.91
1.813
1.837
1.109
5.431
0.422
0.992
1.981
5.514
1.099
0
1.36
1.257
0.875
3.619
1.119
2.18
1.693
3.862
0.882
0.048
0.179
1.334
0.137
0.007
0.113
0.01
0.113
0.082
0.764
0.879
0.314
1.092
1.457
0.201
1.344
7.353
0.192
0.354
0.033
0.115
0.225
2.259
0.161
0.216
0.49
0.091
2.23
0.427
1.411
0.003
0
0.321
2.12
0.221
0
1.494
0.153
0.17
2.661
3.086
0.172
0.007
0
0
0.167
0.01
0
0.003
0.021
0
0.014
0
0
0.017
0
0
0.048
0
0
0
0
0
0
0
0
0.041
1.13
0.1
0
0
0
0
0
0
0
0
0
0
0
0
0
0
0
0
0
0
0
0
0
0
0
0
0
0
0
0
0
0
0
0
0
0
0
0
0
0
0.033
0
0
0.061
0
0
0
0
0
0
0.041
0
0
0
0
0
0
0
0
2.758
0.292
0.132
0.619
0.096
0
0
1.665
0.292
0
0
0
0.201
0.917
0.065
0
0
0.057
0
0.148
0.021
2.611
0.172
0
0.558
0
0.003
0
0
0.007
5.287
0.846
50.383
9.531
5.241
8.689
5.794
0
0.165
0.036
0
0
0
0.579
0.087
0
2.029
0.553
0
0
0.136
0.033
0
1.42
0.736
3.874
3.232
2.223
0.448
0
0.242
3.993
0.884
0.827
0
0
0
0
1.639
0.268
0.333
0.024
0.045
0.003
0
13.469
0.529
2.376
0.182
0.292
0.014
2.376
2.956
0.209
0
0.783
24.153
2.084
0.165
1.033
6.008
3.052
2.362
0
1.857
0.179
0.014
0.034
0
0.113
2.204
0.601
3.921
34.607
4.261
0.01
5.703
4.535
0
0
10.066
0.106
0.021
0
5.483
6.626
0.446
10.846
5.603
6.904
2.798
14.327
6.274
44.711
21.574
6.049
0.029
2.293
2.825
0.242
5.127
1.836
0.754
0.048
0.007
5.922
2.129
4.737
10.626
2.59
3.315
7.66
19.93
0.536
4.537
18.163
46.21
2.777
5.779
9.889
2.426
4.828
0.369
17.875
10.918
7.882
10.331
4.899
3.202
1.59
0.69
16.531
4.199
0.385
0
0.443
20.296
4.99
8.396
0.462
6.245
2.374
0.45
1.782
0.875
0
18.51
1.665
0.86
5.91
14.874
5.469
7.838
18.483
0.978
0.167
14.835
25.485
13.472
1.349
2.338
3.407
4.25
2.808
6.073
9.744
1.171
0.954
0.237
0.58
7.649
0.206
1.488
7.941
8.71
0.742
1.967
4.82
12.494
18.361
18.097
9.51
10.152
0.824
12.823
2.791
10.456
8.908
5.416
3.069
3.004
3.749
0.275
0.932
1.705
5.165
7.574
1.969
0.314
3.095
1.102
1.806
3.143
0.324
0
0.264
0.254
1.608
0.127
0.153
0.05
0.007
0.244
0.661
4.255
2.074
0.675
0.021
0.134
0.196
0.041
0.007
0.041
0
0
0
10.796
13.584
0.082
0
0.084
0
0.01
0
0
0.209
0.851
0.577
0
0.024
0.017
0.007
1.643
0.213
0.007
0
0.003
0.161
4.576
3.718
4.908
6.056
4.865
0
0
0
0.017
0
0.055
0.038
0.027
0
0.055
0.024
1.099
0.051
0
0
0
0
0
0.093
0
0
0
0.014
0.027
0
0.106
0.021
0
0
0
0
0
0.091
0.043
0
0
0
0.031
0.654
0.045
0
0
0
0
0
0
0
0
0
0
0
0
0
0
0
0
0
0
0
0.041
0.017
0
0
32.108
3.133
0.058
0
0
0
0.22
4.563
5.706
0.395
2.29
0.491
0.117
0
0
0
0
0
0
0
0.027
0.014
0
0
0
0
0.007
0.014
0.378
0.453
1.095
4.635
0.628
0.034
0
0
0
0
0.312
1.202
0
0
0.041
0.704
0.196
1.246
0.069
0.003
1.497
2.331
4.899
0
2.942
9.136
0.529
0
2.201
0.106
3.706
2.228
0
0
0
0
0.285
0
0
0
0
0.179
0.027
0
0.628
3.485
0
0.034
0.645
0.213
0.285
0
0.021
0.072
4.024
9.153
1.542
0.69
1.348
7.625
9.177
0.556
4.678
13.081
5.684
0.388
0
0.498
0.058
0.168
0.117
0.031
0.096
0
0
0
0
1.603
3.708
0.086
0
0
5.665
16.352
0.065
0
0
0.045
8.405
0.772
0.014
0.488
2.487
2.444
0.252
0.982
13.563
14.176
0.762
1.317
2.771
1.785
1.483
11.361
3.881
3.649
6.853
1.313
5.644
1.236
0.85
9.044
12.435
4.906
0.168
0.167
1.015
1.191
9.113
3.253
0.529
6.587
6.722
2.032
9.771
1.3
8.949
7.33
13.716
0.161
0.021
2.905
4.032
0.215
5.988
5.943
3.354
0.508
5.301
8.499
0.247
0.79
5.812
0.127
2.39
10.414
1.414
9.175
15.904
11.268
1.517
11.441
14.385
3.473
2.786
0.22
0.455
5.889
20.974
3.167
7.016
8.722
6.238
3.524
5.746
13.97
4.604
7.572
8.425
2.726
2.875
1.481
6.896
16.672
16.871
8.046
8.071
3.753
0.58
2.596
2.561
7.745
13.173
6.616
2.132
11.658
8.748
3.794
3.981
13.127
14.802
15.456
40.255
0.264
0.312
1.971
3.698
9.036
0.302
0.644
0.306
0.584
0.714
0.154
0.076
5.277
0.45
4.391
2.987
0.1
2.07
9.465
23.064
0.546
13.269
3.097
0.934
0.549
2.081
2.208
5.201
7.143
0.718
0.154
1.497
0.185
0.278
7.059
14.131
5.057
0.197
0.611
0.611
0.937
10.866
13.86
12.888
8.858
5.799
0.575
0.086
0.057
0.045
0.034
1.749
1.262
1.286
0
0
1.056
5.847
3.698
1.468
0.079
0
0.051
1.147
0
0
0
0
0
0
0
0.014
0.106
0.014
0.031
0
0
0.031
0.051
0.014
0.038
0.048
0.062
0.306
0.031
0
0
2.153
0.148
0.007
0
0.079
0
0
0.072
0
0.069
0.103
0.233
0.086
0.065
0.021
0.007
0
0.055
0
0.045
0.027
0.041
0.014
0
0
0
0.027
0.014
0.179
0.024
0.082
0.127
0
0
0
0
0.055
0.038
0
0
0.007
0
0.01
0.398
0
0.309
0
0.014
0.027
0.105
0.021
0
0.024
0
0
0.11
0.041
0.072
0
1.739
0.45
7.347
12.258
14.1
0.288
0.07
0.003
2.41
0.208
0.695
1.069
1.317
0.079
0
0.182
0.331
0.039
0.024
0.014
0.007
0
0
0.065
0.003
0
0.965
5.596
7.797
0
2.352
0.697
0.797
0
0.306
0.096
2.788
4.535
0.429
0.003
0
0
0
0
0
0
0
0
0
0.024
0.003
0.017
1.258
0.101
0.357
0.076
0
0.01
0.12
0
0
0.261
0.295
2.987
0.307
0.003
1.059
0.043
3.219
0.64
0.793
2.051
0.239
0.209
6.279
1.08
0.036
0.791
0.134
7.859
13.977
11.594
0.041
0.127
0
0
0
2.335
6.087
0.573
3.409
0.419
0
0.316
2.39
0.951
0.051
0.8
0.522
1.006
4.096
0.093
2.043
0.148
0
0
0
0.762
5.212
1.897
4.144
1.84
2.25
2.139
7.296
1.917
0.311
0.156
17.115
4.072
1.703
7.396
9.694
7.172
1.832
0.064
12.959
2.28
3.256
1.681
4.053
9.737
7.599
8.276
4.342
0.065
13.651
1.277
2.252
0.027
4.233
15.177
13.376
0.183
1.078
0.23
8.882
12.223
1.945
11.579
5.845
6.533
0.041
1.53
5.72
6.818
5.231
2.613
2.256
0.467
0
0.062
0.118
0.031
0.034
0.081
0
11.953
0.385
0.017
0.215
0.045
0.165
0.292
4.597
0.618
0.13
0.007
4.872
7.316
9.84
7.656
8.525
6.873
14.577
1.83
13.788
8.502
3.989
10.475
0.807
7.011
27.682
8.267
0.082
5.442
13.314
10.66
4.813
10.392
2.953
6.324
0.841
3.255
0.697
3.629
3.983
0.179
9.41
5.534
2.012
9.328
8.957
5.929
5.397
11.821
9.349
18.745
20.168
16.043
15.503
8.082
6.767
5.311
7.915
19.717
2.472
7.965
1.291
4.147
11.395
2.654
4.285
6.509
4.757
10.147
8.458
9.922
16.596
21.374
8.051
0.731
7.552
0.666
4.615
6.597
0.264
6.794
1.569
4.191
0.918
3.62
0.702
4.901
0
0.556
2.082
6.034
3.66
0.608
1.131
1.299
1.995
6.053
0.532
2.077
0.041
0
1.789
3.928
3.969
0.405
0.944
0
0
0
4.525
4.93
0.034
0
0.127
0.072
0.34
0.106
0.563
0.223
0.227
0.089
0.048
0.045
0.206
0.086
0.041
0.12
0.151
0
0.875
0
0.021
0.199
0.017
0.031
0.041
0.007
0
0
0
0
0
0
0.1
0
0
0
0.106
0.082
0
0
0
0.007
0
0
0.027
0.007
0.082
0
0
0
0
0.007
0.021
0.017
0
0
0
0
0
0
0
0
0
0
0
0
0
0
0
0
0.021
0.282
2.044
0.242
0.168
0.385
0.184
0.062
0.13
0.953
9.587
3.78
0.055
0
0
0.088
0
0.333
0.022
0
3.114
1.542
0
0.072
0.18
0.01
0
0.003
0.024
25.049
4.065
0.086
0
1.191
13.115
0.439
0.05
3.21
0.606
0.079
0.161
0.007
0.003
0.105
1.336
0.034
0.002
0.002
0.776
0.01
0.014
0.204
0.122
2.16
0.026
0.003
0.213
0.082
0.498
0.175
0.019
0.051
0.002
0.034
0
0
0.002
0.709
0.285
0.879
1.588
0.1
0
0
0
0.055
0.154
0.051
0
0.925
0.079
0
0.048
12.198
1.703
0
0
0.034
0.036
0.002
0.46
0
8.932
0.257
3.543
6.873
0.021
0.065
1.754
0.201
0.058
0
2.197
2.97
1.651
1.15
0.673
0.034
2.918
0.402
4.597
0
0
0.453
1.574
2.347
0.185
1.785
0.12
2.726
0.391
2.946
1.507
13.438
3.67
2.884
2.642
11.735
0.065
0.003
0.663
6.568
2.599
0.333
3.136
7.993
2.403
0.292
4.467
5.953
0.319
0
6.254
4.988
1.868
10.518
18.023
4.116
6.2
11.046
0.618
9.084
8.925
6.487
6.266
0.048
5.819
17.853
3.55
8.295
12.476
1.198
0.007
3.363
8.926
3.636
3.09
4.635
6.606
1.404
1.71
0.115
11.155
11.345
7.072
16.596
0.542
2.609
7.206
5.613
0.326
0.488
0.024
0.117
0.081
0.348
0.197
3.85
0.8
2.616
7.436
0.058
21.729
4.618
0.694
0.989
0.22
1.507
0.786
0.021
5.205
1.657
0.687
0.395
2.995
0.9
7.084
1.651
0.338
0.257
1.775
13.036
13.678
15.072
13.458
5.03
21.214
11.292
12.833
3.983
12.263
4.099
11.192
0.034
6.417
9.098
5.95
11.989
5.479
9.601
7.011
5.558
9.822
2.448
8.583
10.271
9.126
6.568
5.243
10.286
14.121
3.639
8.916
15.45
10.077
11.515
2.149
17.187
32.561
12.047
31.55
0.374
4.956
2.76
3.95
5.778
18.289
18.594
2.975
24.007
1.617
12.185
27.299
13.408
10.41
0.225
1.329
1.009
1.5
1.48
1.528
7.251
3.565
6.733
3.67
0.182
0.216
0.01
0.245
1.844
2.753
1.365
0.462
0.402
0.542
0.285
0.134
0.694
1.181
0.223
0.079
0.924
0.821
3.797
0.294
0.003
0.1
0
0
0
0.036
0.194
0.134
0.041
0.125
0.24
0.002
0
0
0.196
0.189
0
0
0
0
0.058
0.108
0
0.127
0.007
0.167
0
0
0
0
0
0
0
0
0
0.017
0.062
0.051
0.179
0.443
0
0.041
0.055
0.463
0.158
0
0
0
0
0
0
0
0
0
0
0.003
0
0.031
0
0
0
0
0.002
0
0.002
0
0.041
1.847
0.01
0.038
0
0
0
0.007
0.01
0.058
0.017
0
0.014
0.003
0.034
0.194
0.512
0.154
0
0
0
0
0
0.007
0
0
0
0.005
0.278
0.501
0.354
0.069
0.663
0.772
2.565
1.488
0.003
0.033
0.244
0.573
0.046
0.069
0.268
0.027
0.237
8.932
0.352
0.005
0
1.428
6.884
3.014
0.043
0
0
0
0
0.064
0.259
0.027
0
0.007
0.022
0.003
0.354
9.635
64.558
0.024
0
0
0.807
0.055
0
0.906
1.071
0
0
4.542
7.141
1.593
10.447
0
0.079
5.167
10.732
0.105
0.268
0.134
15.278
0.172
2.669
2.808
0.292
0.388
0.024
1.109
2.194
0.046
0.053
0.113
3.138
0.886
0.076
0
0.769
0.8
1.267
4.285
1.854
0.893
8.973
0.493
0.01
2.173
3.91
8.825
9.946
14.701
0.295
0.009
11.79
0.069
0.584
0.093
0
1.868
5.497
1.926
2.204
6.957
7.67
5.644
6.389
3.787
2.329
0.211
0
0.402
4.24
3.399
1.081
0.968
2.407
1.737
4.944
0.961
8.854
14.457
3.038
8.978
9.28
5.751
3.694
11.227
11.848
9.448
26.546
6.753
7.804
6.63
9.671
4.446
0.209
4.961
8.142
12.583
10.071
0.142
0.28
3.959
7.454
5.812
0.017
1.765
3.344
2.997
0.161
2.793
0.539
0.11
0.084
0.697
7.639
12.38
3.346
5.507
0.24
0.1
0.491
0.378
0.285
0.027
0.021
6.025
0.797
1.037
0.096
0.433
0.917
0.355
0.065
0.769
0.263
1.099
21.986
0.639
0.213
0.168
0.35
0.057
0.254
3.165
18.536
1.109
3.56
3.325
5.356
1.912
0.096
2.396
12.301
6.182
0.795
0.072
0.021
0.103
5.28
4.161
0.488
7.788
12.442
9.735
9.277
4.515
1.301
14.198
16.349
0.021
2.554
6.269
2.407
0.347
10.042
5.565
11.312
15.376
8.913
14.591
1.5
5.373
7.443
11.522
5.277
10.166
2.767
11.932
11.996
2.695
7.732
4.949
10.14
0.632
13.942
7.611
6.901
16.723
3.464
7.502
5.612
9.036
6.362
8.315
3.159
6.664
0.175
8.005
5.418
9.17
4.312
1.911
8.806
2.887
1.171
3.737
3.826
0.553
0.208
3.165
1.82
1.868
0.628
1.883
2.795
5.411
3.945
0.311
4.976
0.776
0.117
4.501
0.647
0.038
0.134
0.108
3.378
6.794
6.509
0.831
1.439
2.726
0.752
1.504
1.792
0.548
0
0
0.072
0.845
0.003
0.048
0.206
0.439
0.048
0.405
0.275
1.449
1.917
5.778
1.531
0.141
0.199
0.161
0.062
0
0.264
0
0.003
0
0
0.041
0.072
0.002
0.24
0.057
0
0
0
0
0
0
0
0
0
0
0
0
0
0
0
0
0
0
0
0
0
0
0
0
0.088
7.735
0.026
0.002
0.247
0.132
0
0
0
0
0
0
0
0
0
0
0
0.055
0
0
0.014
0.038
0.031
0.017
0.003
0
0.017
0.003
0.003
0.024
4.659
0.439
0.077
0.003
9.922
1.195
0.161
0.096
0.024
0.354
0.117
4.115
7.162
0
0
0.038
0
0
0.13
0.112
0.86
4.58
1.119
0.067
0.601
0.096
0.045
0.103
0.021
7.893
0.002
0
0.093
0.357
0.106
0.117
0.431
0
0.831
1.142
0.484
2.846
2.297
0.251
3.897
0.532
0.542
0.108
0.642
0.003
1.761
0.966
0.388
0.299
0.422
4.649
3.577
0.601
0.542
0.069
0.501
0.415
0.124
2.676
0.601
0
0.048
1.682
0.834
10.252
4.494
4.477
0.814
5.89
2.547
0.343
0.348
0.053
0.491
7.881
1.27
0.203
0.041
0.082
0.041
0.889
0.963
27.732
0.141
0.1
0.398
0.115
2.53
6.695
15.245
16.754
7.708
5.011
2.448
4.14
8.727
1.333
5.65
0.462
0.211
98.007
3.354
0.71
0.776
0.836
1.184
4.487
2.702
0.002
0.24
0.546
0.073
5.093
5.613
0.607
7.205
0.039
0.048
0.263
0
0.075
0.613
10.511
7.469
3.71
0.088
0.137
6.501
8.053
12.775
5.425
4.837
1.943
0.237
2.932
2.503
8.696
8.188
1.713
8.714
14.378
7.819
4.506
11.721
2.108
8.842
13.275
0.106
0.278
3.653
4.539
0.786
0.199
0.759
0.707
0.072
2.456
0.003
4.305
2.699
1.061
0.1
1.373
0.429
0.148
0.076
0.014
0.027
0.021
0.165
0.175
0.721
0.834
0.076
0.369
0.438
1.682
0.889
11.045
8.077
1.36
6.75
2.589
1.682
18.821
6.01
5.84
6.037
3.78
3.976
3.188
9.565
9.17
9.733
17.655
32.803
5.701
5.412
11.302
8.023
28.225
15.674
6.209
7.218
1.336
4.257
5.5
12.26
9.41
25.653
70.45
7.121
1.813
0.649
13.996
0.223
0.058
3.783
2.685
41.975
7.107
8.952
13.084
2.561
5.541
6.545
3.636
15.87
0.34
5.479
4.597
10.507
4.12
10.504
6.327
5.63
3.533
2.666
3.66
1.387
3.214
2.661
3.21
3.155
2.796
2.094
7.405
2.493
2.319
3.948
1.109
0.664
0.024
0.027
0.244
6.669
1.916
0.596
0.524
0.427
4.987
5.629
3.524
3.143
3.659
4.849
3.789
0.595
1.557
2.329
4.231
4.192
4.57
5.327
3.16
0.296
0
0.16
0.357
6.848
10.631
6.005
0
0.632
0.36
0.002
0
0
0
0
0
4.511
1.983
0
0
0.002
0
0
0
0
0
0
0
0
0.002
0
0
1.775
2.232
3.001
0.196
0.165
0
0.197
0.041
0
0
0.254
0.22
0.003
0.048
0.051
0.235
0
0.216
0.875
2.444
0.649
0.364
0.422
0.228
0.245
0
0.189
0.536
0.048
0.015
0.144
2.899
5.924
9.026
0.01
0
0
0
0
0.161
0.532
0.072
0.148
0.355
0.021
0.065
0.179
0.084
2.297
0.058
0.443
0.031
0.141
0.175
0.017
0.065
0.237
0.209
0
0.587
14.914
5.244
0.192
0.002
0.003
0.261
4.679
0.441
0.031
2.149
0.168
3.22
1.799
1.727
0.886
0.409
0.601
8.714
1.016
0.251
0.893
1.699
3.984
17.889
0.306
0.165
0.141
0.045
0.271
0
1.375
0.489
0.082
0.065
0.003
0.1
0.01
0.003
0
1.514
7.447
0.769
0.282
0.017
9.201
0.012
3.869
0.282
0.295
1.08
0.326
2.111
1.066
13.857
2.966
4.147
4.851
1.215
0
0.168
4.24
4.807
7.285
3.407
0.448
0.137
3.622
9.04
14.631
10.082
2.743
1.246
0.484
0.415
1.233
7.224
22.316
1.116
0.46
0.311
11.072
0.518
7.55
2.726
9.014
0.906
3.638
7.024
5.775
0.625
14.763
0.817
0.805
4.958
0.937
0.697
6.918
10.525
8.844
7.155
0.175
1.394
5.802
10.279
5.469
0.288
6.674
2.221
5.067
11.838
10.65
11.388
5.998
6.094
10.241
8.913
0.512
0.597
0.34
12.269
6.618
5.972
7.747
4.518
7.193
8.513
18.881
8.526
0.192
0.632
0.903
0.68
11.838
5.042
1.512
1.562
0.093
4.851
7.108
1.555
6.125
0.196
1.016
0.175
0.058
4.552
1.734
0.563
1.516
8.403
2.573
0.395
0.244
7.22
-99
-99
-99
-99
-99
-99
-99
-99
-99
-99
-99
-99
-99
-99
-99
-99
-99
-99
-99
-99
-99
-99
-99
-99
-99
-99
-99
-99
-99
-99
-99
-99
-99
-99
-99
-99
-99
-99
-99
-99
-99
-99
-99
-99
-99
-99
-99
-99
-99
-99
-99
-99
-99
-99
-99
-99
-99
-99
-99
-99
-99
-99
-99
-99
-99
-99
-99
-99
-99
-99
-99
-99
-99
-99
-99
-99
-99
-99
-99
-99
-99
-99
-99
-99
-99
-99
-99
-99
-99
-99
-99
-99
-99
-99
-99
-99
-99
-99
-99
-99
-99
-99
-99
-99
-99
-99
-99
-99
-99
-99
-99
-99
-99
-99
-99
-99
-99
-99
-99
-99
-99
-99
-99
-99
-99
-99
-99
-99
-99
-99
-99
-99
-99
-99
-99
-99
-99
-99
-99
-99
-99
-99
-99
-99
-99
-99
-99
-99
-99
-99
-99
-99
-99
-99
-99
-99
-99
-99
-99
-99
-99
-99
-99
-99
-99
-99
-99
-99
-99
-99
-99
-99
-99
-99
-99
-99
-99
-99
-99
-99
-99
-99
-99
-99
-99
-99
-99
-99
-99
-99
-99
-99
-99
-99
-99
-99
-99
-99
-99
-99
-99
-99
-99
-99
-99
-99
-99
-99
-99
-99
-99
-99
-99
-99
-99
-99
-99
-99
-99
-99
-99
-99
-99
-99
-99
-99
-99
-99
-99
-99
-99
-99
-99
-99
-99
-99
-99
-99
-99
-99
-99
-99
-99
-99
-99
-99
-99
-99
-99
-99
-99
-99
-99
-99
-99
-99
-99
-99
-99
-99
-99
-99
-99
-99
-99
-99
-99
-99
-99
-99
-99
-99
-99
-99
-99
-99
-99
-99
-99
-99
-99
-99
-99
-99
-99
-99
-99
-99
-99
-99
-99
-99
-99
-99
-99
-99
-99
-99
-99
-99
-99
-99
-99
-99
-99
-99
-99
-99
-99
-99
-99
-99
-99
-99
-99
-99
-99
-99
-99
-99
-99
-99
-99
-99
-99
-99
-99
-99
-99
-99
-99
-99
-99
-99
-99
-99
-99
-99
-99
-99
-99
-99
-99
-99
-99
-99
-99
-99
-99
-99
-99
-99
-99
-99
-99
-99
-99
-99
-99
-99
-99
-99
-99
-99
-99
-99
-99
-99
-99
-99
-99
-99
-99
-99
-99
-99
-99
-99
-99
-99
-99
-99
-99
-99
-99
-99
-99
-99
-99
-99
-99
-99
-99
-99
-99
-99
-99
-99
-99
-99
-99
-99
-99
-99
-99
-99
-99
-99
-99
-99
-99
-99
-99
-99
-99
-99
-99
-99
-99
-99
-99
-99
-99
-99
-99
-99
-99
-99
-99
-99
-99
-99
-99
-99
-99
-99
-99
-99
-99
-99
-99
-99
-99
-99
-99
-99
-99
-99
-99
-99
-99
-99
-99
-99
-99
-99
-99
-99
-99
-99
-99
-99
-99
-99
-99
-99
-99
-99
-99
-99
-99
-99
-99
-99
-99
-99
-99
-99
-99
-99
-99
-99
-99
-99
-99
-99
-99
-99
-99
-99
-99
-99
-99
-99
-99
-99
-99
-99
-99
-99
-99
-99
-99
-99
-99
-99
-99
-99
-99
-99
-99
-99
-99
-99
-99
-99
-99
-99
-99
-99
-99
-99
-99
-99
-99
-99
-99
-99
-99
-99
-99
-99
-99
-99
-99
-99
-99
-99
-99
-99
-99
-99
-99
-99
-99
-99
-99
-99
-99
-99
-99
-99
-99
-99
-99
-99
-99
-99
-99
-99
-99
-99
-99
-99
-99
-99
-99
-99
-99
-99
-99
-99
-99
-99
-99
-99
-99
-99
-99
-99
-99
-99
-99
-99
-99
-99
-99
-99
-99
-99
-99
-99
-99
-99
-99
-99
-99
-99
-99
-99
-99
-99
-99
-99
-99
-99
-99
-99
-99
-99
-99
-99
-99
-99
-99
-99
-99
-99
-99
-99
-99
-99
-99
-99
-99
-99
-99
-99
-99
-99
-99
-99
-99
-99
-99
-99
-99
-99
-99
-99
-99
-99
-99
-99
-99
-99
-99
-99
-99
-99
-99
-99
-99
-99
-99
-99
-99
-99
-99
-99
-99
-99
-99
-99
-99
-99
-99
-99
-99
-99
-99
-99
-99
-99
-99
-99
-99
-99
-99
-99
-99
-99
-99
-99
-99
-99
-99
-99
-99
-99
-99
-99
-99
-99
-99
-99
-99
-99
-99
-99
-99
-99
-99
-99
-99
-99
-99
-99
-99
-99
-99
-99
-99
-99
-99
-99
-99
-99
-99
-99
-99
-99
-99
-99
-99
-99
-99
-99
-99
-99
-99
-99
-99
-99
-99
-99
-99
-99
-99
-99
-99
-99
-99
-99
-99
-99
-99
-99
-99
-99
-99
-99
-99
-99
-99
-99
-99
-99
-99
-99
-99
-99
-99
-99
-99
-99
-99
-99
-99
-99
-99
-99
-99
-99
-99
-99
-99
-99
-99
-99
-99
-99
-99
-99
-99
-99
-99
-99
-99
-99
-99
-99
-99
-99
-99
-99
-99
-99
-99
-99
-99
-99
-99
-99
-99
-99
-99
-99
-99
-99
-99
-99
-99
-99
-99
-99
-99
-99
-99
-99
-99
-99
-99
-99
-99
-99
-99
-99
-99
-99
-99
-99
-99
-99
-99
-99
-99
-99
-99
-99
-99
-99
-99
-99
-99
-99
-99
-99
-99
-99
-99
-99
-99
-99
-99
-99
-99
-99
-99
-99
-99
-99
-99
-99
-99
-99
-99
-99
-99
-99
-99
-99
-99
-99
-99
-99
-99
-99
-99
-99
-99
-99
-99
-99
-99
-99
-99
-99
-99
-99
-99
-99
-99
-99
-99
-99
-99
-99
-99
-99
-99
-99
-99
-99
-99
-99
-99
-99
-99
-99
-99
-99
-99
-99
-99
-99
-99
-99
-99
-99
-99
-99
-99
-99
-99
-99
-99
-99
-99
-99
-99
-99
-99
-99
-99
-99
-99
-99
-99
-99
-99
-99
-99
-99
-99
-99
-99
-99
-99
-99
-99
-99
-99
-99
-99
-99
-99
-99
-99
-99
-99
-99
-99
-99
-99
-99
-99
-99
-99
-99
-99
-99
-99
-99
-99
-99
-99
-99
-99
-99
-99
-99
-99
-99
-99
-99
-99
-99
-99
-99
-99
-99
-99
-99
-99
-99
-99
-99
-99
-99
-99
-99
-99
-99
-99
-99
-99
-99
-99
-99
-99
-99
-99
-99
-99
-99
-99
-99
-99
-99
-99
-99
-99
-99
-99
-99
-99
-99
-99
-99
-99
-99
-99
-99
-99
-99
-99
-99
-99
-99
-99
-99
-99
-99
-99
-99
-99
-99
-99
-99
-99
-99
-99
-99
-99
-99
-99
-99
-99
-99
-99
-99
-99
-99
-99
-99
-99
-99
-99
-99
-99
-99
-99
-99
-99
-99
-99
-99
-99
-99
-99
-99
-99
-99
-99
-99
-99
-99
-99
-99
-99
-99
-99
-99
-99
-99
-99
-99
-99
-99
-99
-99
-99
-99
-99
-99
-99
-99
-99
-99
-99
-99
-99
-99
-99
-99
-99
-99
-99
-99
-99
-99
-99
-99
-99
-99
-99
-99
-99
-99
-99
-99
-99
-99
-99
-99
-99
-99
-99
-99
-99
-99
-99
-99
-99
-99
-99
-99
-99
-99
-99
-99
-99
-99
-99
-99
-99
-99
-99
-99
-99
-99
-99
-99
-99
-99
-99
-99
-99
-99
-99
-99
-99
-99
-99
-99
-99
-99
-99
-99
-99
-99
-99
-99
-99
-99
-99
-99
-99
-99
-99
-99
-99
-99
-99
-99
-99
-99
-99
-99
-99
-99
-99
-99
-99
-99
-99
-99
-99
-99
-99
-99
-99
-99
-99
-99
-99
-99
-99
-99
-99
-99
-99
-99
-99
-99
-99
-99
-99
-99
-99
-99
-99
-99
-99
-99
-99
-99
-99
-99
-99
-99
-99
-99
-99
-99
-99
-99
-99
-99
-99
-99
-99
-99
-99
-99
-99
-99
-99
-99
-99
-99
-99
-99
-99
-99
-99
-99
-99
-99
-99
-99
-99
-99
-99
-99
-99
-99
-99
-99
-99
-99
-99
-99
-99
-99
-99
-99
-99
-99
-99
-99
-99
-99
-99
-99
-99
-99
-99
-99
-99
-99
-99
-99
-99
-99
-99
-99
-99
-99
-99
-99
-99
-99
-99
-99
-99
-99
-99
-99
-99
-99
-99
-99
-99
-99
-99
-99
-99
-99
-99
-99
-99
-99
-99
-99
-99
-99
-99
-99
-99
-99
-99
-99
-99
-99
-99
-99
-99
-99
-99
-99
-99
-99
-99
-99
-99
-99
-99
-99
-99
-99
-99
-99
-99
-99
-99
-99
-99
-99
-99
-99
-99
-99
-99
-99
-99
-99
-99
-99
-99
-99
-99
-99
-99
-99
-99
-99
-99
-99
-99
-99
-99
-99
-99
-99
-99
-99
-99
-99
-99
-99
-99
-99
-99
-99
-99
-99
-99
-99
-99
-99
-99
-99
-99
-99
-99
-99
-99
-99
-99
-99
-99
-99
-99
-99
-99
-99
-99
-99
-99
-99
-99
-99
-99
-99
-99
-99
-99
-99
-99
