19790101
0.059
0
0
0
0
0
0.031
0
0
0.003
0
0.104
0.295
0.112
0
0.031
0
0
0
0
0
0
0
0
0
0
0
0.003
0.531
0.136
0.182
0.824
0.8
0.046
0.027
0
0
0
0.389
0.043
0
0
1.368
1.336
0.161
0
0.179
1.493
2.144
0
0
0
0
0
0.003
0.292
0.108
0.35
0.048
2.484
3.916
7.732
1.061
0
0
0
0
0
0.014
0
0.11
0.003
0
0
2.036
0.213
0
0.089
0.003
0.851
7.34
9.064
3.265
7.625
3.347
0.357
0
0.426
4.887
0.003
13.455
16.352
33.622
3.025
0.391
8.906
4.508
2.053
0.093
0.014
0.027
0
0
0.003
0
0
0
2.705
2.328
6.094
5.066
0.402
4.298
5.881
4
5.785
2.994
0.051
3.893
0.714
13.081
2.523
12.84
7.399
0.615
7.405
6.468
6.262
0.045
0
2.417
4.82
5.342
6.156
2.177
8.794
10.925
6.293
1.493
3.296
3.811
0
3.169
0.402
0.323
4.161
0.359
1.366
3.512
4.918
5.503
4.832
2.98
2.774
12.499
15.76
3.849
1.15
14.794
9.187
4.661
14.16
7.745
7.349
0.685
9.979
4.448
0.053
0
6.065
10.7
3.454
4.817
6.414
1.736
8.247
12.869
0.76
12.737
6.26
3.056
0.64
0.051
0
3.231
2.688
4.364
0.8
0.862
1.039
0.386
3.656
0.766
3.656
2.305
8.853
1.978
7.268
0.4
8.062
9.412
8.593
3.938
6.424
14.576
5.893
17.188
3.648
3.148
0.285
8.027
4.451
8.406
5.011
2.386
3.286
3.028
1.852
0.777
1.682
0.508
3.323
1.09
0.709
1.826
3.85
0.293
0.304
0.582
3.179
1.761
1.996
7.597
4.604
1.447
0.036
2.032
0.369
5.418
7.136
5.768
1.375
8.564
0.74
0.29
14.08
2.903
0.75
0.051
7.131
5.129
5.775
3.279
14.962
10.979
1.533
2.971
4.973
3.983
1.149
0.785
5.694
3.068
16.104
20.539
28.391
11.249
11.426
5.921
1.071
2.451
7.471
0.462
4.446
0.103
1.329
6.171
1.107
2.388
8.104
0.151
2.784
0.669
4.082
1.305
4.329
0.924
3.433
4.039
1.047
2.19
11.103
5.969
1.844
0.316
2.304
1.634
3.086
0.433
0.051
1.397
2.85
0.36
0.395
2.357
3.497
1.972
1.437
5.323
4.861
10.316
3.844
1.293
2.532
0.877
1.155
4.619
0.434
4.247
0.105
0
0
0.9
8.097
2.379
0.24
0.086
0
0
0
3.732
1.404
0.836
0.45
0.021
0.057
0.048
0.082
0
0
0
0.089
0
0
0
0
0
0
0.074
0
0.003
0
0
0
1.986
0.17
0.051
0.103
0
0
0.306
0.022
0.007
0.058
0
0
0
0
0
0
0.027
0.076
0
0.01
0
0
0.934
0.33
0.046
0.06
0
0
0.11
0.014
0
0
0
0
0
0
0
0
0
0
0.034
0
0
0
0
0
0
0
0.294
0.045
0
0.121
0.453
0.259
0.201
1.771
0.177
0
0
0
0.461
2.563
0.173
0.007
0.711
0.043
0
0.089
0
0.111
0.047
0.003
0.007
0
0
0.032
3.921
8.394
3.026
0
0.017
0.101
6.647
0.343
2.537
0.305
3.076
12.902
0.845
0.548
0.033
0.05
0.003
0.103
2.329
1.737
0.254
0.01
0.367
0.429
0
0.086
0.058
37.47
13.276
1.123
0.096
0.587
1.466
0.144
0.663
0.096
0.062
1.432
2.17
0.721
0.261
0.007
5.229
1.485
0.244
5.243
2.321
0.227
0.872
0.021
0
0.491
7.701
6.111
0
0
0.01
0.117
0.659
1.263
0
0
4.946
0.038
0.192
0.048
0.154
19.827
1.893
3.064
0
4.113
7.005
7.958
2.51
1.543
8.715
3.162
4.616
2.699
1.169
0.47
3.296
10.842
2.443
5.95
5.388
3.725
5.703
11.417
1.707
1.43
3.243
3.203
9.559
3.735
2.132
3.986
5.324
5.527
6.293
7.819
0.795
8.209
3.123
5.667
16.359
3.785
0.791
2.474
5.416
1.835
2.262
3.636
0.731
0.136
1.322
8.51
0.582
0.048
0
0.027
6.193
2.122
2.155
17.994
5.182
0.642
0.613
0.058
0.089
1.025
0.326
0.18
0.24
0
3.976
0.793
0.137
5.064
12.44
4.194
4.762
6.485
3.572
1.584
13.34
1.196
2.647
0.446
0.141
0.398
0.106
0.069
0.127
0.268
4.944
18.014
0.498
1.411
1.983
3.172
0.264
2.39
5.936
0.261
1.765
2.125
10.753
0.422
8.068
4.807
16.232
0.972
5.867
5.49
2.005
0.419
4.103
6.403
1.452
9.802
24.518
5.74
5.807
3.121
1.511
10.849
6.451
19.472
6.243
13.187
23.152
0.563
0.687
4.364
3.229
0.151
8.851
11.525
9.479
4.322
4.319
4.137
6.228
7.814
3.928
3.88
0.752
1.806
6.928
4.944
10.499
5.706
6.901
3.801
0.038
4.116
0.64
1.322
1.785
3.529
1.84
0.23
5.974
1.502
8.508
13.678
1.708
4.704
3.766
1.943
5.766
0.299
0.062
2.081
4.824
0.292
8.523
8.283
0.529
1.43
4.535
2.432
4.338
1.255
0.321
3.279
0.336
0.663
0.648
0.185
0
1.645
4.58
2.36
0.96
0.328
0.446
0.014
0.12
0.007
0.728
0.146
0.036
0.058
0
0.003
0
0.153
0.014
0
0.654
0.282
0.427
2.101
0.524
0.826
0.958
0.316
0.021
0
0.017
0.079
0.082
0
0.007
0
0
0
0
0
0
0
0
0
0
0
0
0
0
0.227
0
0
0.158
0
0
0
0.038
0
0
0
0
0
0.003
0
0.01
0
0.079
0
0
0.165
0.048
0.021
0
0
0.22
0.724
0.051
0.076
0
0
0.003
0
0
0.055
0.003
0
0
0
0
0.113
0.017
0.031
0.003
0.01
1.914
0.379
1.298
0.309
0.072
16.04
0.508
0.13
0.22
4.147
1.717
0.007
1.013
0.079
0.07
0.01
3.653
49.564
6.925
0.398
1.289
0.218
9.821
2.288
1.276
10.892
8.47
0.688
27.151
25.205
0.01
2.887
2.105
0.12
0.712
0.058
0.393
6.606
0.695
5.522
1.595
1.047
7.232
0.53
0
0.089
0.93
0.539
0.014
0.664
0.343
0.694
0.048
7.098
0.409
7.378
1.744
0
0.024
0
0
0
0
2.118
0.958
12.724
3.268
2.503
0.003
1.181
0.1
0.041
0
15.438
11.33
4.273
12.864
6.691
0.391
1.863
8.726
0.726
7.699
5.124
5.938
1.212
1.971
1.373
0
4.927
2.336
2.098
4.094
3.977
16.231
10.382
9.112
15.273
2.529
6.192
8.638
0.81
1.183
2.685
1.612
1.363
0.41
0.13
7.433
0.251
3.062
1.943
6.372
2.596
2.692
10.186
10.957
0.735
12.772
8.326
0.165
0.896
9.194
3.684
14.801
5.6
7.718
3.856
12.342
11.958
15.154
3.126
4.274
3.88
3.807
1.895
4.37
6.75
1.562
9.39
1.816
10.634
2.887
20.284
8.676
3.68
4.134
2.139
1.902
10.382
3.317
4.599
0.724
0.707
0.858
1.809
0.491
1.311
5.148
4.971
0.179
1.456
4.027
1.397
0.182
0.079
0.117
8.312
3.038
4.899
9.531
4.37
6.672
0.154
8.544
2.005
13.396
3.268
8.025
9.75
0.223
1.188
6.714
1.507
9.575
6.897
1.174
2.925
0.148
0.779
1.222
2.07
1.675
1.62
0.875
0.364
0.566
8.944
12.71
4.35
5.974
2.468
4.458
12.294
3.165
16.057
7.388
7.611
3.368
0.858
2.705
1.116
18.701
19.171
7.673
8.923
12.009
7.471
5.838
14.217
1.842
7.047
6.976
0.419
3.071
5.679
0.275
4.309
4.185
6.053
6.777
3.131
1.36
5.344
0.845
19.662
12.686
3.524
0.321
9.946
4.508
10.557
3.883
2.578
6.345
0.179
0.601
4.252
1.169
1.366
3.198
6.348
2.256
2.221
0.671
1.456
0.089
0.659
2.692
0.989
1.366
0
0.144
0.079
0
0
0
5.019
0.704
0.055
0.707
0.175
0.24
0
0.093
0
0
0.038
0.058
0
0
0
0
0
0
0
0.051
0.031
0
0
0
0
0
0
0
0
0
0.065
0.024
0.072
0.124
0.326
0.038
0
0
0.003
0.038
0
0.021
0.027
0
0
0
0.065
0.055
0.208
0.318
0.034
0
0
0.007
0
0.141
0.7
0.058
0
0
0
0
0
0
0
0.007
0
0.34
0.845
0.13
0.233
0.048
0.072
3.371
0.003
0
0
0
0
0
0
0
0
0.024
0.017
0
0
0.003
0.034
0
0
0
0
0
0
0
0
0.076
0.017
0.985
0.702
4.146
0.354
0.477
1.033
0.64
0.045
0.031
0.33
0.024
0.021
1.59
0.345
0
0
0
0
0
0
0
0
0.197
1.625
0.089
0.029
0
0.386
0.556
2.01
0.594
5.885
0.287
0.338
9.654
2.412
0
0.091
0
0
0
0
0.319
0.106
0.053
0.072
0.01
0.493
0.038
0.154
0.51
0.376
0.481
0.122
0.206
0.011
0
0
0
0.232
0.029
3.147
0.666
20.677
1.881
4.642
2.007
0.57
0.007
3.498
0.053
0.624
0.242
2.086
2.723
1.59
8.15
0.041
0.185
0.127
6.278
4.879
47.969
0
0
0.034
0.01
2.856
0
0.003
0
2.359
3.866
0.038
0.223
0.048
9.987
3.526
10.67
1.112
6.925
0.834
2.019
4.195
3.593
1.482
10.895
2.716
9.562
1.648
4.3
1.493
0.793
2.026
6.089
0.58
1.677
8.529
2.901
0.29
0.306
5.625
11.529
2.705
0.994
0.034
2.52
4.086
4.283
10.42
7.859
1.293
0.678
8.188
5.685
0.951
0.722
0.706
5.349
4.595
2.93
3.835
5.239
3.14
1.178
4.239
7.442
14.263
7.648
6.684
4.374
11.64
8.425
7.34
6.925
3.564
1.67
1.404
0.919
1.416
0.027
0
3.314
1.595
0.571
5.842
5.5
4.361
0.242
0.536
0.151
1.887
0.003
0.73
1.664
0.055
0.017
5.471
5.633
2.65
3.849
9.321
8.145
2.019
10.178
0.539
0.184
0.603
1.329
2.505
1.293
1.44
16.74
0.038
3.387
6.901
3.626
12.712
13.578
6.87
15.01
2.853
10.085
0.256
0.003
11.469
11.595
5.944
8.374
5.706
11.949
6.533
1.763
6.173
5.678
9.364
48.445
5.018
6.144
3.591
8.918
2.87
3.049
2.162
1.822
0
1.77
5.763
3.418
4.734
1.581
0.391
8.418
28.405
4.068
1.322
11.5
16.474
1.84
2.626
6.241
5.268
1.305
2.692
0.563
1.267
0.249
3.414
4.863
4.605
0.909
3.258
1.348
1.645
1.341
2.173
7.318
4.276
0.561
2.85
6.441
0.014
0.096
10.248
7.539
1.768
0.295
0.364
0.003
0
0.288
0.735
0.179
1.04
1.093
0.127
0.069
1.581
0.089
0.189
0
0
0
0
0
0
0
0
0.123
0
0.01
0
0
0
1.572
0
0
0
0
0
0.024
0.039
0
0
0
0
0
0.045
0.045
0.01
2.669
0.683
0.125
0
1.029
0.108
0.027
0.024
0
0
0
0
0
0
0
0
0
0
0
0
0
0
0
0
0
0
0
0
0
0
0
0
0
0
0
0
0
0
0
0
0
0
0
0
0
0
0
0
0
0
0
0
0
0.014
0
0.554
0.046
0
0.245
0.146
0.01
0
0
0.306
0.047
0
0
0
0
0
0
0.031
0.01
0
0
0
0
0
0
0
0
0.031
0.532
0
0
0
0
0
1.713
0.124
0.206
0.021
0.007
0
0.153
3.189
1.428
3.227
0.316
5.208
0.944
0.027
0
0
0.608
0.669
3.234
0.494
1.061
0
0
0
0
0.007
0
0.117
0.35
0.731
0.051
0
0.007
0.326
0.007
0
0.491
0.048
12.246
0.007
7.148
1.219
0.127
0.615
0.223
0.512
0.082
0.422
0.161
0.007
0.01
0
0
0.817
0.738
7.505
10.492
0.477
3.025
3.674
0.137
9.816
5.613
1.662
7.814
0.848
5.043
5.586
1.603
1.375
1.123
8.473
6.515
3.303
2.029
0.391
6.437
4.288
3.56
8.926
13.894
16.059
9.493
6.475
0.415
11.92
13.791
2.032
6.037
2.571
9.743
20.445
2.029
1.133
6.741
4.676
1.13
0.724
0.498
5.481
0.134
0.254
0.1
3.083
0.034
0.093
0.402
1.14
0.93
4.786
3.639
2.63
3.56
5.26
0.218
2.932
0.374
0.68
22.989
0
1.912
0.13
0.36
4.659
7.429
0.601
1.013
2.499
0.051
0.076
0.278
0.271
0.367
0.014
0.125
4.357
0.347
0.227
3.361
2.97
1.569
0
0
0.699
0.106
1.195
0.189
1.845
0.076
0.275
0.34
0.014
10.664
0.948
0.865
0.027
0.117
4.47
7.718
0.585
4.415
4.587
7.914
0.263
0.055
0.038
1.831
0.288
0.94
2.276
0.134
6.073
0.014
0.16
9.167
0.529
8.832
1.413
0.905
9.899
5.224
0.984
4.865
6.749
7.216
5.505
2.949
3.239
5.885
0.069
6.719
2.913
4.132
2.242
4.981
2.599
0.345
11.067
0.072
4.447
5.727
0.033
0
0.084
0
0.021
2.702
9.948
0.014
0.021
0.003
0.177
0.014
0.031
0.305
0
0.007
0
1.03
0.319
0.014
0.252
3.567
1.449
0.026
0.003
0
0
0.429
0.128
0.045
0.225
0.257
0
0
0
0
0.788
0.125
2.304
0.64
0.007
0.021
0.045
0.058
0
0.021
0.007
0
0
0.01
0.041
0.551
0.13
0.072
0.069
0.594
1.016
0.546
0.041
0
0.058
0.027
0.058
0.762
5.61
0
0
0.021
0.014
0.007
3.035
0.639
0.065
0.031
0
0
0
0
0.227
0.021
0
0
0
0
0
0.034
0.541
0.036
0
0
0
0
0.027
0.089
0
0
0.017
0
0
0
0.034
0
0
0
0
0
0
0
0
0
0
0
0
0
0
0.62
0.05
0
0
0
0
0
0
0
0
0
0
0
0
0
0.017
0.113
1.281
0.134
0.089
0
0.014
0
0
0.34
1.257
0.11
0
0.027
0.24
2.046
0.216
1.006
0.628
0.045
0
0
0.491
1.191
0.398
5.442
3.08
0.405
0.154
12.651
1.638
0.906
0.027
0.086
1.802
0.082
0.81
0.793
0
0
0.003
1.219
0.093
0
0
0.431
0.039
0.206
24.793
7.203
7.615
83.716
35.973
0.251
1.04
0.062
0
0.124
0.031
0.398
0.062
0
0.554
0.223
0.395
0.1
1.538
0.01
0
0
0.031
0.306
0.01
0
1.243
0.096
0
0.031
0.024
0.379
0.029
0
0.218
0.043
0.072
0.003
0
2.096
8.027
0.443
0.417
1.851
0.228
3.45
0.27
0.007
0.057
0.369
1.154
0
4.449
1.105
0
0.117
0.007
0
15.728
3.27
1.929
0.196
0
1.559
0.254
9.047
0.45
4.736
0.017
0.027
29.529
23.454
0.597
8.82
11.093
4.12
4.935
2.302
3.983
3.416
2.362
2.158
2.674
1.075
4.64
7.505
0.117
0.003
8.089
0
0.062
1.15
1.96
2.316
4.316
0.474
3.941
9.86
15.7
4.892
1.2
2.405
9.258
13.699
0.343
1.16
1.346
9.562
2.479
13.166
1.088
3.928
5.74
2.611
0.536
0.692
2.221
2.424
14.399
10.403
14.835
9
7.128
8.147
3.359
2.214
1.025
0.127
3.842
6.273
0.076
3.868
15.242
7.468
8.302
11.989
8.025
4.683
9.513
5.239
10.782
4.96
0.069
0.003
0.024
5.794
7.232
7.721
12.93
23.4
0.089
0.144
4.37
6.982
1.615
9.713
0.68
2.824
14.457
1.349
4.139
0.896
2.108
9.357
31.476
3.219
9.053
97.595
6.424
18.723
8.18
0.681
0.024
1.773
1.248
0.038
7.579
4.458
9.784
3.876
6.918
12.176
13.244
14.135
2.453
8.284
1.433
1.476
2.371
12.597
11.412
8.386
0.45
4.927
0.209
4.721
81.072
19.142
8.599
1.804
2.484
0.551
1.039
0.129
0.024
0.202
4.013
1.881
0.954
0.058
0.045
0.041
0.024
0.003
0
0
0
0
0
0
3.859
0.103
0.045
0.965
0.084
0
0.101
0.187
0.203
0.058
0.05
0.034
0.031
0
0
0.323
0.094
0.076
0.031
0
0
0
0
0
0.01
0
0
0
0.041
0
0
0.12
0.017
0
0
0
0
0
0
0
0
0
0
0.078
0
0.039
0.148
0.321
0.601
0.043
0
0
0
0.017
0
0
0
0
0
0.048
0
0
0
0.165
0.786
0.086
0
0.333
1.045
0.089
0
0.072
0
0
0
0.031
0
0
0.755
0.034
0.007
0.007
1.174
0.364
0
0
0
0
0.136
0
0
0
0
0
0
0
0
0
0
0
0
0
0
0
0
0.003
0
0
4.294
0.639
0.033
0.256
0.029
0
0
0
0
0
0
0
1.748
1.593
4.326
7.557
0.831
3.409
0.433
0.093
0.278
4.592
0.127
2.668
4.889
4.99
0.227
0.573
3.763
1.363
7.091
1.16
0.096
0.405
2.599
9.949
3.354
2.729
1.857
25.303
0.079
0
1.301
1.418
24.754
0
0.767
6.058
0.398
0
0.577
0.364
0
1.517
2.256
0.357
0.014
0.003
0.072
1.456
4.268
0.484
2.156
0.488
22.203
1.493
2.719
0.014
0.405
0.376
0.038
2.364
0.439
0.106
0.484
9.179
1.787
8.926
12.718
7.908
6.238
0.477
60.435
8.267
2.127
5.886
0.355
0.003
3.636
5.275
1.971
1.41
68.565
6.75
1.643
6.161
0.003
5.129
1.39
0
5.431
5.68
0
1.439
5.794
3.493
4.261
6.899
10.264
0.5
9.083
0.726
0.875
9.464
6.782
1.732
7.89
2.314
0.99
0.196
5.196
2.187
3.48
5.454
1.094
1.984
35.8
11.45
2.16
2.606
6.606
3.917
4.896
5.682
2.626
0.048
0.855
1.638
5.838
16.392
9.421
0.635
1.301
0.896
9.543
5.541
0.261
2.305
3.636
0
0
3.873
3.708
5.888
7.907
0.711
10.966
7.347
4.463
7.333
4.855
6.573
1.814
7.685
3.983
12.816
39.53
11.819
12.545
11.452
8.066
10.684
13.45
3.044
9.45
34.945
5.903
6.581
0.978
11.518
2.144
4.77
3.831
3.689
9.846
3.825
8.322
3.852
8.35
10.394
6.945
1.176
8.049
3.469
12.178
5.318
6.58
6.848
4.049
11.67
13.809
15.772
9.824
10.429
6.71
0.803
16.055
10.949
5.38
2.64
0.228
16.308
27.828
9.347
5.407
5.553
4.247
2.714
8.367
8.592
8.744
10.331
3.844
0.862
2.662
0.342
0.041
3.018
6.037
1.13
0.133
3.78
0.127
2.448
2.161
0.331
0.055
0.264
0.398
0.05
0.912
0.977
1.554
1.394
1.123
5.071
8.185
6.777
3.021
0.151
0
0
2.918
6.884
3.165
2.369
8.176
0.144
0.35
0.443
0.724
1.119
0.506
0.014
0.611
0.072
4.817
5.346
1.14
0.144
0.336
0
1.052
0.13
0.003
0.072
0
0.177
0.306
0.055
0
0.038
0
0
0
0
0
0
1.717
0.948
0.11
0.048
0
0
0
0
0
0
0
0
0
0.041
0.154
0
0
0.13
0
0
0.007
0
0
0.065
0
0.034
0.051
0
0
0
0
0
0
0.465
0.007
0
0
0.062
0.058
0
0
0
0
0
0
0
0
0
0
0
0
0
0
0
0
0
0.041
24.441
1.971
0.611
5.838
0.021
0
0.007
0
0.01
22.649
0.137
0.354
0.055
0.158
0.034
0.247
0
0.481
0.11
0.003
1.689
1.373
22.941
0.034
0.431
1.406
0.144
0.453
1.396
2.11
0.53
0.048
1.346
2.221
0.651
0.034
0
0
0.168
3.313
0.266
0
0
0.266
0.017
3.005
1.038
0.07
0.015
0.8
1.236
0.733
0.63
0.773
0.06
0
0.003
0.089
0.069
0.371
0.33
0.165
0.014
0
0.007
0.343
0
0.669
0.467
0.22
0
0
1.154
1.287
0.206
0
0.381
0.027
0
0
0.546
5.613
8.47
0.007
0.192
0.192
0.124
13.081
23.473
0.017
1.112
1.336
0.537
0.227
0.235
11.7
1.56
0.134
0.069
0.091
6.53
5.129
0.948
0.106
0.175
1.634
0.062
3.986
2.827
9.347
5.891
3.196
1.421
0.017
-99
0.137
-99
0.851
0.172
0.072
0
7.579
17.652
0.175
4.559
2.971
1.531
1.492
0.611
0.185
2.06
6.132
1.72
4.031
0
5.555
2.767
0.443
0
0
0
0.055
0
0
0
1.109
9.819
8.93
7.972
3.801
13.019
2.695
0.805
1.631
4.892
15.247
6.678
13.321
6.932
6.956
3.9
5.014
3.646
0.282
0.031
4.062
3.928
0.11
8.13
8.001
3.419
0.532
0.45
1.195
0.594
1.576
2.125
10.962
0.398
0.251
2.28
1.507
8.374
6.041
5.011
0.027
0.268
0.803
1.485
4.333
0.875
0.256
0
6.187
11.446
2.4
4.031
1.82
5.021
3.94
0.838
3.189
10.89
15.827
0.985
2.479
0.566
5.122
3.318
0.124
0.757
15.216
15.314
1.09
0.161
2.106
1.766
10.989
28.194
11.558
5.265
8.45
7.086
4.436
4.986
1.949
5.742
1.663
4.207
9.128
0.656
0.927
23.169
4.135
2.184
3.668
11.465
6.188
12.584
3.521
0.924
0.398
2.142
31.627
3.605
1.723
1.332
0.549
5.136
0.982
0.398
4.293
1.003
0.182
0.058
3.018
42.836
0.185
0.134
0.076
0.069
6.053
1.095
0.501
0.718
2.39
22.495
4.496
7.325
3.339
3.963
1.602
3.497
0.065
0.003
1.658
0.553
0.294
0.109
0
0.034
0.045
0.074
0
0
0
0.021
0.025
0
0.003
0.469
0.033
0
0
0
0
0
0.934
0.232
0
0
0.038
0.12
0
0.096
0
0
0
0
0
0
0
0
0.007
0
0
0
0
0
0
0
0
-99
-99
-99
-99
-99
-99
-99
-99
0.045
0
0
0
0
0
0.003
0.031
0
0
0.021
0
0
0
0
0
0
0.57
0.041
1.02
0.12
0
0
0
0
0
0
0
0
0
0
0
0
0
0.003
0
0
0.079
0.937
0.949
0.125
0.436
0.779
1.35
10.982
4.478
0.191
0.017
0
0
0.01
0.194
0.025
1.318
2.323
0.191
0.922
0.184
0.803
0.097
0
0.139
2.453
0.505
0.094
2.459
1.902
0.687
15.295
3.643
0.148
0
0
3.325
1.626
0
0
0.089
0.077
4.676
0.56
1.83
0.125
0
0.647
2.578
0.402
0.014
0.238
0.014
8.223
7.088
25.325
1.344
6.635
0.048
0.488
0.048
0
0
0
0
5.807
1.479
0.745
0.196
1.457
0.199
4.218
0
0
0.058
0.463
0.1
0.403
17.619
13.874
3.565
0.609
0.069
0
0.11
1.164
0.027
0.003
0.01
0.003
0.175
1.669
0
0.206
0.855
1.459
0.158
0.12
1.751
2.441
2.81
7.993
1.954
1.16
5.579
3.001
9.757
3.595
0.034
1.377
0.642
1.229
3.831
3.533
5.764
1.435
8.968
6.866
4.099
0.697
0.031
0.982
11.736
0.515
4.386
0.414
6.753
3.049
8.597
0.041
1.384
6.554
13.489
1.703
1.682
5.093
8.219
15.807
0.141
9.596
28.92
4.319
2.863
0.151
0
0.098
3.505
0.022
0.017
0.542
2.819
0.18
0.051
0.302
0.699
0.239
24.996
33.102
7.754
5.543
9.773
8.997
1.842
0.187
5.912
7.611
1.016
9.461
14.516
0.24
0.824
6.848
3.641
7.538
7.884
3.392
6.437
29.419
0.809
4.997
0.92
9.925
16.469
13.869
7.884
16.171
7.702
8.734
6.47
0.783
0.834
48.717
14.698
3.407
6.712
3.078
5.014
13.211
7.199
13.084
5.474
5.291
1.147
2.172
3.183
7.927
10.319
1.289
1.069
11.839
10.327
15.474
3.592
0.309
15.213
11.367
6.834
5.109
4.752
12.485
7.62
3.541
2.857
8.912
8.163
8.463
30.496
39.729
2.261
5.079
2.741
2.041
11.643
9.359
4.952
0.566
0.367
10.864
7.682
0.477
11.697
51.916
12.336
0.481
6.379
6.885
9.654
5.758
7.958
1.914
0.625
6.24
2.798
4.194
3.165
1.492
0.583
3.031
3.528
1.883
1.365
0.158
2.06
0.13
3.327
3.629
5.414
0.772
4.971
1.356
3.488
7.656
1.167
3.416
4.829
0.247
0.213
0.014
0.168
0.161
0.048
0.086
0.532
0
0
0.065
0.034
0.137
0.173
0.003
0.072
0.141
0.082
0.082
0.041
0.027
0
0.007
0.723
0.16
0.92
0.209
4.654
0.488
0
0.031
0.003
0.031
0
0
0
0
0.103
0.014
0
0
0.223
0.014
0.021
0
0
0
0
0
0.058
0.227
0
0.048
0
0
0
0
0
0
0
0
0
0.065
0
0
0
0
0.034
0
0
0.385
0.05
0.003
0.342
0.163
0
0.324
2.623
0.27
0
0.518
2.523
0.673
2.343
1.291
0.34
0.038
0
0.803
0.065
0.185
0.366
11.012
5.191
0.003
0
0
0
0
0
0.024
0
0
0
0
0
0.692
0.245
0.01
0
0.496
0.072
0
1.524
0.582
11.47
4.563
0.604
5.62
3.097
5.291
5.287
0.082
1.638
4.717
0.12
0
0.546
0.041
0
0.354
38.874
48.844
0
8.034
1.758
0.148
0.014
0.288
14.505
16.15
0
0
1.514
2.728
1.142
2.233
1.887
0.208
8.954
1.099
0.076
0
0.985
1.859
0.036
0
0.324
0.115
0.886
0.065
0.671
0.614
0.412
16.078
11.288
17.673
5.581
2.702
0.878
8.69
1.881
7.589
7.584
18.785
14.135
5.188
0.031
0.591
0.045
0
0.065
0.034
0.237
0.007
0.374
0.062
8.786
5.634
2.657
2.712
0.939
3.353
2.874
1.102
0
1.088
10.533
0.127
0
2.664
1.133
16.352
0.814
3.938
3.183
5.409
1.646
6.774
7.957
9.984
0.186
10.239
4.688
8.255
1.339
0.757
0.017
1.995
6.681
3.076
10.09
19.283
2.232
6.856
5.025
13.966
3.296
2.63
0.647
5.047
0.127
7.884
5.807
13.659
5.157
3.876
15.034
1.929
0.498
4.491
1.277
15.568
12.906
4.412
4.614
7.381
7.138
6.911
2.822
3.419
2.644
3.622
4.7
2.23
0.9
2.091
2.214
4.23
2.856
0.443
1.957
12.174
6.492
7.718
6.626
1.523
1.298
0.021
0.312
2.875
3.059
2.863
0.294
0.163
10.006
3.155
0.129
0.515
0.79
3.025
4.951
4.841
2.748
0.203
0.017
0.934
3.519
0.754
10.351
11.58
0.712
0.493
1.476
0.865
0.003
5.086
0.276
4.601
5.648
1.984
3.135
2.362
6.547
1.631
0.374
3.198
2.558
2.826
9.567
4.865
4.673
6.777
11.79
1.421
3.059
0.702
5.397
2.417
21.097
4.302
3.444
0.062
7.031
0.364
3.715
2.815
2.735
5.076
17.017
3.404
5.709
0.565
3.195
11.881
40.305
3.035
2.639
3.251
0.379
2.106
5.326
0.963
1.04
3.399
0.474
3.232
1.028
1.485
0
2.24
0.41
0.146
1.277
0.862
1.066
0.027
7.993
8.435
0.024
1.336
0
0
0.173
0.115
0.014
0.11
0.378
0.06
0
0.146
0.292
0.196
1.844
0.882
2.174
0.68
0.561
0.17
3.67
0.079
0
0.081
1.263
0.11
0.007
3.025
1.272
0.168
0.07
0.021
0.007
0
0
1.524
1.428
0.086
0.007
0.076
0.27
0
0
0
0.021
0.017
0
0
0.021
0
0
0
0
0
0
0
0
0
0.211
0
0
0
0
0
0
0
0
0
0
0
0
0
0
0
0
0
0
0
0
0
0
0
0
0
0
0
0
0
0
0
0
0
0.041
0.048
0
0
0
0
0.003
0
0
0
0.014
0
0
0
0
0
0
0
0
0
0
0
0
0
0
0
0.73
0.381
0.045
0
0
3.547
3.09
0.017
5.026
6.046
0.793
3.814
3.244
0.484
1.576
3.313
3.018
0.566
8.916
0.803
38.469
42.335
0.254
7.55
0.003
0
0
0.161
1.36
0.415
1.239
1.495
0
0
0
0.518
0.295
0.027
0
0.069
0.13
0.11
0.021
0.323
0.065
0.148
2.022
1.13
0.165
7.742
4.879
1.219
0.652
0.089
0.017
0.086
30.236
0.003
0.076
0
0
0
0.017
2.568
3.044
0.038
0
0.007
4.492
1.346
2.014
15.285
1.418
1.983
1.382
0.213
0.046
0
0
0
0
0.975
0.033
7.209
0.034
0
0
4.492
0
0
4.96
10.049
0
1.263
0.003
12.578
0.021
0
3.457
5.493
7.163
3.79
0
0
0.36
54.466
31.946
0.062
0.872
8.771
3.165
0.309
0.557
3.88
2.307
3.433
9.107
6.947
8.18
7.575
11.404
5.301
3.227
3.957
0.45
0.433
55.502
12.631
4.386
2.163
0.97
4.461
4.374
4.417
3.746
19.351
6.806
3.685
12.269
1.02
5.591
4.839
2.177
4.686
2.882
0.97
1.135
0.8
0.125
1.135
6.446
0.127
1.546
6.224
0.003
1.423
2.743
2.709
2.18
0.007
0
1.099
0.065
0
9.38
0.065
5.627
6.317
8.308
4.343
0.673
2.918
6.231
2.596
0.196
17.163
63.518
16.679
57.12
6.99
7.866
13.523
2.242
1.823
10.341
0.45
10.585
3.177
0.161
0.149
1.203
0.065
1.111
4.154
17.468
2.232
14.13
30.566
0.376
4.225
3.285
9.841
8.063
18.284
28.176
2.942
3.821
3.341
0.431
0.56
2.309
2.695
0.412
3.634
6.945
8.418
6.684
6.877
16.778
6.736
15.254
7.653
4.741
6.475
0.165
0.917
0.065
1.596
5.037
20.369
2.139
0.209
5.576
2.553
0.285
3.876
2.561
5.091
1.241
0.113
0.048
3.794
2.146
0.826
1.322
0.755
2.448
0.479
0.206
0
0
0.884
0.089
0.136
0.045
0.784
0.156
0.069
0.003
0.014
0.738
0.151
0.034
0.944
0.076
0.041
0.007
0.039
0.578
0.203
0.055
0.003
0
0.124
0
0.052
1.669
0.329
0.003
0
0.014
0.091
0.034
0
0.007
0.081
0
0
0.014
0.045
0.003
0.422
0.088
0.031
0.003
0
0.069
0.01
1.341
0.086
0.01
0
0
0
0.306
1.119
0.039
0.989
0.065
0.027
0
0.12
0.003
0.093
0.045
0
0
0
0.033
0.186
0.01
0.007
0.263
0.017
0
0
0.918
0.481
1.765
0.041
0
0
0
0
0
0
0
0
0
0
0.597
0.036
0
0
0
0
0
0
0
0
0
0
0
0
0
4.741
21.396
3.275
0.572
0.072
0.162
0.165
0.036
0
0
0
0
0
0
0
0
0
0
0.062
0.106
0.007
0
0
0
0
0
0
0.731
0.367
0.263
0.062
0.003
0
0
0
0
0
0
0
0.498
1.123
0.477
5.435
2.685
0.165
0
0
1.531
0.9
0.463
1.923
3.598
2.633
0.076
0
0
0
0.446
0.199
12.724
8.954
0.573
0.048
2.146
1.744
3.169
0
0
0.463
0.824
0.371
0.045
0.783
0
0.975
1.164
0
0
0.014
3.241
0.124
0.007
0
0.01
2.221
6.739
0.021
3.512
4.48
0
0.014
0
0
0
0
0.992
0.1
0
0
2.87
9.987
0.021
0.319
0.362
0.776
0.115
0
2.336
0.228
0
0.017
0.065
2.214
0
0
0
1.729
0.055
2.889
5.742
0.64
0.268
3.025
0.017
0
0.467
27.627
0.45
6.337
2.434
1.299
0.223
0.664
6.506
1.726
9.61
9.644
4.461
9.416
6.152
0.738
5.567
0.105
0.058
1.241
5.2
6.328
0.01
2.456
4.381
0.539
3.165
10.703
3.455
3.33
0.003
0.463
6.65
5.35
9.817
7.153
2.272
1.38
0.118
8.332
3.91
8.494
3.883
13.692
0.467
2.05
3.876
4.053
2.626
0.055
0.714
1.418
0.244
1.178
0.065
1.081
5.562
0.165
0.096
0.209
0
5.394
0.048
9.86
9.472
13.122
4.848
16.342
6.741
14.541
1.892
4.788
5.086
16.746
14.63
1.093
6.384
12.148
0.233
1.147
25.782
0.252
3.38
19.808
2.216
8.449
9.626
4.559
17.043
21.727
1.493
1.495
1.061
1.782
0.014
39.543
1.124
1.368
10.564
1.059
0.058
10.574
10.337
0.185
2.062
1.95
3.093
3.085
0.11
5.033
2.297
0.783
2.544
12.27
15.944
0.11
0.215
1.579
0.007
0
0
0.663
0.34
0.189
0.014
0.69
0.426
0.941
0.395
1.414
0.669
0.62
0.124
0.017
0
0
1.581
0.118
0.433
0.208
0.05
0.306
6.398
0.393
0.022
0.793
4.453
0.623
1.26
2.695
0.972
2.201
0.175
0.017
0
0.045
0
0
0
0
0.096
0.017
0
0.017
0.038
0.048
0
0.014
0
0
0
0.13
0.003
0.041
0.288
1.916
4.601
0.546
0.007
0
0.045
1.394
0.165
0.954
0.264
0
0
0.062
0
0
0
0
0
0
0
0
0
0
0
0
0
0
0
0
0.003
0
0
0
0
0.369
0.033
0.841
0.484
0.031
0.01
0
0
0
0
0.278
0.029
0
0
0
0.048
0
0.021
0.676
0
0
0
0
0
0
0.175
0.113
0.079
0.021
0
0.465
2.97
0.268
0.611
2.328
0.563
0.079
67.465
18.354
1.044
1.588
1.274
0.591
1.145
0.108
0
0.371
0.407
1.444
0.288
0.01
0
2.92
1.784
0.117
0
0.182
0.014
0.802
0
0
0.088
0.326
0.003
0.51
1.083
2.7
0.515
0.017
0
0
0
4.364
5.639
34.545
0.137
42.143
3.265
0.264
2.537
0.127
14.595
48.144
0.23
0.261
6.908
5.891
0.048
0
0
0
0
0.992
0
0
0.168
0.01
0.014
0.058
2.596
0.453
2.455
11.283
0
0.141
3.423
2.52
3.674
0.137
0.007
0
0.676
0.724
0.014
10.99
7.105
5.977
5.826
10.736
9.613
13.472
12.502
19.257
3.639
17.551
9.558
12.023
3.771
1.195
0.759
5.435
1.818
0
6.207
14.698
0.642
0.299
1.655
0.831
0
4.477
0.021
0.587
0.076
1.723
3.928
11.563
4.875
0.46
2.084
0.323
0.007
1.15
5.177
0.323
7.294
2.39
0.941
0.663
2.383
1.277
6.036
1.542
9.908
0.697
10.841
4.546
4.599
9.414
3.116
6.66
0.184
7.562
0.982
0.443
11.448
6.63
6.427
4.724
0.882
8.229
4.471
7.356
4.139
5.299
1.184
4.214
0.051
1.384
1.981
0.203
0.055
3.32
5.124
2.724
9.103
18.069
0.516
2.238
1.423
0.225
0.688
0.681
0.01
0.415
8.054
3.694
4.349
9.526
3.65
2.781
3.536
1.642
7.234
3.02
0.734
0.388
1.348
1.251
4.06
2.298
0.821
0.034
6.014
7.716
0.462
0.271
10.329
20.774
17.468
5.994
12.015
1.686
0.031
0
3.868
16.011
5.284
3.32
2.238
0.106
1.457
0.886
10.241
11.587
7.563
1.171
4.168
38.236
8.085
4.549
0.251
2.077
0.367
2.348
5.531
1.909
2.743
4.364
1.281
2.959
1.658
9.016
8.264
0
1.311
0.937
0.625
0.158
0.082
3.104
0.278
15.757
0.079
0.247
1.306
6.379
33.934
23.864
1.658
2.505
1.615
2.458
2.002
0.474
7.146
1.622
1.102
0.079
0.007
0.999
0.422
0.208
1.552
0.589
2.798
3.008
0.875
0.038
0.093
0.103
0
0
0
0
0
0.608
0.196
0.003
0.003
0.309
0.051
0.062
0.081
0.079
0
0.027
0
0
0.014
0.716
0.057
0.003
0.958
0.146
0
0.003
0.003
0.007
0.077
0.038
0.166
0
0
0
0
0
0.017
0
0
0.039
0.733
0.062
0
0.031
0
0
0.076
1.261
0.048
0.031
0
0
0
0
0
0
0
0
0
0
0
0
0
0
0
0
0
0
0
0
0
0
0
0
0
0
0
0
0
0
0
0
0.031
0.003
0
0
0
0
0.041
0.007
0
0
0
0
0
0
0
0
0
0
0
0
0
0
0
0
0
0.187
0
0
0
0
0.427
1.948
0.283
0.443
0.027
0.563
0.978
0.134
1.267
0.01
0
0
38.171
23.262
1.73
0.939
0.036
0
0.122
0.077
3.711
7.449
0
0
0.034
0
0.01
0
1.404
0.549
0.185
7.587
4.165
1.373
0.096
0.376
11.797
4.666
0.996
0.065
3.907
1.837
0.082
3.492
1.099
0.227
0.975
0.477
0.216
0.189
0.151
0.381
1.614
4.738
7.704
4.168
4.81
0.393
0.179
24.458
21.173
0.182
0
3.909
0.01
3.345
3.955
53.174
10.26
3.1
1.392
11.407
2.329
2.659
2.551
0.14
9.035
7.248
0.007
0.007
3.097
4.695
3.675
1.306
4.331
6.029
1.799
4.053
8.683
55.28
1.779
0.082
0.007
2.314
1.596
0.285
6.485
0.024
0.992
1.253
5.643
15.135
4.817
0
0.23
0
0
0
0
0.021
0.644
8.945
0.486
4.092
1.624
0.357
0.021
0.846
5.95
1.463
0.996
9.697
5.291
7.05
3.684
1.023
1.14
0.154
6.897
3.341
3.461
4.252
2.812
1.542
0.177
0.745
3.492
3.018
0.271
0.333
0.141
2.475
5.977
2.687
1.471
0.721
0.445
0.261
2.2
1.024
0.53
5.618
4.173
2.084
4.897
0.49
0.003
0
0.881
0.271
0
0
0.021
0.041
1.517
2.278
1.239
0.972
0.199
0.048
0.185
0.058
0
5.699
1.44
0.059
0.038
0
0.161
0.077
0.069
0.385
1.77
7.818
27.061
0.563
0
1.327
9.949
0.122
0.05
4.699
3.83
0.048
0
11.114
3.646
7.222
13.939
2.614
4.918
1.578
3.671
0.443
0.077
0.633
7.275
13.287
12.781
1.139
0.148
1.116
1.487
1.008
0.204
0.014
1.926
59.596
16.452
6.222
7.445
1.28
0.817
0.966
5.311
2.439
1.416
0.628
1.658
0.356
1.196
1.016
0.103
0.17
0.026
0
0.791
0.366
1.818
1.303
0.23
0.058
0.027
0.1
3.402
5.136
0.587
1.365
1.38
1.208
0.137
0.086
0
0.584
0.154
0.673
0.103
0
0.01
0.076
0
0.007
0.362
0.388
0.134
0
0
0
0
0
0
0
0
0
0.007
0
0.144
0.014
0
0.003
0
0
0.021
0.003
0.13
0
0
0
0.227
0.137
0.048
0.007
0
0.038
0.014
0
0
0
0.12
0.11
0.007
0
0
0
0
0
0
0
0
0
0
0
0
0
0
0
0
0
0.027
0.027
0
0
0
0
0
0
0
0
0
0
0
0
0.088
0.153
0.216
0
0
0
0
0
0
0
0
0
0
0.711
0.896
0.076
0
1.643
0.139
0
0.045
0
0.007
0
4.891
0.726
0
4.283
0.627
0.639
0.175
0.767
2.738
2.851
0.312
5.591
0.554
5.742
0.457
0
1.299
0.482
0
0
0.055
0.007
0
0
0.076
0
0
0
0.01
0
0.093
0.148
0.027
0.17
1.215
6.297
0.512
0.046
0.657
0.211
0.118
0.084
0
0
0.137
0.076
1.366
0.17
0
0.455
2.396
0.158
0.882
7.196
0.23
0
0.07
8.202
0
0.427
1.823
4.328
3.746
0.01
0
0.282
0.034
4.031
0.484
0.024
0.007
0
0.1
25.578
8.48
0.1
2.139
0.512
24.747
3.818
0.196
0.271
0.213
3.557
1.445
0.079
1.833
0.01
0.117
1.308
0
0
3.632
0
0.051
7.079
0.079
0.072
4.28
2.894
4.511
7.469
5.299
0.649
4.942
7.448
0.129
0
0.01
3.789
2.436
3.2
0
0.007
6.597
0
2.803
6.733
0.771
3.219
0.283
0.702
2.396
2.587
4.396
9.745
14.198
6.092
1.16
3.517
4.046
1.231
0.01
0.003
0.576
2.582
0.513
2.752
0.929
5.574
1.217
8.599
20.591
8.307
1.155
3.344
2.889
0.079
8.384
2.903
15.338
9.852
2.196
1.809
1.811
9.383
3.102
22.9
12.667
0.316
1.332
2.621
3.229
0.244
0.031
0.251
3.198
0.237
0.058
1.627
0.406
1.133
5.134
0.103
1.857
0.093
4.99
9.941
1.325
1.166
5.936
4.108
11.635
5.297
8.66
6.532
7.907
4.702
0.632
0.858
9.448
9.792
7.539
9.218
4.669
13.014
0.378
4.243
0.68
0.007
0
0.838
6.156
23.957
1.233
8.52
11.388
14.138
13.578
5.716
0.233
3.842
9.459
3.337
0.209
6.236
8.521
14.418
0.426
0.027
1.984
63.932
3.126
3.701
0.062
7.069
18.66
0.264
1.802
6.18
7.021
0.134
0.045
0.419
0.36
1.397
0.22
1.686
0.216
1.868
4.848
0.656
0.007
0.251
0.072
0.148
0.021
0.117
0.251
0.089
0.017
0.048
0.031
0.027
0
0.014
0.01
0.179
0.021
0.137
0.443
0.357
1.675
5.773
0.041
0
0.275
0.324
0.244
0.041
0.01
0.635
0.045
0.12
0.865
0.209
0.834
1.075
0.223
3.199
6.291
8.799
1.156
0.189
0.1
0.112
0
0
0.082
0.118
0.093
0.003
0.048
0.027
0
0
0
0.058
0
0
0
0.086
0.021
0
0.113
0
0
0
0
0
0
0
0
0
0
0.045
1.009
0.1
0.027
0.937
0.233
0.031
0.127
3.9
0.027
0.106
0
0
0
0.649
0.051
0
0
0
0.474
0.106
0
0
0.007
0
0.079
0.656
0
0
0
0
0
0
0
0
0
1.267
0.553
0.041
0
0
0
0
0.007
0.239
0.443
0
0
0
0
0
0
0.065
0.038
0.51
0.141
0.021
1.72
0.244
0.048
0.007
0
1.387
6.678
0.127
0.165
0.196
0.984
0.354
0.206
0.007
0
0.031
0.027
1.222
0.048
0.021
0.479
0.007
0
0
0
0
0.051
0.007
1.047
1.48
0.767
4.134
0.397
0.192
0.177
0.167
0
0
0.017
0
0.045
0.003
0
0.283
0.112
0
0.017
0.003
0
0.12
1.064
0.656
0.024
0.027
2.419
0.232
0
2.736
3.964
7.431
2.05
1.487
0
4.522
0.221
0.239
0.065
0.1
0
0
0.07
0.021
4.88
0
0.039
4.4
0.108
0.003
1.298
4.899
0.227
0.017
0.501
3.152
13.458
0.318
1.408
0.628
1.897
4.367
1.421
3.742
0.161
4.024
2.702
0.014
6.684
9.503
2.983
13.156
2.736
0.041
4.808
1.154
3.536
7.95
7.333
1.31
0.062
0.554
10.897
2.396
8.614
4.525
5.569
13.541
0.021
4.978
0
0.252
6.403
0.894
0.223
10.81
2.05
0.034
1.818
1.41
4.64
0.204
8.695
8.214
19.422
0.106
1.272
1.231
0.517
0.33
7.876
2.119
8.042
0.7
1.634
2.912
5.802
0.676
0
1.875
1.935
7.113
0
0
0.196
0.076
0
0
0.13
0
1.214
6.218
2.316
0.232
0.031
1.514
4.899
1.65
3.14
25.677
10.926
5.392
0.343
0.024
3.624
6.305
2.323
2.008
29.361
26.611
2.369
14.612
20.941
10.772
47.47
40.562
3.706
0.093
0.556
0.438
1.296
0.01
0.908
4.324
1.512
1.686
0.051
1.773
1.317
5.292
2.295
12.013
15.779
12.3
23.162
1.851
68.302
0.12
2.709
0.086
1.967
4.903
2.089
3.011
3.929
14.148
2.608
0.16
1.524
3.03
23.427
12.082
2.387
3.153
1.545
0.268
2.089
10.826
3.884
19.976
19.934
30.594
9.908
6.046
1.222
0
0.168
0.846
1.373
3.691
1.439
1.43
0.431
6.216
0.575
0.033
0
2.97
0.946
0.307
0.271
0.076
0.055
0.024
0.007
0
0.326
0.12
0.046
0
0.937
0.1
0
0.597
0.247
0.07
0.407
0.081
0.034
0.041
0
0.003
0.007
0
0
0.886
0.189
0.007
0.007
0.35
0
0
0
0
0
0
0
0
0
0
0
0
0
0
0
0
0
0
0
0
0.076
0
0.041
0
0
0
0.017
0
0
0
0
0
0
0
0.041
0
0
0
0
0
0
0
0.406
0.093
0.056
0.051
0
0
0.039
0
0
0
0
0
0
0
0.003
0.007
0
0.877
0
0
0
0
0.01
0
0
2.221
0.515
0
0
0
0
0
0
0
0
0
0
0.003
0
0
0.285
4.892
0.7
0
0.692
20.968
3.329
0.161
0.089
1.382
0.173
0.043
2.111
7.898
0.34
0.221
0.388
0.026
0
0.209
0.082
0.374
8.15
0.687
3.102
0.24
0.175
0.007
0
0
0
0.508
0.307
0.934
0.615
1.964
0.45
1.184
0.082
0.512
0.113
0.127
0.604
0.227
0.106
0.014
0
0
0.566
8.792
11.01
2.163
0.172
0
0.347
1.14
47.018
0.086
0.443
0
1.126
1.49
0.021
0.192
0.014
1.991
3.557
0.048
0.797
1.669
1.624
1.432
1.596
11.155
9.634
7.038
0.282
0
0
1.775
0.68
0.069
0
0.141
1.775
0.003
10.42
0.429
3.052
9.283
0
6.815
2.839
0.323
0.882
0.1
2.057
1.505
3.952
8.974
2.923
1.677
10.609
0.379
1.401
7.121
6.866
0.261
1.054
2.465
62.928
0.216
1.372
2.022
3.876
0.529
2.826
3.013
21.753
2.862
2.779
1.263
9.208
15.379
7.783
10.255
7.982
22.045
4.305
3.128
0.874
6.358
6.142
2.024
4.779
5.526
4.075
6.109
0.752
0.663
7.395
0.134
1.466
7.019
14.577
5.771
2.235
1.464
8.695
2.53
1.521
0.124
19.95
9.713
3.588
2.357
0.343
6.209
4.47
8.774
1.373
9.726
1.191
1.813
0.247
6.639
0.021
6.163
6.477
12.288
0.63
5.864
2.972
2.434
19.441
8.411
6.669
7.15
8.339
12.152
7.491
5.56
1.714
4.542
10.906
4.959
0.556
46.088
0.821
5.507
9.488
24.578
0.748
2.098
3.406
7.615
3.746
1.624
6.726
2.057
7.248
1.463
0.117
0
4.65
12.133
0.999
6.369
6.441
13.149
6.559
12.305
17.602
4.182
6.88
12.504
5.782
2.274
0.079
0.149
1.183
1.761
2.693
9.411
2.223
7.908
5.315
6.47
6.804
1.385
2.989
1.802
0.544
1.562
1.693
0.704
10.897
3.282
0.505
1.856
2.287
2.604
0.292
3.121
2.427
3.232
2.032
0.333
0.1
2.587
2.39
10.427
0.498
1.808
2.154
0.192
0
0
0.738
0.204
0.051
0.457
0.358
0
0
0.154
0
0.117
0
0
0.021
0.027
0.01
0
0
0.003
0.076
1.588
4.791
2.946
0.048
3.588
6.113
0.938
0.033
0.041
0.032
0.335
0.033
0
0
0
0
0
0.187
0.031
0.01
0.548
0.675
1.65
0.136
0
0
0
0
0
0.103
0.01
0
0
0
0
0
0
0.003
0
0
0
0
0.292
0.062
0
0
0
0
0
0
0
0
0
0
0
0.965
0.117
0.007
0.01
0
0
0
1.574
0.563
0.438
0.276
0.064
0
0.889
0.094
0.06
0.161
3.557
2.462
0.756
1.48
1.62
0.51
0.079
0.007
0.829
0
0
0
0
0.034
3.337
0.282
0.039
2.855
0.503
0.651
0.043
0.248
1.774
2.407
2.348
0.424
0.376
0.477
3.306
1.71
1.723
1.627
11.755
1.03
0
0
0.199
0.328
0.232
9.282
6.873
6.715
0.731
62.083
0
0.067
3.478
1.499
13.605
4.269
14.065
12.645
0.366
0.324
0.103
0
0
0
1.222
2.362
24.039
65.525
0
0.003
1.003
1.66
9.616
0.062
0.103
0.003
0
3.229
21.168
0.154
0
0
0.154
0.024
0.395
0.07
0
0
0
10.075
6.734
3.004
0
5.004
6.777
1.734
2.645
0.558
9.474
0
0
0.003
0.108
0
0.015
0
0
5.552
0.117
2.403
0.379
0.23
11.464
4.631
4.868
11.058
0.494
9.442
1.31
0.448
1.351
6.288
8.379
13.563
14.063
8.597
16.158
4.48
8.508
2.973
3.861
11.287
13.659
0.11
0
1.052
0.031
0.989
7.417
1.291
3.741
0.038
4.844
5.019
1.15
3.625
2.444
11.867
14.301
2.905
17.705
0.803
4.322
7.175
1.006
2.815
1.318
2.273
1.401
4.714
5.943
1.679
7.526
8.532
0.1
0.13
0.086
1.418
0.488
1.15
1.497
1.548
0.106
0.124
0.014
0
0.443
5.339
6.813
0.072
9.747
4.752
17.192
0.209
6.882
0.757
0.115
9.462
2.11
3.201
17.418
5.553
5.524
2.141
1.013
1.94
0.723
8.441
1.37
0.863
6.67
6.173
10.797
0.645
0.233
1.94
0.146
10.37
3.2
2.152
1.276
5.412
0.064
4.092
3.585
0.027
6.249
4.302
10.777
7.388
9.16
0.922
0.805
0.971
6.902
0.159
0.895
4.474
0.136
1.326
5.737
0.166
0
2.825
14.888
0.423
3.126
0.226
0
0.065
3.111
15.599
0.048
2.105
6.243
6.127
0.505
0.874
0.901
0
9.016
16.856
4.865
5.596
0.148
1.933
0.154
0.105
1.433
0.615
0.16
0.048
0.007
0.132
1.669
4.733
0.088
0
0
0.045
0
0
0.103
0
0
0
0
0
0
0.065
0.069
0.12
0.031
0.141
0.041
0.041
0.021
0.055
0.017
0.1
0.048
0.082
0.038
0.01
0
0.007
0.302
1.226
0.203
0.821
5.009
0.007
0
0.129
0.133
0.027
0
0.215
0.031
0.007
0.112
0.017
0
0
0.003
0.041
0.007
0.003
0
0.017
0
0
0.042
0.003
0.007
0
0
0
0
0.003
0.014
0.021
0.031
0.007
0.065
0
0.139
0.01
0
0.227
0.014
0.271
0.017
0
0
0.051
0.007
0
0
0
0.137
0.01
0
0
0
0
0
0.062
0.031
0
0.199
0.161
0.24
0
0
0
0
0
0.086
0.11
0
0
0
0.137
0.062
0.168
0
0
0
0
0
0.01
0
0.007
0
0
0.426
3.897
1.078
0.021
12.691
69.895
0
0
0
0
0
0
0
0
0
0.156
0.057
0
0
0
0
0.024
4.51
0.345
0
1.631
52.219
47.777
11.846
20.218
0.014
0.036
0
0.766
0.352
10.973
30.563
1.576
0.199
0.003
0
0
0
0.003
0
21.233
81.718
0
3.216
0.282
21.004
2.383
0.711
0.4
0.247
0.39
0.07
1.497
5.902
8.035
1.818
0
3.766
12.909
6.374
6.403
3.485
0.034
9.119
9.431
1.799
12.669
2.084
0.024
0.062
0
0.038
0.318
0.045
0.01
0.003
0.39
10.177
1.102
7.981
0.043
0.117
8.202
7.805
1.435
0.031
0
14.318
9.498
5.273
11.292
2.534
1.66
7.196
6.525
1.571
5.732
7.684
4.982
2.597
40.364
25.217
6.061
0.29
8.214
17.64
21.478
8.738
5.62
3.653
2.766
6.204
0.062
4.089
3.83
3.912
7.483
0.594
9.398
6.255
0.017
1.245
0.918
0.669
1.531
0.134
0.055
0.014
2.798
5.253
1.875
3.886
4.882
1.687
0.587
4.255
2.702
0.172
1.964
0.312
0.494
1.947
2.781
2.443
3.938
2.551
3.183
2.896
0.11
4.625
3.969
7.392
0.402
1.411
0.675
3.337
1.133
0.112
0
0.114
0.144
0.007
0.582
0.299
3.588
0.003
6.985
7.169
0.824
0.194
6.985
1.058
4.098
3.433
5.061
2.808
6.847
7.287
0.244
7.864
58.296
2.768
8.283
0.077
1.126
0.439
9.606
13.148
16.267
9.235
8.017
0.848
8.823
14.231
8.041
1.528
12.241
5.013
1.926
15.385
16.122
1.916
2.242
0.398
2.491
10.447
0.124
0.031
0.192
0.076
1.552
44.931
0.021
0
0
0.148
7.452
0.014
0.735
0.06
0.089
1.298
2.362
0.719
0.682
0.433
5.924
0.052
0.381
0.142
0.323
1.301
0
0.13
0.75
0.276
1.717
2.65
0.103
4.142
0.017
0
0.017
0.091
0.017
0.436
0.027
0.223
0.014
2.197
2.462
0.537
0.043
0.232
0.003
0.124
0
0.01
0
0.007
0.014
0.204
3.821
1.142
0.994
0.294
0.065
0
0.055
5.548
0.85
0.08
0
0.007
0
0
0
0
0.045
0.003
0.594
0.053
0.188
7.223
1.65
0.151
8.99
0
0.433
0
0
0
0
0
0
0
0
0
0
0.034
0.021
0
0
0
0
0
0.5
0.033
0.029
0.031
0
0
0
0
0.007
0
0.007
0
0
0
0
0
0
0
0
0
0
0
0
0
0
0
0
0
0.225
0.01
0
0
0
0
0
0
0
0
0
0.35
8.913
1.95
0
0
0.017
0
0
0
0
0
0
0
0.048
0
0
0.027
0
0
0
0
0.472
0.031
0.076
0
0
0
0
0
0
0.014
4.219
2.983
7.848
4.391
0
0
0.021
0
0
0
0.036
0.031
0
0.85
0.058
0.318
0.232
0.16
0.007
0
0
0.007
0.137
0.309
0.021
0
0.027
0.014
0.089
0.034
0.45
0.735
0.165
0
0.014
0.563
0.213
0.021
0
0.014
3.577
1.624
0.381
0.045
0
0
0
3.035
7.697
0.621
1.669
4.597
11.247
3.33
7.522
1.051
0.645
0.367
2.997
0.206
0.014
0.227
0.1
0.007
0.604
0.031
0.661
0.681
0.034
8.775
0.076
0
0
0
1.178
1.397
0.165
0.364
0.714
0.027
7.136
11.755
18.622
11.062
4.06
23.835
0.01
0.237
5.33
0.489
0.003
0
0.034
5.955
11.34
0.227
0.112
0.074
0.007
2.13
4.207
1.202
0.108
0.007
0
5.067
7.733
5.311
5.128
6.478
1.902
0.124
5.665
0
0.721
6.856
0.336
1.071
0.065
1.318
5.009
5.33
1.404
11.264
0.062
0.034
2.788
3.955
0.946
0.038
4.834
4.522
9.146
10.296
4.985
0.58
2.671
6.331
9.999
0.124
0.961
3.787
1.694
9.795
2.458
2.199
1.281
0.101
1.184
3.418
11.715
6.896
4.855
6.255
2.661
3.703
1.21
0.613
3.417
2.434
0.85
0
2.463
1.297
8.137
1.147
0.048
0
0.01
2.606
4.429
2.683
0.285
4.293
1.487
0
0
0.199
0.065
0.108
0.117
0.003
0.244
6.394
17.055
7.088
0.874
5.014
19.833
1.1
5.945
10.681
1.763
9.366
7.467
5.49
3.883
12.089
13.729
4.01
0.014
0.913
0.106
0.179
1.633
11.175
0.082
0.027
8.305
4.046
0.211
0.264
7.379
14.577
4.779
0.148
0.12
1.155
0.934
58.181
15.566
1.377
0.391
0.64
26.714
11.287
0.836
0.546
0.046
0.148
0.077
0.513
0.132
0.051
0.117
0
0.051
0.086
0.203
0.069
0.141
0.07
0
0
0.031
0
0.263
0.077
0
0.062
0.366
0.057
0.024
0.01
0.191
0.072
0
0.034
2.381
0.409
0.027
0.031
0.275
0.048
0
0.003
0
0.034
0.062
0.172
1.236
0.115
0
0
0.024
0.007
0.079
0
0
0
0
0
0
0
0
0
0
0
0
0
0
0
0.587
0.046
0.014
0.096
0.024
0.003
0.11
0
0
0.079
0.076
0
0.391
0.014
0.027
0.041
2.314
0.695
0.031
0
0
0
0
0
0.213
0.014
0
0.014
0
0.003
0
0.151
0
0.192
0.021
0.525
0.045
0
0
0
0
0
0
0
0
0.031
0.003
9.579
1.624
2.005
0.91
0.041
0
0.045
0
0
0
0
0.336
0.038
0.165
0
0.245
0.481
2.316
0.197
0
1.868
0.719
0.569
2.499
0.496
1.548
1.027
0
0
0.877
0.137
12.792
8.925
2.187
0.003
0
0.173
0.01
0.417
0.767
0.151
0.007
0
0
0
0.027
9.119
0.36
0.031
0
0.038
0.003
0
0
0
0
0
0
0
3.677
0
0
0.532
0.055
0
0
0.014
0.158
0.014
0
1.806
10.258
10.88
5.634
0.577
0.058
0
3.692
0.189
0.014
1.615
1.811
1.979
0
3.401
0.165
8.911
0
8.154
5.212
3.29
0.148
0.966
1.349
7.141
0.16
0
0
1.497
47.868
8.726
0
9.156
4.173
2.9
3.844
2.321
0.735
9.156
13.618
0.366
0
6.712
1.64
6.263
0.058
2.335
0.175
0
0.154
3.097
3.624
4.349
6.29
7.908
2.249
0.072
0
0.127
5.172
0.173
0.036
11.704
71.502
0.376
2.094
10.842
102.341
0.137
1.742
6.508
5.105
14.337
4.151
4.875
4.944
7.684
2.118
15.285
0.144
3.037
27.222
8.883
1.181
4.954
5.354
1.329
3.759
2.783
0.415
8.209
0.374
0.666
0.819
1.83
7.145
3.165
3.794
0.089
0.038
0.014
0.007
0
0.79
0.185
0.014
0.161
5.651
0.652
9.239
0
0
0
9.599
3.074
7.024
9.546
12.243
6.733
11.453
11.27
191.207
11.865
3.234
1.154
5.653
2.908
6.942
6.501
6.48
7.855
0.995
3.885
6.755
11.788
3.124
9.438
2.468
5.114
3.637
6.099
9.79
0.555
8.353
11.527
6.662
1.246
0.263
0.33
13.172
8.488
0.661
8.706
0.01
5.461
0.53
1.923
8.189
0.031
0.311
18.804
3.587
2.307
0.997
9.81
2.117
1.018
12.536
0.13
0.615
0.733
0.503
8.374
3.452
2.288
4.336
0.108
0.031
0.067
4.067
1.27
2.014
0.287
4.417
0.167
3.311
6.847
1.554
2.873
3.447
0.304
4.637
0.048
0.003
0
1.231
0.113
1.232
4.165
2.844
0
0.003
0.003
0.027
0
0.463
0.998
0.223
0.01
0.066
0.124
0.086
1.313
1.811
4.904
0.173
0.112
0.014
0.741
0.064
0.021
0.062
0.045
0
0
0
0.072
0
0.271
0
0
0
0
0
0
0
0
0
0.031
0
0.076
0.168
0.069
0.409
0.227
0.23
0.203
0
0
0
0.652
0.086
0
0
0.233
0.017
0.003
0
0
0
0
0
0
2.063
0.824
0.127
0.007
0.172
2.139
0.266
0.01
0.24
0.621
0.117
0.735
0.065
0
0
0
0.007
0.168
0
0
0
0
0
0
0
0
0
0
0
0
0
0
0
0
0
0
0
0
0
0
0
0
0
0.072
0.007
0.134
0
0
0
0
0
0
0
0
0
0
0
0
0
0
0
0
0
0.151
0.014
0.33
0.244
0.051
0.288
0.027
0
3.056
1.48
0.275
0
0
0.144
0.12
1.38
0.139
0.549
0.045
0.216
0.153
0.422
0.187
0.01
0.096
0.529
0.036
0.034
0.031
0.003
0.319
0.616
0.22
0.022
0
0.026
0
0.01
0.034
0.216
0.022
0.024
0.781
0.286
0.031
0.371
0.106
0.031
0.151
0.01
0
0.01
0.522
0.072
0
0.045
0.007
0.532
0.007
0
0
0
0
0
0.014
0
0
4.412
12.682
0.597
0.041
0
0
1.991
0.333
0.024
0.192
2.75
0.007
1.349
3.845
9.016
0.082
0
0
0
0.591
0.003
0
0
5.534
4.285
10.526
3.698
4.041
7.656
4.237
9.891
0.851
0.045
0.014
0.1
0.007
0
0.014
3.032
1.365
0
1.499
6.751
0
5.055
0.021
1.166
4.837
0.015
0.127
0.209
0.142
1.245
0.241
0.738
0.238
0.12
0.014
2.369
0.185
0
0.046
0
0.366
0.043
0.021
2.026
0.593
3.797
0.438
0
5.309
3.323
13.077
2.994
6.619
0.383
4.491
36.264
2.802
0.021
1.415
0.438
8.255
3.51
0.103
0.058
4.873
2.827
0
0.021
2.287
7.614
4.264
4.59
6.626
0.227
0.319
0.017
0.23
2.312
7.554
2.953
0.11
0.168
0.188
7.567
9.804
0.129
7.108
1.538
14.905
14.262
6.259
2.826
1.577
2.953
4.024
8.06
0.391
1.278
0
2.244
6.176
0
8.065
0
2.56
9.776
1.487
0.1
0.434
0.493
3.145
4.345
0.427
0.142
1.277
4.089
0.282
0.879
0.115
0
0.136
1.837
0.651
0.084
1.317
0.637
0.941
0.086
0.984
0.422
0.425
0.597
1.49
0.041
2.519
3.529
0.007
0.16
0.307
0.7
1.42
0.096
0.084
0.576
0.18
0.01
0
0.112
0
0.124
0.199
1.298
0.082
0
0
0.003
0.747
0.072
0
0.038
0.007
0
0.01
0
0
0
0
0.045
0.079
0
0.048
0
0
0.017
0.021
0
0
0
0.168
0.021
0
0.079
0.065
0
0.048
0
0
0
0
0.021
0
0
0.007
0.048
0.01
0
0.017
0
0
0
0
0
0
0
0.01
0
0
0
0
0
0
0
0
0
0
0
0
0.156
0.218
0.007
0
0
0.06
0
0.055
0.11
0.142
0
0
0
0
0
0.252
0.045
0.007
0
0.024
0.027
0.041
0
0.117
0
0
0
0
0
0
0
0
0
0
0
0
0
0.051
0.003
0
0
0
0
0.051
0
0.481
0.154
0
0
0
0
0.748
0.163
0.748
3.857
1.062
0.048
0.774
0.053
0.481
0.245
0.014
0
0.594
0.046
0.003
0
0.101
0.985
0.1
0.22
0.018
0.014
14.207
45.545
43.739
0
2.02
0.189
0
0.003
0
0
0
0.345
0.149
0
0.199
0.014
0
0.302
2.676
0
1.834
0.216
0.003
1.732
0.275
0.021
0
0.003
0.065
0
0.026
0
0
0
0
0
0
0
0
0
0
0
1.545
0
3.035
0.014
0.098
3.639
11.357
0
0
0
0
3.572
0.007
0
0
0
0.096
2.455
9.903
0.23
0
6.18
0
1.533
0
0
0
0
0.96
3.953
1.902
2.661
0.539
0
0.058
20.721
3.622
3.071
0.978
0.421
39.535
8.187
5.947
1.277
0
5.037
11.453
8.103
4.333
8.386
0.75
0.373
15.353
6.848
13.355
0.103
7.787
9.579
5.594
3.993
0.148
0.141
1.754
0.501
6.849
0.306
0.038
0.278
2.97
0.539
1.612
4.817
1.004
0.027
0.206
0.021
0.01
7.366
3.141
1.631
0.553
0.681
0.007
0
0.065
2.348
1.892
1.118
2.051
0.264
0.139
0.106
1.784
5.774
0.687
0.039
2.236
2.506
0.014
0.23
1.574
1.033
0.021
8.934
4.312
0.172
1.193
0.627
0.326
0.386
0.118
0.01
0.079
2.649
0.941
0.427
0.877
0.027
7.946
4.532
5.786
3.701
4.219
9.582
0.728
4.994
0.24
0.779
0.01
6.54
0.185
0.517
5.829
3.365
0.829
0.579
0.079
2.024
1.602
0.12
0
0.643
0.98
2.671
0.29
1.033
0.932
0.41
3.147
0.017
0.501
1.732
3.742
0.084
28.636
3.035
1.253
11.402
0.455
1.239
0.192
0.227
0.045
0.093
0.003
0.383
0.027
0.01
0.045
0.072
2.135
0.221
0.13
0.148
0.158
0
0.065
0.072
0.522
0.127
0.034
2.026
0.381
0.089
0.051
0.007
0.954
0.227
0.996
0.244
1.796
0.312
0.124
4.944
0.529
1.224
0.27
4.065
0.508
0.055
0
0.172
1.275
0.179
0.041
0.007
0.081
0.027
0.146
0.058
0.01
0.007
0.003
0.017
0.137
0
0.172
0.07
0
0.007
0.003
0.003
0
0.034
0.319
0.051
0
0.003
0
0.007
0
0
0
0
0
0
0
2.508
0.683
0.463
0.182
0.038
0.172
0
0
0
0
0
0
0
0
0
0
0
0
0.029
0.496
0.036
0.007
0.142
0.197
0.11
0
0
0
0
0
0
0
0
0
0
0
0
0.086
0
0
0
0
0
1.037
0.076
0
0
0.089
0.17
0
0
0
0.01
0
0
0.347
0.482
0.043
0
0.724
0.024
7.908
27.28
6.267
10.276
1.622
0.026
0
0
0.405
0.003
0
0
0
0
0
0.335
0.748
0.288
0.038
0
2.051
0.132
0
0
0.397
0.022
0
2.414
0.553
0.024
2.791
4.322
0.36
8.459
3.117
0.46
0
0.1
0.209
0.591
10.863
0.336
8.604
0.453
0.182
0.017
0
0.676
0.934
0.175
2.994
0.196
0
0.378
0.573
0.106
0.01
0
0.206
0
0.529
0
0
8.837
0.282
8.679
4.413
0
0
0.043
0.982
0.076
0.247
0.711
1.095
0.172
2.22
0.175
0.838
0.055
0.151
0
1.614
0.017
0.007
0.443
0.058
0.007
8.689
5.929
0.343
0.621
0
0
5.661
5.507
0.027
0
0
5.56
1.233
1.778
0.518
5.483
6.557
1.291
0.385
0
0.251
0.831
0.573
3.337
1.569
0.027
1.796
12.875
15.288
10.476
3.603
0.01
0.999
0.024
0
0
9.318
7.957
0.807
0.047
1.594
0
0.118
12.583
0.52
3.916
11.572
2.963
6.851
12.528
0.91
2.089
0.021
0.436
9.241
3.466
10.549
0.913
1.166
0.359
4.189
0.254
4.213
9.747
2.747
3.869
0.137
0
10.449
0.553
2.781
9.057
1.698
0.402
10.207
9.15
11.989
8.995
7.766
11.292
0.407
0
1.411
12.195
9.675
0.096
0.105
0.867
0.089
0.302
0.082
0.596
2
15.702
3.517
3.574
1.701
0.027
1.773
2.062
1.083
0.003
0.848
0.007
0
0.496
1.016
1.408
1.629
9.386
0.139
0.096
0.017
11.12
1.071
0
1.856
0.024
3.663
6.03
0.014
2.005
3.148
3.739
8.023
11.884
11.516
7.004
2.718
6.172
0.041
2.032
3.119
5.344
0.045
1.856
0.058
0.963
0.038
5.062
0.046
0
1.751
0.441
0.058
0.031
0.491
1.627
0.235
0.46
0.139
0.007
0.01
0.192
2.956
6.767
6.063
0
0.371
3.584
1.294
0.264
0.089
0.257
4.219
0.185
0.319
0.069
0.034
0
0.014
0
0
0.014
0.021
0
0.235
0.007
0.082
0.443
0.034
0
0.014
0.003
0
6.736
5.449
0.072
0
0.324
0.137
0.031
0.106
0.113
0.027
0.038
0.031
0.051
0
0
0.093
0
0.034
0.007
0
0
0
0
0
0
0
0
0
0
0
0
0
0.048
0
0.031
0.003
0
0
0.072
0.714
3.512
0.014
0
0
0
0
0
0.01
0.398
0.058
0.254
0.256
0.034
0
0.003
0
0
0
0.003
0
0
0
0.007
0
0
0
0.048
2.218
0.982
0.18
0.017
0.312
0.089
0.409
0.225
0
0
0
0
0.007
2.558
0.251
0.034
0.055
0.027
0
0.199
0.024
0.003
0
0
0
0
0.007
0
0
0.062
0
0
0
0.117
0
0
0
4.704
0.367
0.014
0.021
0.007
0
0
0.003
0
0
0.062
0.501
0.007
0
0
0.12
0
0.161
1.481
4.999
0.415
0
0
0.694
0.096
0
0.007
5.617
0.257
0.175
0.22
0.055
6.952
0.151
1.837
0.134
0.021
0.003
4.937
0.021
0
0
0.175
0.017
0
0
0.685
3.172
3.304
0.062
0.014
0.031
0
0.735
3.843
0
0
0
1.202
1.639
0
1.27
0.108
0
0
0
0
0
0.24
0
10.332
2.398
6.487
0.97
7.423
18.819
1.579
5.418
3.718
3.601
7.587
6.695
9.661
1.631
11.982
14.715
0.33
8.147
0.007
0
0.33
0.01
0.021
9.5
2.194
0.319
12.372
0.275
31.181
0.179
0
1.253
7.519
6.231
0.007
0
0
0.003
0
0
0.014
0
0.051
0.014
1.534
0
0.302
11.414
0.393
0.925
6.828
14.66
12.15
2.129
6.717
4.999
0.051
0.041
0.048
1.607
2.443
0
1.052
3.535
4.104
0.003
0
2.111
0.433
0.522
0.752
8.95
0.343
0.031
1.631
8.233
1.885
17.599
3.938
4.197
2.465
9.318
1.404
0.113
6.468
0.158
3.114
5.562
0.134
0.027
0.611
0.755
0.264
6.26
8.466
0.144
0.01
0.465
0.606
47.397
4.255
12.765
20.56
6.509
14.56
10.295
4.639
2.293
8.581
5.957
0.257
3.006
1.291
0.788
15.133
2.645
0.544
24.273
3.023
0.137
0.323
4.18
10.131
0.093
0.898
16.71
1.596
2.647
0.141
0.797
0
0.862
3.869
0.676
0.175
0.055
0.062
0.539
0.385
11.419
2.23
6.636
7.114
0.295
0.055
3.931
0.457
0.048
0.003
0
1.342
0.041
0.292
0
0.093
4.449
2.173
1.487
0.719
0.048
0.017
0.01
0
0.22
7.531
1.172
0.106
0.094
0.087
0.933
0.147
0.01
1.586
0.968
0.493
0.158
0
0.048
0.027
0
0.809
0.036
0
0.038
0.01
0.024
0.134
0.596
0.069
0.101
0.113
0.142
0.017
0
0.077
0
0
0
0
1.477
0.098
0
0
0
0.01
0.1
0.106
0.034
0.429
0.033
0.007
0
0.082
0.242
0
0
0
0
0
0
0
0
0.103
0.007
0.017
0.28
0.578
0
0
0
0
0
0.216
0.227
0
0
0
3.569
10.511
1.298
0.137
0
0
0
0
0
0
0
0
0
0.522
0.076
0.003
0
0
0
0
0
0
0
0
0.089
0.611
0.127
0.014
0
0
0.01
0.161
0.014
0.714
0.055
0
1.751
2.341
5.387
1.521
2.338
0.518
2.76
3.648
47.454
0
0
0
0
0
0
0
0
0
0
1.099
0.647
0
0
0.245
0.821
0.093
0
0
0.01
0
0
0
0
0.759
0.108
0.556
22.27
3.789
0
0
0.364
0.12
0.172
0.036
0
0.505
0.029
0.209
0
0
0.62
0.482
1.354
0.118
0.041
0.041
0
0.264
0.079
0
0
0.699
3.756
0
0.036
0.237
0.089
0
0
0.003
0.33
15.295
0.027
0
0
9.63
2.065
0.062
0.117
10.255
0.827
0.038
0
7.515
2.798
0
0
0.793
3.437
0.134
4.868
0.728
0.007
0
0.333
2.111
4.501
0.11
0
1.003
0.982
1.143
0.034
1.342
0.076
4.396
4.048
4.395
10.942
6.128
0.398
3.522
4.024
1.857
0.275
0
0.148
0.18
10.363
0
0
0
0
6.393
29.481
7.89
1.497
5.641
1.48
1.444
0.419
0.518
11.795
7.728
6.48
6.721
78.056
18.661
0.051
5.261
3.292
9.206
4.092
1.78
4.333
3.983
1.279
12.401
1.054
4.81
1.461
0.106
0
0.536
11.942
4.542
3.783
13.937
0.149
8.52
0.076
0.01
0.463
7.882
0.01
1.249
0.106
7.443
2.366
0.014
0.01
5.69
0.172
1.004
0.13
2.305
14.409
1.401
0.22
8.066
6.072
3.766
2.525
3.14
11.034
4.398
2.602
1.531
4.534
13.716
12.269
0.653
0.754
0.003
3.563
6.07
0.354
0.045
0.197
4.317
7.685
2.287
3.514
13.158
2.769
3.976
8.552
1.086
5.352
4.562
0
4.031
8.556
0.7
7.678
2.451
0.108
1.433
0
2.614
2.044
1.828
4.365
88.783
17.935
2.649
0.093
2.802
2.484
4.836
0.908
0.333
0.742
2.785
2.856
3.143
0
0
0.451
1.516
0
1.311
0.18
0.048
0.18
0.431
0.869
5.596
0.158
0.027
0.021
2.386
1.286
0.021
0.007
0.277
0.027
0.014
0.048
0
0.069
0.228
0.058
0.165
0
0.199
0.041
0.146
1.694
0.007
0
0.055
0.082
0.017
0.031
0.041
0.034
0.031
0.082
0.065
0.105
0.12
0.106
0.003
0
0
0.003
0.051
0.003
0.017
0.021
0.151
0.591
0.108
0.007
0
0.01
0
0
0
0
0
0.01
0.065
0.003
0.01
0.007
0.003
0.003
0.082
0.027
0
0.079
0
0
0
0
0
0
0
0
0
0
0
0
0
0
0
0
0
0
0
0
0
0
0.017
0
0.045
0.216
0.007
0
0
0
0
0
0.263
0.209
0
0.055
0.014
0.738
0.082
0.264
1.82
0
0
0
0
0
0.048
0
0.508
0
0.014
0.024
0
1.658
0.117
0
0.673
0.12
0.003
1.167
0.041
0.13
0.007
0.347
0.264
0
0
0.474
1.349
0.096
0.79
0
0
0
0.003
0.024
25.622
10.114
0.069
1.14
0.179
0.003
0.017
0
0.127
0.093
0.007
0.247
0.021
0.088
0.01
0
0.158
0.045
0.256
0.034
0.831
1.064
0.093
0.067
1.535
5.028
0
0
0
0
0
0
0
2.927
3.545
0.323
0.5
0.01
0
0
1.723
2.319
0
0
0.148
26.474
4.518
16.316
0.373
6.015
0.711
0
0
2.053
0
0
0
0.014
7.117
5.778
5.751
0
0
3.672
0
0
0.288
5.555
0
0
3.545
13.527
18.085
0.251
4.858
12.604
2.441
4.815
22.036
0.53
3.198
3.799
4.573
5.45
2.266
0.05
1.287
5.91
1.382
2.885
0.072
0.807
0.759
2.609
5.715
1.025
0.271
21.065
12.691
3.934
0.394
1.262
1.063
2.86
4.705
4.698
1.061
1.921
0.453
0.024
1.578
8.264
7.11
1.976
3.217
9.386
1.931
0.065
7.436
14.17
2.07
0
0.364
7.047
0.497
2.407
1.936
8.595
4.113
4.446
7.12
5.227
0.331
0.117
0.003
0.206
0.336
0
0.072
4.647
0.1
1.536
0
0.021
0.326
5.438
2.235
0.007
0.137
4.3
0.755
0.148
0.11
0.007
0.003
0.079
0.216
2.513
0.014
11.774
1.741
0.821
17.523
4.815
1.505
7.507
6.933
3.339
0.124
8.762
1.557
0.343
4.772
0.319
5.457
6.636
1.219
0.199
9.809
0.003
0
4.467
0.698
1.208
18.105
8.37
1.392
1.542
8.473
12.088
14.667
9.97
1.095
6.224
0.198
7.92
8.823
4.681
2.85
6.643
0.168
0.45
8.672
2.074
4.686
2.405
1.905
0.501
0.319
4.099
3.591
3.138
0.34
1.203
7.127
0.079
1.167
1.076
0.508
0.206
3.866
0.209
0.003
1.789
0.292
4.834
6.916
0.01
0
1.217
5.35
0.172
0.017
0.168
0.103
0.476
0
0.106
0.172
0.115
0.031
0.1
0.031
0
0.017
0.048
0.113
0.076
0.142
0.151
0
0
0.003
0.031
0.027
0.11
0.573
0.041
0.062
0.062
2.379
0.316
0.027
0.021
0.017
1.081
0.103
1.263
0.089
0.12
0.179
0.072
0
0.041
0.127
0.175
0.282
0
0
0
0.041
0.014
0
0.01
0.007
0
0.233
0.069
0
0
0
0.089
0.024
0.244
3.759
0.103
0.041
2.142
0.285
0.089
0
0
0
0
0.364
0
0
0
0
0
0
0
0.271
0.062
0.034
0.021
0
0.041
0.248
0
0.052
0
0
0.027
0
0
0
1.505
0.226
0
0.003
0.098
0.363
0
0
0.108
0.015
0.12
0.007
0
0.011
0
0.011
0
0
0.003
0.003
0.513
0.845
0.003
0
0.433
15.549
1.538
1.703
0.196
0.014
0
0.027
0
0
0
0
0
0
0
0.045
0.069
0
0.151
0.031
0.378
0.11
0.024
0.161
0.542
2.238
0.045
0.92
0.05
0.282
0.031
0.007
0
0
0
0.003
0.051
0.003
0
0.215
0
0.003
0
0.067
0.007
0
0
0
0.069
6.825
7.066
6.065
0.357
3.816
0.697
0.599
0.747
0.573
0.288
0
0
0
0
0
0
0.062
0.01
0
2.057
0.438
0.062
3.438
0.984
1.361
0.606
0.729
0.079
1.79
6.156
0.085
5.146
0.034
0.055
1.411
0.051
0.927
0.076
0.062
0
1.703
2.314
5.596
0.357
1.837
4.25
0.527
0.027
33.622
3.251
2.122
0.762
5.96
5.854
0.151
0
3.522
22.903
30.307
1.219
2.941
5.474
0.003
1.902
0.065
0.055
1.068
2.468
0
0
0.403
1.538
12.293
3.964
16.253
5.54
3.163
1.003
7.195
5.264
8.284
0.745
26.71
12.881
2.269
10.937
2.417
8.561
0.3
6.005
0.318
1.58
4.594
0.093
0.031
0.22
13.075
8.542
4.573
5.958
6.815
3.021
5.661
1.62
0
4.453
0.271
1.485
2.465
3.764
2.235
0.644
0.997
4.801
15.302
12.96
0.148
0.326
0.25
0.627
0.978
2.414
0.474
0.01
10.717
19.667
0.699
8.823
5.964
8.599
10.178
8.106
12.547
155.498
5.878
6.211
0.419
5.007
1.626
5.609
12.406
3.142
3.486
0.817
7.954
10.514
11.625
7.009
7.97
2.729
2.462
16.169
6.518
0.47
11.737
1.593
4.113
2.772
8.921
10.843
6.091
16.713
12.531
1.363
2.328
9.695
6.539
6.065
10.695
8.702
9.651
3.854
0.809
0.381
0.973
1.356
1.806
5.73
4.712
0.01
7.869
0.76
2.613
3.742
0.512
0.093
2.932
0.278
0.146
0.027
0.163
1.353
0.022
1.282
0.338
0.743
0.227
0.096
0.021
0
0.244
0.197
0
0.072
0.175
0.017
0
0
0
0
0
0.53
0.033
0
0
0
0.058
0.081
0
0
0
0
0.038
0.106
0.017
0
0
0
0
0
0
0
0
0.034
0
0.021
0
0
0.027
0.003
0
0
0
0
0.014
0
0.027
0
0
0.045
0.161
0
0
0
0
0
0
0
0
0
0
0
0
0
0
0
0
0
0
0
0
0
0
0
0
0
0
0
0
0
0
0
0.029
0
0
0.045
0
0
0
0
1.945
51.68
8.027
0
0
0
0
0
0
0.096
0.561
0.072
0.244
0
0.213
0.074
0
0
0
0.003
0
0
0
0
0
0
0
0
0
0
0.23
0.082
0
0
0
0
0.053
0
0
0.003
0
0
0.082
0
0.079
0.024
0.007
0
0
0
0.709
0
0
0
0.058
1.967
0.144
0.221
0.033
0.07
0.058
0.285
0.294
0.462
0.141
0.011
0.256
2.484
1.126
0.051
0
0
0
1.598
0.176
0
0.039
1.85
0.623
1.543
0.239
0.576
0
7.694
0.01
0.244
0.172
0.196
0
0
0.103
2.218
10.955
0.196
0.92
0.419
2.18
3.231
0.003
0.891
0.065
0.189
0
0
0
0
0
0.003
0.257
0.282
0
0.096
0
0
10.616
5.217
7.896
1.152
1.102
3.495
4.034
0.463
0
0.652
6.262
0.944
2.146
0.014
0.003
7.206
6.908
4.027
15.388
1.413
2.19
4.628
16.152
22.041
11.508
8.985
0.512
8.315
0.233
0.017
0.597
0.668
1.83
10.646
0.886
1.306
1.969
0.086
0
0.01
3.583
4.652
0
1.166
7.591
4.903
10.47
2.942
8.106
3.509
4.372
4.516
0.309
4.671
30.199
10.819
4.631
9.531
0.409
0.003
0.014
2.024
3.498
0.434
0.657
0.348
0.043
2.594
1.969
9.57
21.659
13.573
6.43
9.11
5.222
1.263
2.549
10.902
0.297
8.077
19.484
6.551
0.791
3.902
9.344
2.614
17.113
22.477
3.847
10.71
21.708
6.624
2.345
5.206
22.905
49.191
5.206
16.679
8.889
11.601
7.333
0.244
9.67
1.863
5.129
2.848
9.11
3.3
3.242
0.247
0.117
0.209
3.093
5.872
0.397
4.013
1.631
0.501
3.905
0.239
1.124
1.883
6.832
0.137
0.687
3.722
0.374
6.678
1.727
4.154
1.274
3.468
0.484
3.838
0.354
0.357
1.329
3.164
1.524
7.416
3.965
3.001
1.404
3.526
0.354
1.844
0.151
3.96
0.39
1.071
0.182
0.172
2.223
7.49
0.834
0.666
1.322
0.869
0.172
0.048
0
5.776
1.555
0.318
0.027
0.101
0.1
5.967
0
0
0.031
0.084
3.744
0.065
0.07
0.045
0.575
2.168
3.754
0.647
0.031
0.01
0.065
0.875
1.581
0.978
0.072
0
0.031
0.003
0
0.021
0
0.233
0.045
0.017
0.318
0.025
0.014
2.223
0
0
0.376
0
0
0
0
0
0
0
0
0.038
0.807
0.045
0
0
0
0
0
0
0
0
0
0
0
0
0
0
0
0.112
0
0
0
0
0
0
0
0
0
0
0
0
0
0
0
0
0
0
0
0
0.015
0.13
0.018
0
0
0.126
0
0
0
0
0
0
0.18
0
0
0
0
0
0.007
0.036
0
0.782
0.148
0
1.332
0.093
0
0.024
0.132
0
0
0
0
0.216
4.513
0.357
0
0
0.36
0
0.939
0.132
0.292
0.245
0.026
0
0.007
0.024
0
0
0.007
3.128
0.942
72.227
9.649
3.687
0.282
0.141
0
1.354
0.05
0
0
0.065
0
0
0.046
0.294
0.069
0
0.014
0.122
0.01
0
0.151
0.136
0.941
0.216
0.027
0.053
4.065
0
0.221
0.223
0.457
0
0.048
0.168
0
0.017
0
1.61
0.127
0
0
0
17.08
0.264
0.683
2.134
0.021
2.98
0.594
0.505
0
0
0.288
0.615
6.056
0.254
0.343
2.053
0.772
0.072
0.336
0.048
0.017
1.672
0
0.175
4.525
0.879
0
1.493
12.452
0.917
2.201
3.33
5.617
0
3.045
10.605
0
0
0
1.504
0.127
3.066
2.287
2.829
2.156
0.875
10.65
4.268
72.936
20.953
2.657
0.113
6.464
1.713
2.514
5.343
0.409
0.215
0
0.414
5.589
3.969
7.567
6.849
1.462
0.184
9.723
5.491
1.212
5.224
24.649
46.639
1.512
4.364
8.327
0.918
0.534
4.029
8.391
13.798
8.705
6.517
2.918
1.959
1.919
1.08
16.154
3.899
0.371
0
6.802
11.592
9.453
6.53
6.151
4.461
2.353
1.327
0.319
3.013
0.057
3.147
1.406
0.438
4.35
14.725
1.047
9.756
10.534
1.052
0.154
16.589
14.396
10.705
10.473
3.258
3.018
0.206
4.429
7.725
10.155
6.884
1.301
0.343
2.85
4.875
0.323
3.045
12.205
8.593
0.154
4.772
2.99
16.03
11.069
10.952
6.561
2.805
0.038
10.353
1.308
8.161
6.949
5.423
3.831
2.108
6.389
0.027
0
4.868
6.336
3.42
0.118
0.017
4.03
1.535
5.752
1.777
1.718
0
2.371
0.079
0.278
1.167
1.857
0.273
0.426
0.357
0.407
6.221
4.82
1.451
0.041
1.427
0.395
0.017
0
0.079
0
0
0.24
0.572
0.137
0.086
0.031
0.46
0.046
0.153
0.058
0
0
0.117
1.95
0.014
0.074
0.034
0.069
0.045
0.088
0.014
0.017
0.021
0.1
6.353
6.873
7.998
2.558
5.126
0
0
0
0.034
0
2.159
0.065
0.007
0
0.549
0.045
0
0.021
0.003
0.017
0.014
0.103
0.113
0.233
0
0
0
0.154
0.11
0
0.173
0.027
0
0
0
0
0.003
3.486
0.757
0.151
0
0.027
0.014
1.461
0.486
0
0
0
0
0
0
0
0
0
0
0
0
0
0
0
0.017
0
0
0.01
0
0
0
0.13
4.151
0.371
0.055
0
0
0
0
0.01
4.395
0.45
1.131
0.141
0.014
0
0
0
0
0
0.106
0
0
0
0
0
0.045
0
0.264
0.038
0.041
0.079
0
0.33
0.431
0.027
0
0.893
0
0.031
0.409
0.141
0
0
0
0.154
0.148
0.021
0
0
0.886
1.14
0
0
1.178
7.855
1.102
0.79
2.036
0.779
0.112
0.769
0.045
0
0
0
0.007
0.021
0
0.062
0
0.244
0.034
0.007
0.992
5.081
0
0
0.048
0.168
2.585
0
0
0
0.814
1.744
0
3.941
4.346
12.548
8.271
4.175
6.236
12.984
1.524
1.25
0.124
0.045
0.007
0
0.563
0.141
1.607
0.007
0
0
0
1.081
1.588
0.103
0
1.054
5.318
51.193
0.117
1.225
0.065
1.229
1.746
2.851
0
0.034
0.076
3.326
0.154
6.94
6.921
5.929
0.494
2.326
4.53
1.078
1.021
2.314
7.641
1.118
7.706
2.666
8.099
5.351
3.37
0.175
15.214
3.097
0.802
1.538
2.551
0.711
5.153
4.262
3.734
4.743
8.525
3.014
4.115
1.62
0
2.149
3.543
0.191
0.15
3.401
3.103
0.354
6.259
18.246
2.181
3.353
0.148
1.271
0.306
0.968
2.432
0.5
0.632
8.793
1.039
8.157
10.713
7.786
4.062
4.57
6.981
3.538
1.784
0.354
0.098
8.424
15.556
6.981
8.619
10.832
3.577
9.735
4.326
16.026
5.593
6.167
5.277
2.427
2.913
6.772
1.064
14.56
3.136
8.477
3.68
3.368
0.137
9.074
0.886
8.789
8.343
2.228
2.999
6.104
3.674
5.898
0.917
7.121
12.797
12.84
27.009
0.103
0.134
6.123
6.427
7.639
0.546
4.255
0.014
0.113
1.164
5.665
3.825
4.062
2.029
5.064
8.017
0.093
6.187
6.77
49.632
0.048
9.843
3.143
2.232
0.354
0.738
3.224
7.378
3.483
0.148
0.058
0.58
0.185
3.337
6.767
17.928
5.296
0.033
1.672
0.154
0.096
1.013
10.914
12.13
6.619
4.528
3.001
4.822
0
0.024
0.038
1.954
0.402
2.412
0
0.335
0.038
0.192
0.906
1.966
0
0.034
0.094
0.007
0
0
0
0
0
0
0
0.055
0.096
0.088
0.158
0
0
0.148
0.076
0.014
0.058
0.072
0.124
0.089
0
0
0.103
0
0.051
0.007
0.024
0.069
0.024
0.014
0.034
0.137
0.024
0.021
0.22
0.021
0
0.051
0.027
0
0.007
0.177
0.058
0.021
0.065
0.089
0
0
0.007
0
0
0.354
0.045
0.027
0.12
0.021
0.007
0.003
0
0.014
0.089
0
0
0.041
0
0
0
0
1.016
0
0.01
0.1
0.208
0.038
0
0.01
0
0.027
0.203
0.065
0.055
0.003
0.756
0.125
9.716
9.253
5.663
0
0
0.506
1.093
0.182
0.506
0.189
1.49
0.172
0.01
0.154
0
0
0.476
0.103
0
0
0.141
0.34
0.024
0.477
0.886
11.549
1.497
0
3.088
0
0.364
0.591
0.045
0
2.386
2.434
0.154
0.01
0
0
0.007
0
0
0.003
0.003
0
0.731
0.062
0.01
0
0.026
0
0.11
0.014
0
0.01
0.01
0
0.07
0.026
0
0.127
0.007
0.007
0.034
0.003
0.215
0.153
0.882
0.103
0.084
0.875
0.414
0.029
0.082
0
0.412
2.093
5.945
38.672
0.007
0.611
0
1.164
6.19
6.355
0.913
0.065
3.9
0.076
2.685
0.034
0.007
0.282
0
0.045
3.756
5.431
1.301
0.244
0
0
0
0.003
1.778
0.158
0.275
0.151
4.968
1.116
4.089
1.732
10.068
2.002
3.219
6.223
9.577
1.842
0.687
1.688
7.11
3.847
3.332
1.681
13.783
0.206
1.337
1.888
2.196
1.543
8.041
3.674
0.592
0.249
4.964
0.697
1.214
0.088
0.058
16.97
10.152
0.317
6.415
0.481
5.366
7.389
2.478
9.459
7.428
0.4
0.041
1.531
3.322
6.592
6.041
2.281
0.491
0.089
0
0.017
0.098
0.014
0.003
0.021
0.021
11.328
0.338
0
0.112
1.021
0.199
0.007
1.222
0.127
0.13
0
2.362
5.486
7.965
7.203
6.52
3.272
3.646
3.296
5.411
3.677
7.215
5.37
0.47
2.709
22.532
4.59
5.771
4.745
7.189
5.836
2.723
12.73
0.233
1.425
0.484
1.552
0.621
8.58
2.987
6.963
6.695
4.511
1.064
8.92
4.185
11.01
1.954
8.315
7.131
11.992
11.328
11.398
13.17
1.614
2.568
1.517
5.639
17.039
3.093
8.257
1.627
5.071
15.983
1.911
5.617
7.711
4.067
7.007
4.578
9.4
5.701
23.943
4.195
2.893
5.358
0.122
0.094
8.289
0.445
2.496
0.256
1.841
0.7
0.412
1.121
0
0.309
1.463
4.216
15.02
6.044
1.112
0.836
1.59
2.769
4.401
0.117
6.097
0.179
0
2.329
1.768
0.082
0.124
0.048
0
0
0
0.707
5.033
0.148
0
1.36
3.636
0.13
0.086
0.072
0.12
0.034
0.045
0.151
0
0.048
0.154
0.024
0.144
0.103
0.045
0.22
0
0
0.117
0.13
0.024
0.051
0.141
0
0
0
0
0
0
0.017
0
0
0.021
0.278
0.055
0.017
0
0
0.072
0
0
0.082
0.01
0.089
0
0
0
0
0
0
0
0
0
0
0
0
0
0
0
0
0
0
0
0
0
0
0
0
0
0
0.003
0
0.007
0
0
0
0
2.041
0.192
0
0
0
0
0
0.026
0.093
0
0.52
0.12
0
0
0
0
0
0
0
12.693
3.061
0
0
0
0.062
2.637
0.002
0
0
0
0
0
0
0
0
0
0.002
0.002
0.002
0
0
0
0
0
0
0
0
0
0
0.002
0.002
0
0.002
0
0
0
0.002
0
0
0
0
0
0
0
0
0
0
0
0
0
0
0
0
1.325
0.096
0
0
0
0
0.002
0
0
0
0
0
0.256
0
0
0
0
0
0
0
0
0
0
0
0
0
0.003
0.072
0
0
0
0
0
0
0
0
0
0
0.494
0
2.534
0.233
0
0
0.027
0
0
0
0
1.555
0
0.148
0
0.264
0
4.631
2.905
0
0
1.02
0.357
1.687
8.087
0.718
0
0.141
2.786
0.148
2.455
0.003
1.557
3.241
0.007
0
5.617
0
0.065
1.545
0.003
0.158
1.89
0.112
2.561
0.192
25.632
20.62
2.659
2.937
0.144
0.141
0.239
0.069
12.95
0.062
0.038
0.076
0.934
0.096
0.165
0.024
0.124
0
0.058
0
0.007
0.117
2.863
11.381
0.072
15.111
0.841
0.017
7.354
0.161
0
0
0
0
16.04
0.645
0.003
0.062
0
0
0.003
0.007
0
25.248
1.504
0.707
2.757
9.187
10.931
4.47
1.473
0.009
4.479
12.315
10.221
0.742
0.045
0
3.934
0.374
6.257
9.364
2.927
0.134
0.69
1.425
0.1
23.298
17.267
13.678
3.945
2.3
13.263
1.758
1.384
7.811
0.824
0.01
2.194
6.063
30.83
30.525
10.427
35.67
0.058
0.014
0.01
0.01
0
1.909
6.369
15.746
5.442
0
7.32
5.811
0.378
0.003
0.079
0.069
0.003
0.007
0
0
3.617
0.45
0.783
0.01
1.414
0.076
0
0.002
0
2.52
0.024
0.002
0
0
0.199
0
0
0
0
0
0
0
0
0
0
0
0
0
0
0
0
0
0
0
0
0.002
0
0
0.01
0
0
0
0
0
0
0
0
0
0
0.002
0
0
0
0
0
0
0
0
0
0
0
0
0
0
0
0
0
0
0
0.003
0
0
0
0
0
0
0
0
0
0.003
0
0
0
0
0
0
0.002
0
0.002
0
0
0.007
0
0
0
0
0
0
0.003
0
0
0
0
0
0
0.003
0
0
0
0
0
0
0
0
0
0
0
0.002
0
0
0
0
0
0
0
0
0
0
0
0
0.002
0
0.192
0.01
0.11
0.009
0.002
0
0
0.18
0.017
0
0.081
0
0
0
0
0.002
0
0
0
0
0
0
0.017
2.582
0.501
0
0
0
0
0
0
0
0
0.367
0
0
0.096
0
0.209
0
0
2.321
1.744
2.149
0.276
0
5.328
2.242
0
0
0
0
0
0
0.007
0
0
0
0
0
0
0
0
0
0
0
0
0
0
0.002
0
0
2.951
2.424
9.998
31.647
0.021
0
0
0
0
0
0
0
1.047
0
0
3.572
11.848
20.012
0.433
27.541
0
7.04
0
0
0
0.003
13.959
0
0
0
0.036
1.727
0.11
19.985
0.065
16.964
35.113
0
0.017
12.195
3.268
0.948
7.392
0.065
0.127
1.332
6.338
0.189
0.01
0
9.115
17.726
15.913
0.041
0.002
0
1.784
1.318
0
0
14.087
1.167
0.707
6.818
1.667
0
0.05
0.154
0.436
8.123
17.393
13.493
0.433
0.309
1.785
3.873
0.24
0.017
4.192
2.153
8.882
3.437
0
2.252
0.261
0.009
0.319
0.659
0.027
0.058
1.057
0.062
0.024
0.003
0.021
0.077
0.154
7.79
12.754
0.474
7.32
11.124
0.23
0.13
0.017
0.01
1.593
1.636
0
0
0.048
0.793
1.586
2.922
0.168
7.071
28.817
2.218
0.457
0
0.021
4.575
15.051
0.175
0.299
5.953
9.174
0.134
0
13.692
22.337
1.178
3.522
8.871
0.014
0.007
5.957
17.602
0.034
0
0
0.022
0.254
0.429
0.079
0.01
0.06
0.003
0.003
0.01
1.191
1.507
0.766
0.007
0.034
7.155
0.391
0.003
0.319
5.661
0.01
0
1.016
0.002
0.055
0.003
0.261
0
0
0.002
0
0.051
0
0
0.005
0
0
0
0
0.031
0.021
0.002
0
0
0
0
0
0.002
0.003
0
0
0
0
0.002
0.007
0
0
0
0
0
0
0
0
0
0.003
0
0.182
0.034
0
0
0
0
0
0.002
0
0
0
0.003
0
0
0
0
0
0
0
0
0
0.002
0
0
0
0
0
0
0
0
0
0
0
0
0
0
0
0
0
0
0
0
0
0
0
0
0
0
0.05
0
0
0.002
0
0
0
0
0
0
0
0
0
0
0
0
0
0
0
0
0
0
0
0
0
0
0
0
0
0
0.158
0.007
0
0.003
0
0
0.027
0
0
0
0
0
0
0
0
0
0
0
0
0.002
0.002
0
0.247
0.017
0
0
0
0
0.103
0.017
0.002
0.07
0.01
0
0
0
2.046
0
0
0.003
0.364
0
0
0
0
0
0
0
0
0
0
0
0
0
0
0
0
0
0
0.051
0.479
0.062
0
0
0
0
1.229
0.203
0.003
2.057
0.003
0
0
0
0
0
0
0
0
0
0
0
0.048
0
0
0
0
49.706
0
0
0
0
0.002
0
5.952
6.025
1.061
0.113
0
0
0
0
0.294
0.072
0.548
3.627
0.009
0
0
0.005
0
0.263
0
0
0.566
1.181
2.965
0.151
0
0
0.415
0.015
0.021
0.139
0
0
0.311
0.045
0.002
0.003
0
2.994
0.522
4.092
11.489
1.095
6.211
12.713
0.419
0
1.823
10.135
3.809
0.12
2.949
0
6.08
1.59
11.091
0.196
4.501
0.373
2.479
1.42
6.585
0.343
0.029
0.237
0.086
0.261
0.093
0.007
0
0.01
0.141
0
0
1.212
0.003
0
0
0
0
0.003
0
2.3
0.718
0.196
0.062
0
0.158
0.017
0
11.144
7.112
2.335
0.1
0.014
3.025
20.757
31.234
0.311
7.179
7.206
0.148
0.01
2.733
13.839
0.058
1.267
5.624
0.101
4.429
0.209
0
10.434
0.893
0.034
0.158
0.072
2.163
0.017
5.023
0.992
20.702
16.71
0.512
0.23
10.303
0
0.031
0
0.031
0.742
3.382
7.289
0.554
2.304
0.213
0.494
6.709
0.34
0.026
0.003
1.401
2.084
5.074
0.003
0
0
0.007
0
1.435
0.007
0.199
0
0.36
1.198
0.196
0.002
4.336
0.041
0.045
0.094
0.033
0.072
0
0
0
0
0
0.002
0.024
1.462
0.005
0
0
0.936
0.002
0.007
0
0
0
0
0.185
0
0.057
0
0
0.007
0.002
0
0
0
0.002
0
0.134
0
0.014
0
0.002
0
0
0
0
0
0.003
0.002
0
0
0.002
0
0
0
0
0
0
0
0
0.002
0
0
0
0
0
0
0
0
0
0
0
0
0
0
0
0
0
0
0
0
0
0
1.318
0
0
0
0.002
0
0
0
0
0
0
0
0
0
0
0
0
0
0
0
0.055
0
0
0
0
0
0
0
3.299
0
0
0
0
0
0
0
0
0
0
0.089
5.002
0.939
0
0.002
0
0
0
0
0
0
0.003
0
0
0
0.385
0
1.224
2.359
0.048
0.007
0
0
1.777
0.707
4.371
0.412
0.031
0
0
0
0
0
0.251
0
0
0.003
0.002
0
0
0.117
0.385
0.106
1.061
0
0
0
0.065
0.024
0.137
0
0
0
0
0
0.086
0.058
0
0
0
0
0.288
26.69
0.669
0
0
0
3.694
0
0.63
16.663
0.153
0.35
0.031
0
0
2.4
2.491
0.045
0
0
0.113
0.021
5.067
0
0
0
0
1.208
0
0
0.985
0
0.002
0
0.237
0.031
0
1.258
3.545
0.148
0
0
2.372
0
0
0.412
0
0
0
3.746
10.945
0
0
0
0.021
0
0
0
0
6.789
4.202
17.233
16.244
0
0
0.439
13.865
0.115
0
0.072
0.103
1.102
3.464
0
0
2.07
0.007
0.436
2.079
10.269
0.865
0.055
0
0
0.021
0.089
6.173
11.57
0.007
8.521
0.041
0.093
8.384
1.099
-99
-99
-99
-99
-99
-99
-99
-99
-99
-99
-99
-99
-99
-99
-99
-99
-99
-99
-99
-99
-99
-99
-99
-99
-99
-99
-99
-99
-99
-99
-99
-99
-99
-99
-99
-99
-99
-99
-99
-99
-99
-99
-99
-99
-99
-99
-99
-99
-99
-99
-99
-99
-99
-99
-99
-99
-99
-99
-99
-99
-99
-99
-99
-99
-99
-99
-99
-99
-99
-99
-99
-99
-99
-99
-99
-99
-99
-99
-99
-99
-99
-99
-99
-99
-99
-99
-99
-99
-99
-99
-99
-99
-99
-99
-99
-99
-99
-99
-99
-99
-99
-99
-99
-99
-99
-99
-99
-99
-99
-99
-99
-99
-99
-99
-99
-99
-99
-99
-99
-99
-99
-99
-99
-99
-99
-99
-99
-99
-99
-99
-99
-99
-99
-99
-99
-99
-99
-99
-99
-99
-99
-99
-99
-99
-99
-99
-99
-99
-99
-99
-99
-99
-99
-99
-99
-99
-99
-99
-99
-99
-99
-99
-99
-99
-99
-99
-99
-99
-99
-99
-99
-99
-99
-99
-99
-99
-99
-99
-99
-99
-99
-99
-99
-99
-99
-99
-99
-99
-99
-99
-99
-99
-99
-99
-99
-99
-99
-99
-99
-99
-99
-99
-99
-99
-99
-99
-99
-99
-99
-99
-99
-99
-99
-99
-99
-99
-99
-99
-99
-99
-99
-99
-99
-99
-99
-99
-99
-99
-99
-99
-99
-99
-99
-99
-99
-99
-99
-99
-99
-99
-99
-99
-99
-99
-99
-99
-99
-99
-99
-99
-99
-99
-99
-99
-99
-99
-99
-99
-99
-99
-99
-99
-99
-99
-99
-99
-99
-99
-99
-99
-99
-99
-99
-99
-99
-99
-99
-99
-99
-99
-99
-99
-99
-99
-99
-99
-99
-99
-99
-99
-99
-99
-99
-99
-99
-99
-99
-99
-99
-99
-99
-99
-99
-99
-99
-99
-99
-99
-99
-99
-99
-99
-99
-99
-99
-99
-99
-99
-99
-99
-99
-99
-99
-99
-99
-99
-99
-99
-99
-99
-99
-99
-99
-99
-99
-99
-99
-99
-99
-99
-99
-99
-99
-99
-99
-99
-99
-99
-99
-99
-99
-99
-99
-99
-99
-99
-99
-99
-99
-99
-99
-99
-99
-99
-99
-99
-99
-99
-99
-99
-99
-99
-99
-99
-99
-99
-99
-99
-99
-99
-99
-99
-99
-99
-99
-99
-99
-99
-99
-99
-99
-99
-99
-99
-99
-99
-99
-99
-99
-99
-99
-99
-99
-99
-99
-99
-99
-99
-99
-99
-99
-99
-99
-99
-99
-99
-99
-99
-99
-99
-99
-99
-99
-99
-99
-99
-99
-99
-99
-99
-99
-99
-99
-99
-99
-99
-99
-99
-99
-99
-99
-99
-99
-99
-99
-99
-99
-99
-99
-99
-99
-99
-99
-99
-99
-99
-99
-99
-99
-99
-99
-99
-99
-99
-99
-99
-99
-99
-99
-99
-99
-99
-99
-99
-99
-99
-99
-99
-99
-99
-99
-99
-99
-99
-99
-99
-99
-99
-99
-99
-99
-99
-99
-99
-99
-99
-99
-99
-99
-99
-99
-99
-99
-99
-99
-99
-99
-99
-99
-99
-99
-99
-99
-99
-99
-99
-99
-99
-99
-99
-99
-99
-99
-99
-99
-99
-99
-99
-99
-99
-99
-99
-99
-99
-99
-99
-99
-99
-99
-99
-99
-99
-99
-99
-99
-99
-99
-99
-99
-99
-99
-99
-99
-99
-99
-99
-99
-99
-99
-99
-99
-99
-99
-99
-99
-99
-99
-99
-99
-99
-99
-99
-99
-99
-99
-99
-99
-99
-99
-99
-99
-99
-99
-99
-99
-99
-99
-99
-99
-99
-99
-99
-99
-99
-99
-99
-99
-99
-99
-99
-99
-99
-99
-99
-99
-99
-99
-99
-99
-99
-99
-99
-99
-99
-99
-99
-99
-99
-99
-99
-99
-99
-99
-99
-99
-99
-99
-99
-99
-99
-99
-99
-99
-99
-99
-99
-99
-99
-99
-99
-99
-99
-99
-99
-99
-99
-99
-99
-99
-99
-99
-99
-99
-99
-99
-99
-99
-99
-99
-99
-99
-99
-99
-99
-99
-99
-99
-99
-99
-99
-99
-99
-99
-99
-99
-99
-99
-99
-99
-99
-99
-99
-99
-99
-99
-99
-99
-99
-99
-99
-99
-99
-99
-99
-99
-99
-99
-99
-99
-99
-99
-99
-99
-99
-99
-99
-99
-99
-99
-99
-99
-99
-99
-99
-99
-99
-99
-99
-99
-99
-99
-99
-99
-99
-99
-99
-99
-99
-99
-99
-99
-99
-99
-99
-99
-99
-99
-99
-99
-99
-99
-99
-99
-99
-99
-99
-99
-99
-99
-99
-99
-99
-99
-99
-99
-99
-99
-99
-99
-99
-99
-99
-99
-99
-99
-99
-99
-99
-99
-99
-99
-99
-99
-99
-99
-99
-99
-99
-99
-99
-99
-99
-99
-99
-99
-99
-99
-99
-99
-99
-99
-99
-99
-99
-99
-99
-99
-99
-99
-99
-99
-99
-99
-99
-99
-99
-99
-99
-99
-99
-99
-99
-99
-99
-99
-99
-99
-99
-99
-99
-99
-99
-99
-99
-99
-99
-99
-99
-99
-99
-99
-99
-99
-99
-99
-99
-99
-99
-99
-99
-99
-99
-99
-99
-99
-99
-99
-99
-99
-99
-99
-99
-99
-99
-99
-99
-99
-99
-99
-99
-99
-99
-99
-99
-99
-99
-99
-99
-99
-99
-99
-99
-99
-99
-99
-99
-99
-99
-99
-99
-99
-99
-99
-99
-99
-99
-99
-99
-99
-99
-99
-99
-99
-99
-99
-99
-99
-99
-99
-99
-99
-99
-99
-99
-99
-99
-99
-99
-99
-99
-99
-99
-99
-99
-99
-99
-99
-99
-99
-99
-99
-99
-99
-99
-99
-99
-99
-99
-99
-99
-99
-99
-99
-99
-99
-99
-99
-99
-99
-99
-99
-99
-99
-99
-99
-99
-99
-99
-99
-99
-99
-99
-99
-99
-99
-99
-99
-99
-99
-99
-99
-99
-99
-99
-99
-99
-99
-99
-99
-99
-99
-99
-99
-99
-99
-99
-99
-99
-99
-99
-99
-99
-99
-99
-99
-99
-99
-99
-99
-99
-99
-99
-99
-99
-99
-99
-99
-99
-99
-99
-99
-99
-99
-99
-99
-99
-99
-99
-99
-99
-99
-99
-99
-99
-99
-99
-99
-99
-99
-99
-99
-99
-99
-99
-99
-99
-99
-99
-99
-99
-99
-99
-99
-99
-99
-99
-99
-99
-99
-99
-99
-99
-99
-99
-99
-99
-99
-99
-99
-99
-99
-99
-99
-99
-99
-99
-99
-99
-99
-99
-99
-99
-99
-99
-99
-99
-99
-99
-99
-99
-99
-99
-99
-99
-99
-99
-99
-99
-99
-99
-99
-99
-99
-99
-99
-99
-99
-99
-99
-99
-99
-99
-99
-99
-99
-99
-99
-99
-99
-99
-99
-99
-99
-99
-99
-99
-99
-99
-99
-99
-99
-99
-99
-99
-99
-99
-99
-99
-99
-99
-99
-99
-99
-99
-99
-99
-99
-99
-99
-99
-99
-99
-99
-99
-99
-99
-99
-99
-99
-99
-99
-99
-99
-99
-99
-99
-99
-99
-99
-99
-99
-99
-99
-99
-99
-99
-99
-99
-99
-99
-99
-99
-99
-99
-99
-99
-99
-99
-99
-99
-99
-99
-99
-99
-99
-99
-99
-99
-99
-99
-99
-99
-99
-99
-99
-99
-99
-99
-99
-99
-99
-99
-99
-99
-99
-99
-99
-99
-99
-99
-99
-99
-99
-99
-99
-99
-99
-99
-99
-99
-99
-99
-99
-99
-99
-99
-99
-99
-99
-99
-99
-99
-99
-99
-99
-99
-99
-99
-99
-99
-99
-99
-99
-99
-99
-99
-99
-99
-99
-99
-99
-99
-99
-99
-99
-99
-99
-99
-99
-99
-99
-99
-99
-99
-99
-99
-99
-99
-99
-99
-99
-99
-99
-99
-99
-99
-99
-99
-99
-99
-99
-99
-99
-99
-99
-99
-99
-99
-99
-99
-99
-99
-99
-99
-99
-99
-99
-99
-99
-99
-99
-99
-99
-99
-99
-99
-99
-99
-99
-99
-99
-99
-99
-99
-99
-99
-99
-99
-99
-99
-99
-99
-99
-99
-99
-99
-99
-99
-99
-99
-99
-99
-99
-99
-99
-99
-99
-99
-99
-99
-99
-99
-99
-99
-99
-99
-99
-99
-99
-99
-99
-99
-99
-99
-99
-99
-99
-99
-99
-99
-99
-99
-99
-99
-99
-99
-99
-99
-99
-99
-99
-99
-99
-99
-99
-99
-99
-99
-99
-99
-99
-99
-99
-99
-99
-99
-99
-99
-99
-99
-99
-99
-99
-99
-99
-99
-99
-99
-99
-99
-99
-99
-99
-99
-99
-99
-99
-99
-99
-99
-99
-99
-99
-99
-99
-99
-99
-99
-99
-99
-99
-99
-99
-99
-99
-99
-99
-99
-99
-99
-99
-99
-99
-99
-99
-99
-99
-99
-99
-99
-99
-99
-99
-99
-99
-99
-99
-99
-99
-99
-99
