19790101
-99
-99
-99
-99
-99
-99
-99
-99
-99
-99
-99
-99
-99
-99
-99
-99
-99
-99
-99
-99
-99
-99
-99
-99
-99
-99
-99
-99
-99
-99
-99
-99
-99
-99
-99
-99
-99
-99
-99
-99
-99
-99
-99
-99
-99
-99
-99
-99
-99
-99
-99
-99
-99
-99
-99
-99
-99
-99
-99
-99
-99
-99
-99
-99
-99
-99
-99
-99
-99
-99
-99
-99
-99
-99
-99
-99
-99
-99
-99
-99
-99
-99
-99
-99
-99
-99
-99
-99
-99
-99
-99
-99
-99
-99
-99
-99
-99
-99
-99
-99
-99
-99
-99
-99
-99
-99
-99
-99
-99
-99
-99
-99
-99
-99
-99
-99
-99
-99
-99
-99
-99
-99
-99
-99
-99
-99
-99
-99
-99
-99
-99
-99
-99
-99
-99
-99
-99
-99
-99
-99
-99
-99
-99
-99
-99
-99
-99
-99
-99
-99
-99
-99
-99
-99
-99
-99
-99
-99
-99
-99
-99
-99
-99
-99
-99
-99
-99
-99
-99
-99
-99
-99
-99
-99
-99
-99
-99
-99
-99
-99
-99
-99
-99
-99
-99
-99
-99
-99
-99
-99
-99
-99
-99
-99
-99
-99
-99
-99
-99
-99
-99
-99
-99
-99
-99
-99
-99
-99
-99
-99
-99
-99
-99
-99
-99
-99
-99
-99
-99
-99
-99
-99
-99
-99
-99
-99
-99
-99
-99
-99
-99
-99
-99
-99
-99
-99
-99
-99
-99
-99
-99
-99
-99
-99
-99
-99
-99
-99
-99
-99
-99
-99
-99
-99
-99
-99
-99
-99
-99
-99
-99
-99
-99
-99
-99
-99
-99
-99
-99
-99
-99
-99
-99
-99
-99
-99
-99
-99
-99
-99
-99
-99
-99
-99
-99
-99
-99
-99
-99
-99
-99
-99
-99
-99
-99
-99
-99
-99
-99
-99
-99
-99
-99
-99
-99
-99
-99
-99
-99
-99
-99
-99
-99
-99
-99
-99
-99
-99
-99
-99
-99
-99
-99
-99
-99
-99
-99
-99
-99
-99
-99
-99
-99
-99
-99
-99
-99
-99
-99
-99
-99
-99
-99
-99
-99
-99
-99
-99
-99
-99
-99
-99
-99
-99
-99
-99
-99
-99
-99
-99
-99
-99
-99
-99
-99
-99
-99
-99
-99
-99
-99
-99
-99
-99
-99
-99
-99
-99
-99
-99
-99
-99
-99
-99
-99
-99
-99
-99
-99
-99
-99
-99
-99
-99
-99
-99
-99
-99
-99
-99
-99
-99
-99
-99
-99
-99
-99
-99
-99
-99
-99
-99
-99
-99
-99
-99
-99
-99
-99
-99
-99
-99
-99
-99
-99
-99
-99
-99
-99
-99
-99
-99
-99
-99
-99
-99
-99
-99
-99
-99
-99
-99
-99
-99
-99
-99
-99
-99
-99
-99
-99
-99
-99
-99
-99
-99
-99
-99
-99
-99
-99
-99
-99
-99
-99
-99
-99
-99
-99
-99
-99
-99
-99
-99
-99
-99
-99
-99
-99
-99
-99
-99
-99
-99
-99
-99
-99
-99
-99
-99
-99
-99
-99
-99
-99
-99
-99
-99
-99
-99
-99
-99
-99
-99
-99
-99
-99
-99
-99
-99
-99
-99
-99
-99
-99
-99
-99
-99
-99
-99
-99
-99
-99
-99
-99
-99
-99
-99
-99
-99
-99
-99
-99
-99
-99
-99
-99
-99
-99
-99
-99
-99
-99
-99
-99
-99
-99
-99
-99
-99
-99
-99
-99
-99
-99
-99
-99
-99
-99
-99
-99
-99
-99
-99
-99
-99
-99
-99
-99
-99
-99
-99
-99
-99
-99
-99
-99
-99
-99
-99
-99
-99
-99
-99
-99
-99
-99
-99
-99
-99
-99
-99
-99
-99
-99
-99
-99
-99
-99
-99
-99
-99
-99
-99
-99
-99
-99
-99
-99
-99
-99
-99
-99
-99
-99
-99
-99
-99
-99
-99
-99
-99
-99
-99
-99
-99
-99
-99
-99
-99
-99
-99
-99
-99
-99
-99
-99
-99
-99
-99
-99
-99
-99
-99
-99
-99
-99
-99
-99
-99
-99
-99
-99
-99
-99
-99
-99
-99
-99
-99
-99
-99
-99
-99
-99
-99
-99
-99
-99
-99
-99
-99
-99
-99
-99
-99
-99
-99
-99
-99
-99
-99
-99
-99
-99
-99
-99
-99
-99
-99
-99
-99
-99
-99
-99
-99
-99
-99
-99
-99
-99
-99
-99
-99
-99
-99
-99
-99
-99
-99
-99
-99
-99
-99
-99
-99
-99
-99
-99
-99
-99
-99
-99
-99
-99
-99
-99
-99
-99
-99
-99
0
0
0
0
0
0
0
0
0
0
0
0
0
0
0
0
0
0
0
0
0
0
0
0
0
7.001870155
0
0
0
0
0
0
0
0
3.334822416
0
0
0
2.149868011
0
1.074934006
0
0
0.818505049
0
3.110319376
0
0
1.823169947
0.787277937
19.72338295
0
4.855577469
3.945156813
0
2.731262445
0
2.819545269
0
0
0
1.043169975
28.80639648
1.356120944
0.871749997
1.958084822
1.153392434
6.491185188
3.460176945
4.182826519
13.6824913
6.506619453
0.780794382
39.00253677
25.13488197
0
1.707012177
1.524118185
3.387896538
0.596884847
0
3.382347822
6.698374748
3.382347107
3.933507681
1.214759946
7.115022182
8.387627602
0
0
20.86154175
3.879785299
0
0
0
11.86779785
0.837070405
0
1.51602757
2.241488695
9.892335892
0
0
0
0
0
0
2.332985878
3.950523376
2.177453279
0
5.158764362
1.558763504
0.621649742
0.575257897
2.54429841
3.785419703
0
13.32653809
12.17850304
9.04660511
30.07493591
19.62107849
7.599147797
12.2229681
2.922571898
5.365781307
4.59261322
3.541105747
8.875959396
2.958456278
4.29266119
0
1.682259321
2.668411493
2.028692007
4.907241344
6.744029999
8.690478325
5.42812252
11.64556026
18.3338871
14.24220562
3.265478611
15.34381294
8.335000038
6.622328281
0
5.337825298
3.339708567
4.053321838
0
0
9.638419151
0
5.478372097
4.074475765
6.872282028
4.074475765
0
3.938659906
15.09407997
0
7.662438393
9.554966927
0
0
5.128201485
4.810173035
12.28383255
9.719732285
17.94505692
8.446665764
8.118001938
12.68643284
9.366926193
0
9.838031769
11.71819115
8.176498413
0
0
6.309242249
0
20.99633026
0
10.06559849
0
24.6628933
11.26388454
0
0
0
6.024603844
16.7144146
6.024603844
12.98792362
0
0
0
0
0
0
9.552349091
6.611162186
0
0
12.33890724
0
0
12.23818111
0
4.493009567
0
7.212462425
6.367911816
7.567173958
8.047142029
0
9.730356216
0
9.568950653
0
8.656787872
9.729310036
0
0
0
0
17.57264137
13.27871037
0
0
0
0
0
0
0
0
0
0
0
15.50298023
11.2670393
8.780736923
12.55739689
0
8.308653831
14.66883278
6.913117886
18.26901627
11.24099636
8.847258568
7.589223385
0
10.47401524
0
34.21807098
3.764998436
0.669111133
1.480533481
1.05110383
0.823905587
1.160568118
5.562723637
0
2.012985229
1.368669868
0
0
0
0
0
4.606666088
0
5.416106224
2.48783803
2.64258337
1.901036143
0
6.31320858
5.314059258
2.25471735
0
21.30819321
0
25.42245293
0
0
0
0
0
0
0
5.829742908
5.805145264
5.436173916
5.190193176
10.85600471
6.485404491
11.56094074
6.767379284
0
12.5478487
5.124181747
0
0
2.268080473
0
0
0
0
5.239452839
0
0
0
0
0
0
0
0
0
0
0
0
0
0
0
0
0
1.924413323
0
0
0
0
0
0
0
0
0
0
0
0
0
0
0
8.938221931
0
0
0
0
0
0
0
0
0
0
0
2.247389078
0
0
0
0
0
0
0
0
0
2.5376966
0
0
0
0
0
0
0
0
0
0
0
0.477525264
0
0.34620586
0
0
4.227410316
0
0
0
0
0
0
0
0
0
0
0
0
0
1.583511114
0.678647637
0
0
0
0
0
0
0
0
6.762000561
0
0.855303049
0
4.864536285
18.09500504
0
5.519398212
39.09573364
0
0
0
0
0
9.296602249
3.864253759
0
14.16893101
0
0
0
0
0
0
0.958839178
1.248243928
0
8.79082489
0
1.487269402
2.404353619
1.298351049
7.285191536
28.68394089
1.17813313
1.09568727
13.03867912
11.17601109
0
0
0
0.572610319
0.629871368
0
3.092095613
1.431525707
0
0
0
1.466528177
4.266263962
2.297268391
0
7.158928871
9.669897079
15.60005283
14.95353222
0.812691927
0
0.758512378
0
0
0
3.149686098
1.511387825
6.322446346
0
15.48309803
4.423742294
0
0
4.865078926
0
0
0
11.12018108
5.60857296
0
5.60857296
0
0
0
16.33642197
5.445474148
5.445474148
0
0
2.913798332
0
4.225972652
0
0
0
0
14.44050217
0
0
0
6.830604553
0
5.976778507
4.299963474
7.166605949
0
7.272777081
6.688831329
5.20242548
0
41.98046112
0
0
0
3.874333858
0
0
5.820769787
8.638466835
0
0
0
0
0
2.11496377
2.953656673
4.156997681
2.552542448
0
4.95650959
6.506783485
0
3.428070784
10.08769798
22.75766754
0
0
0
0
0
0
23.78095627
20.18480873
24.36098099
0
0
0
0
0
13.82859612
0
13.82859612
0
0
0
0
0
0
0
11.33996391
0
0
0
0
0
0
0
0
0
0
0
0
0
0
0
0
0
0
0
0
0
0
0
0
0
0
29.21449661
0
0
0
0
0
0
0
0
28.95737648
0
0
0
0
0
15.48790359
0
0
0
0
0
0
0
0
0
4.605908871
2.954134703
3.123547316
4.245906353
0
0
0
0
0
0
0
7.444116592
7.368540764
13.86797333
0
0
0
0
0
5.960582733
0
12.70692921
12.70692921
0
0
5.851567745
18.27058411
8.54391098
3.159223557
8.746225357
21.05243492
0
0
4.631131649
5.783858776
17.4812355
0
15.29608059
15.29608059
0
0
8.021055222
6.076558113
4.40212822
6.69771719
13.62554073
0
0
0
11.92234707
0
5.484668255
0
0
9.598167419
0
0
0
4.42149353
0
0
0
0
3.974886417
3.974886417
0
0
7.426280499
3.713140249
0
0
0
0
0
0
0
0
0
0
0
4.302934647
0
6.236401558
0
0
0
0
0
0
0
0
0
0
0
0
0
0
0
0
0
0
0
0
0
0
0
0
0
0
0
0
0
-0.4
6.7
0
0
0
0
0
0
0
0
0
0
0
0
0
0
0
0
0
0
0
0
0
0
0
0
0
0
0
0
0
0
0
0
0
0
0
0
0
0
0
0
0
0
0
0
2.611954451
0
3.379245996
0
0
0
8.786038399
4.614784718
0
0
0
0
0
0
0
0
1.122906566
0
0
0
1.077173829
0
0
0
0
0
0
0
0
0
0
0.821817458
0
0
0.273939162
9.932210922
0
0
0
0
0
7.001154423
11.31386566
0.616101503
3.640599966
2.576424837
0
0
6.375818729
0
0
1.823109865
16.13452339
1.549643397
1.367332339
0
5.222931385
0
5.222931385
0
0
8.273921967
12.4108839
8.273921967
12.4108839
12.4108839
0
0
6.085354805
0
0
9.105167389
9.105167389
4.552583694
0
0
0
6.20612669
0
3.546358109
0
4.379796982
2.189898491
0
0
0
0
0
0
10.79648876
6.16942215
10.92008781
4.970522881
5.158800602
6.476742744
0
2.994355917
0
0
8.983068466
2.994355917
6.369708061
0
29.1186657
0
7.279666424
7.279666424
7.184378147
14.36875629
35.92189026
0
7.184378147
4.200167179
9.952569962
5.021938801
24.4248867
45.42572021
17.0837059
17.75277901
0
18.28804016
16.45923424
0
2.602741718
1.917809606
2.687041521
8.113810539
0
0
0
0
0
0
0
0
0
0
0
0
0
0
0
0
0
0
0
0
0
0
50.60761261
0
0
0
0
0
0
0
0
0
0
0
0
0
0
0
0
0
0
0
0
0
0
0
0
0
0
0
0
0
0
0
0
0
0
0
0
0
0
0
0
0
0
0
0
0
0
28.06783295
0
0
0
0
0
0
22.13422966
0
0
16.33835602
0
0
8.554372787
0
9.776426315
0
0
11.64855766
0
0
12.62703705
0
0
14.20411873
0
0
14.20411873
0
0
0
0
0
0
0
0
17.66086006
13.54304409
0
0
0
10.12934875
10.12934875
0
0
18.39426994
0
0
0
0
0
0
14.78443623
0
0
0
0
13.74327278
0
0
0
0
0
0
0
0
0
0
0
0
0
0
0
0
0
0
0
0
12.9530201
0
0
0
0
1.299806476
0
8.488045692
4.244022846
4.244022846
0
0
6.562064171
3.281032085
3.281032085
0
0
0
5.390880108
1.29381156
0
0
0
0
0
0
6.790315151
0
0
0
0
0
0
2.48125267
2.48125267
0
0
0
0
0
0
0
0
0
0
0
0
-0.4
6.7
0
0
0
0
0
0
0
0
0
0
0.766592562
0
0
0
0
0
0
0
0
0
0
0
0
0
0
0
0
0
0
0
3.614858627
0
0
0
0
0
0
0
0
0
0
0
0
0
0
0
0
2.447308302
0
0
0
0
0
0
0
2.869455576
2.891323805
0
2.529908419
0
14.64818764
0
4.079241753
2.225040913
0
0
0
0.619728148
19.33308792
0
2.316505909
1.772968054
0
0.867071867
27.66865349
5.049620152
10.27958393
0
7.303914547
11.09113026
0
4.424687386
43.82040024
0
0
0
3.249949694
0
2.843706131
0
3.249949694
11.88408756
0
5.942043781
20.37272263
0
8.723783493
0
0
9.970039368
0
4.003343105
0
10.50877476
0
0
0
4.846581459
0
6.856140137
0
15.28071213
15.28071213
0
0
10.18714142
0
0
0
4.246169567
3.375160217
0
3.701695442
0
4.410530567
0
0
0
0
0
14.8708992
0
5.372298717
42.97838211
0
0
30.38833809
23.14460373
0
0
0
0
2.580802202
3.167348146
0
4.340440273
0
0
0
0
0
30.42210007
0
0
0
0
13.61976719
0
15.36126423
12.29905224
9.437639236
0
0.895615816
1.374189138
2.948923111
0
0.811295867
32.81914902
21.87943268
0
10.93971634
21.87943268
21.32570076
0
0
0
0
4.558339119
9.814976692
0
0
4.422558308
8.615403175
8.615403175
0
0
8.615403175
6.592421055
0
6.134337425
6.014837265
17.3075943
0
0
11.80963135
23.6192627
0
12.03588772
12.03588772
0
12.03588772
0
0
0
0
21.41679955
42.83359909
0
3.144626141
3.207834959
0
10.16077805
4.140161037
32.07861328
19.67775154
10.46322632
11.7119236
0
0
0
8.153547287
0
11.85070038
0
3.619838715
4.837421417
3.833739042
7.289040089
0
0
0
0
0
14.6324482
7.610047817
0
0
0
7.791652679
10.08229542
4.789524078
5.917491436
8.537845612
0
0
0
5.749945164
0
5.396520615
0
1.720052481
3.843790531
0
4.516600132
0
8.160116196
0
8.160116196
0
0
49.34169388
3.996454239
8.517582893
0
13.47868061
0
11.79384422
0
0
5.355548382
5.355548382
0
10.71109676
0
7.912662029
13.35951614
8.115078926
4.213951588
11.4825592
5.876522541
5.876522541
0
11.75304508
0
0
14.67159367
0
7.335796833
0
15.01869011
0
13.14135265
0
0
0
0
0
22.45491982
0
0
0
9.560997963
9.560997963
0
9.560997963
2.223352432
0
0
0
2.223352432
0
0
0
0
4.023500443
2.692034721
0
5.384069443
0
0
0
3.03514123
6.070282459
0
3.468732595
0
0
0
3.439394474
0
0
0
0
0
0
2.775769472
0
0
0
2.775769472
0
0
0
0
0
0
0
0
0
0
0
0
0
0
0
0
0
0
0
0
0
0
0
0
0
0
-0.4
6.7
0
0
0
0
0
0
0
0
0
2.812325716
0
2.387196779
0
0
2.387196779
2.64720726
0
0
0
0
0
0
0
0
0
0
0
0
0
0
0
0
0
0
0
0
0
0
0
0
0
0
0
0
0
0
0
0
0
0
0
0
0
0
0
4.843521118
14.44620323
0
0
0
0
0
9.476164818
4.738082409
4.70634222
0
0
0
4.70634222
3.849010706
2.018129587
2.829542875
8.05171299
1.227522135
15.01146412
0
0
0
0
3.252423525
3.252423525
0
3.717055798
6.50484705
5.850819111
6.686649799
5.850819111
0
5.850819111
11.70163822
11.21383095
1.66781044
1.185023308
5.837337017
15.86614609
7.518393993
0
0
0
0
0
8.445109367
9.731984138
7.359309196
0
5.999517441
5.999517441
2.99975872
0
2.624788761
0
0
0
0
10.24415684
5.635402203
2.817701101
12.8809185
2.817701101
8.453103065
4.892126083
14.6763792
4.892126083
0
4.892126083
12.53957272
8.359714508
8.359714508
0
0
5.229758263
0
10.45951653
0
5.976866722
2.093341589
1.280632377
25.42383766
2.421708822
0
0
0
7.858456135
7.858456135
0
0
0
11.44207668
0
0
0
19.05550766
0
0
0
0
0
0
12.26764488
0
0
18.89685822
18.89685822
0
0
9.448429108
0
0
0
18.371315
18.371315
18.46600151
0
0
9.233000755
9.233000755
12.38101864
6.190509319
0
0
0
39.21229553
9.803073883
0
9.803073883
9.803073883
9.336680412
18.67336082
28.01004219
0
28.01004219
0
0
27.35200691
41.02801132
13.67600346
0
0
12.32446194
12.32446194
0
0
0
0
0
0
9.377820015
5.229937077
12.84440804
16.3310318
0
10.62018108
0
10.44273758
7.754814625
8.867058754
19.4951725
4.509261608
7.287415504
4.648867607
10.54022503
14.71443462
14.70275402
0
16.80314636
0
14.70275402
0
0
0
21.0739193
21.0739193
7.319746017
0
7.319746017
7.319746017
14.63949203
0
12.02776337
0
0
0
0
27.34554291
12.68437862
9.88393116
0
11.40770245
0
0
0
27.73978043
0
0
13.08725262
27.1781292
15.6966753
0
3.280123234
3.818367004
0
10.5179224
4.951846123
9.258822441
5.786763668
0
25.3170948
36.63021851
7.978598118
6.987467289
16.10586548
5.897223949
0
11.30602455
0
0
0
6.460585594
5.290097713
0
0
4.008356571
4.5443573
7.001778603
21.00533485
0
6.126555443
0
13.27959728
6.639798641
0
0
0
0
0
0
0
0
0
7.396511078
7.396511078
14.79302216
7.396511078
8.453155518
2.843068838
0
2.843068838
0
0
7.765642166
7.765642166
0
0
0
1.830130219
3.660260439
0
0
0
0
2.514335155
0
0
0
0
0
0
10.18696976
0
0
3.577275276
0
0
0
0
0
3.49850893
0
0
0
0
0
0
0
0
0
0
3.458185911
0
0
0
0
0
0
0
0
0
0
0
0
0
0
0
0
0
-0.4
6.7
0
0
3.522866488
0
0
0
0
0
0
0
0
0
0
0
0
0
0
0
0
0
0
0
0
0
0
0
0
0
1.622954488
0
0
0
1.980119705
0
0
0.48981899
0
5.875491142
0
0
0
0
0
3.518498182
0
10.55549526
0
4.401209354
5.029953957
0
6.601813316
0
1.056861639
0
0
3.10841608
0
9.851504326
0
0
3.561086893
8.139627457
3.561086893
0
21.13277626
14.08851719
28.17703438
14.08851719
0
3.717379093
1.561739206
0
0
0
11.62220192
2.442465544
0.622910738
0
0
2.498412132
9.993648529
4.996824265
9.993648529
2.498412132
3.072063446
0
0
0
3.510929823
6.144126892
17.94740486
0
0
0
0
0.646066427
1.275567174
0
0.712329745
1.45779109
1.168451548
0
2.052685022
2.147424459
0.915813327
0
0
2.782612324
2.297569513
2.323098183
7.50676012
0
15.01352024
22.52027893
0
0
4.344112396
4.964699745
0
0
6.031541348
24.12616539
6.893190384
6.031541348
12.0630827
0
4.07549572
4.07549572
4.07549572
4.07549572
9.639712334
0
0
4.638905525
3.980904818
6.887972355
13.77594471
6.887972355
0
0
13.72955036
0
0
0
13.72955036
22.6045742
0
0
2.964139223
0
0
21.78709984
0
0
0
0
0
9.48247242
0
0
28.44742012
15.22688389
0
14.09372044
9.844357491
0
0
11.99829292
0
0
13.50457096
11.62997913
11.62997913
0
0
0
0
0
0
0
0
26.5491581
0
0
0
53.09831619
0
0
0
17.25133133
19.71581078
0
0
0
0
0
0
0
0
0
32.14452744
0
0
0
0
0
0
0
0
0
0
0
18.23800659
0
0
0
0
0
19.83590126
0
0
0
0
0
0
0
0
0
0
0
0
0
0
16.4836998
0
0
0
0
0
0
0
16.68831253
0
0
0
0
0
0
0
0
27.17094994
0
18.1139679
0
0
0
14.98946285
14.98946285
9.268634796
9.268634796
0
0
0
18.63497543
0
0
0
18.63497543
0
0
0
12.25607491
24.51214981
10.08986473
0
10.08986473
30.26959419
0
0
0
0
15.23715496
0
0
7.575880051
7.575880051
0
0
0
9.935855865
0
61.03454971
0
0
0
0
0
0
0
6.876180649
13.7523613
13.7523613
6.876180649
0
3.695309639
0
0
3.695309639
0
2.181186199
1.881807446
5.973313332
0
0
0
0
0
0
0
0
4.063714981
0
0
0
0
12.52873707
0
0
0
0
0
0
0
0
0
0
0
0
0
0
0
0
0
0
0
0
0
0
0
0
0
0
0
0
0
0
0
0
0
0
0
0
0
0
0
-0.4
6.7
0
0
0
0
0
0
0
2.403975964
0
0
0
0
0
0
0
0
0
3.527826786
0
3.527826786
0
0
0
0
0
0
0
0
0
0
0
0
0
0
3.717058897
3.717058897
0
0
0
0
0
0
3.562559366
0
3.562559366
7.125118732
6.541640759
0
0
0
10.20495796
0
0
5.197652817
7.796478748
5.94017458
5.629405022
5.629405022
3.216803074
4.194014072
0
0
0
0
0
3.824312925
0
1.912156463
0
0
7.821503162
0
7.821503162
7.821503162
11.02353287
0
2.411397696
2.755883217
4.822795391
13.23655033
3.309137583
0
3.309137583
6.618275166
7.791646481
2.597215652
7.791646481
2.597215652
7.791646481
5.194431305
6.556330204
9.834495544
13.11266041
6.556330204
0
0
6.664223671
0
0
0
0
3.098151684
2.926032305
3.413704395
0
0
8.216598511
7.189523697
4.108299255
3.594761848
0
0
0
9.659091949
0
0
4.492343903
13.47703171
8.984687805
0
0
0
11.68319035
7.788793087
3.894396544
4.882544041
2.44127202
0
0
2.44127202
0
0
5.689934254
0
0
0
0
8.673519135
0
0
0
0
0
7.369102478
7.369102478
0
12.34442425
0
30.861063
6.172212124
6.172212124
10.61677074
5.308385372
0
0
5.308385372
0
0
0
17.54429817
0
3.682917356
0
1.939669967
0
7.918273449
0
7.59135294
10.22508907
17.59954453
9.047654152
0
0
10.96203613
12.52804184
0
8.231526375
15.70271015
7.669534683
6.611667633
7.570359707
0
0
1.996489167
0
0
0
0
0
0
0
14.30233002
0
0
14.30233002
16.34552002
15.77803326
0
15.77803326
0
0
0
0
0
59.75860596
0
12.83274555
0
12.83274555
12.83274555
12.83274555
0
0
10.94512939
18.24188042
10.94512939
0
0
23.82003212
23.82003212
0
13.61144638
0
15.59057045
15.59057045
46.77171326
0
0
45.1643219
0
0
15.05477428
12.75765324
25.51530647
0
12.75765324
0
0
0
0
18.43785667
9.218928337
0
0
9.665770531
0
0
28.99731064
13.49277782
0
13.49277782
13.49277782
13.49277782
11.52963257
0
0
0
11.52963257
8.80688858
5.947086334
14.13651657
13.71404743
7.571972847
38.68087006
20.04295921
6.246496201
5.975644588
6.111070156
23.86736679
11.9336834
11.9336834
11.9336834
0
11.63856316
0
0
0
11.63856316
17.00967216
0
0
8.504836082
17.00967216
30.10223389
11.46751881
10.03407764
0
10.03407764
0
23.38395119
15.58930206
0
7.794651031
9.274569511
4.637284756
4.637284756
0
0
15.44118214
0
0
0
0
0
0.274468303
0.56065172
0.426764756
0.133886978
0.446847796
0
2.442231178
8.869155884
0
0
0
0
0
0
0
0
0
0
0
0
0
0
0
0
0
0
0
0
0
0
0
6.942552567
0
0
0
0
3.060824156
0
0
0
0
0
2.297295332
0
0
0
0
0
0
0
0
0
0
0
0
0
0
0
0
1.168325186
0
-0.4
6.7
0
0
0
0
0
0
0
0
0
1.577096105
0
0
0
0
0
0
0
0
0
0
0
0
0
0
4.532274723
2.751085281
0
0
0
5.502170563
5.502170563
0
0
0
3.832474232
0
5.896119118
2.948059559
5.896119118
5.896119118
0
0
0
0
0
0
0
0
0
0
0
0
0
3.259762049
0
0
0
0
2.055195093
3.596590996
5.733287811
6.55232954
6.55232954
5.733287811
0
0
13.79960251
20.69940376
0
0
2.661436796
4.657514095
4.657514095
0
0
0
0
0
8.539242744
4.269621372
0
8.836442947
4.418221474
0
4.418221474
1.243681073
3.774938583
1.746030807
0
0
0.360911429
0
0
3.29427886
3.29427886
9.882836342
8.265419006
8.265419006
0
8.265419006
8.265419006
8.08904171
8.08904171
8.08904171
4.044520855
4.044520855
0
0
1.033172965
29.91575813
4.055589676
4.365950584
3.820206881
11.46061993
0
3.820206881
0
10.0312748
15.04691315
10.0312748
5.015637398
11.87102699
4.226421833
2.020600319
0
0
9.162569046
0
0
0
0
0
0
0
17.12485123
5.708283424
8.147607803
16.29521561
8.147607803
8.147607803
0
0
7.698873997
7.698873997
15.39774799
0
0
6.92855835
6.062488079
0
0
6.062488079
13.10395145
0
0
14.97594547
0
0
9.051774979
0
18.10354996
0
0
0
13.70186329
13.91158676
9.297693253
0
18.45440674
0
0
36.90881348
0
0
0
0
24.10123253
3.261426687
0
2.255043745
4.211899757
3.112333298
11.01923561
19.2836628
9.641831398
0
0
0
0
0
62.64743042
0
0
21.65452385
21.65452385
0
0
0
0
6.402287006
7.845576286
0
0
0
1.342701435
0
1.420917392
0
0
0
0
0
13.12842083
0
0
0
0
23.0613327
0
0
0
0
0
0
0
0
0
0
0
0
0
0
0
0
27.32363319
0
13.6618166
0
0
0
0
0
0
0
0
0
0
0
0
8.746546745
8.746546745
0
0
0
2.892351151
4.345069885
6.727005005
4.75078392
5.43133688
32.74495316
0
21.82996941
0
10.9149847
7.687307358
30.74922943
7.687307358
15.37461472
30.74922943
10.15283489
0
10.15283489
0
0
0
11.7380724
11.7380724
11.7380724
5.869036198
0
13.13186264
0
0
13.13186264
4.581978798
6.174296856
0
4.322007656
0
0
4.253369808
3.984477997
0
3.226694345
0
11.27267933
11.27267933
0
0
0
11.19218445
11.19218445
5.596092224
0
0
8.411375999
0
4.798798084
0
0
0
0
0
0
0
0
0.462216586
0
0
0.554659963
2.461802006
0
0
2.417042017
0
4.053871632
0
0
0
0
2.385299683
0
0
0
4.770599365
0
0
0
0
0
0
7.24628067
7.24628067
0
0
0
0
0
0
0
0
0
0
0
1.357973933
0
0
0
0
0
0
0
0
0
0
0
-0.4
6.7
0
0
0
0
0
0
0
0
0
0
0
0
0
0
0
0
0
0
0
0
0
0
0
0
0
0
0
0
0
0
0
0
0
0
0
0
0
0
0
6.754076481
0
0
0
0
8.385091782
0
0
0
0
0
0
0
0
0
0
0
0
0
6.578686237
0
0
0
0
5.659038544
8.543928146
0
5.695951939
2.847975969
3.254829884
6.043642044
15.86455917
10.5763731
5.28818655
5.28818655
4.94858408
14.84575272
5.655525208
9.897168159
11.31105042
0
0
7.402579784
0
3.701289892
0
3.023354053
6.046708107
6.910523891
6.046708107
6.046708107
0
0
3.139626026
3.588144064
12.5585041
0
0
5.618347645
2.809173822
6.420968533
4.684902191
2.049644709
0
2.049644709
0
0.610756576
1.204062939
12.43325901
3.490037203
7.302904129
1.957727551
0
0
1.798992991
22.91070366
8.79641819
2.294717789
18.35773849
5.35434103
11.85604095
4.795207024
10.96047401
4.795207024
0
14.38562107
0
0
27.00295258
5.906895161
11.81379032
7.466104031
14.93220806
0
0
0
0
0
0
7.098807335
0
0
6.481364727
3.240682364
0
0
3.684106112
0
3.684106112
3.684106112
8.420814514
0
0
0
5.679751396
5.679751396
5.679751396
18.50948524
16.69158936
0
34.54001617
0
0
7.219959736
7.219959736
7.219959736
0
0
10.42545128
6.612908363
0
13.02338123
28.502388
0
26.88434601
53.39530563
0
9.022745132
13.98440456
7.459482193
7.714362621
2.973597527
27.19673347
0
13.59836674
31.08198357
0
0
0
0
10.80046463
0
34.26794052
0
0
11.42264652
0
0
16.61899376
0
0
0
0
0
0
0
0
0
0
0
10.06297302
10.06297302
10.06297302
0
0
21.29623985
0
0
0
0
0
0
0
0
0
0
10.68876362
0
0
0
0
0
0
11.60107613
0
23.20215225
11.60107613
11.60107613
0
0
0
0
22.44432259
0
0
6.940327644
0
6.940327644
6.940327644
14.99169922
0
0
13.11773586
0
0
0
29.43752861
14.71876431
14.71876431
17.86258125
0
10.20718956
17.86258125
10.20718956
15.18796062
0
16.2728138
0
0
0
19.32115555
0
0
0
0
13.55852985
0
0
6.779264927
8.373831749
6.585522175
4.882370472
7.110661507
3.59081316
0
13.82675362
0
0
6.913376808
5.651981354
0
0
2.660835266
2.550731659
12.89164257
0
25.78328514
0
0
0
0
0
0
0
11.43817234
4.735506058
0
0
0
0
2.33586812
0
0
0
2.095411062
0
0
0
0
0
0
0
0
0
0
0
0
3.459743977
0
0
0
0
0
3.128583431
0
5.061859608
0
0
0
0
1.303413749
0
0
0
0
0
0
1.886725307
0
0
0
0
0
0
0
0
0
0
0
0
0
0
0
3.436443806
3.436443806
0
-0.4
6.7
0
0
0
0
2.503581285
0
0
0
0
0
0
0
0
1.918416023
0
0
0
0
1.232125401
3.696376324
0
2.578173399
0
2.578173399
0
0
0
0
0
0
0
0
0
1.99846828
0
0
0
0
0
0
0
0
0
0
0
0
0
0
5.76419735
14.78145599
3.709631681
5.045796394
0
0
5.045796394
5.045796394
0
0
0
0
0
0
0
0
0
0
0
0
0
0
0
0
0
0
0
1.089001179
6.806256294
1.089001179
1.089001179
0
2.037101507
0
0
0
0
0
0
0
5.81353426
16.27789497
5.694630623
17.08389091
0
0
0
0
9.296001434
4.648000717
0
5.312000751
0
0
3.306288958
3.306288958
13.22515583
19.63151169
0
0
12.88317871
8.588785172
1.987635851
5.495229244
24.08546829
11.28275871
0
0
0
5.38005209
9.415090561
2.35377264
0
0
0
26.67465973
0
4.461859226
0
4.461859226
0
0
0
0
18.09026718
16.20991707
0
0
11.695364
0
0
0
3.396248341
0
0
0
0
0
7.166610241
0
0
0
0
6.843361378
0
6.843361378
0
0
0
0
0
0
0
11.5060091
11.5060091
23.0120182
0
11.5060091
13.55199051
0
6.775995255
6.775995255
6.775995255
0
0
0
24.45239067
0
45.46892548
0
0
0
0
13.71398735
0
0
0
0
0
17.62344933
35.24689865
0
0
0
9.295744896
31.87112808
0
0
0
0
0
0
0
0
0
0
0
0
15.52205181
15.52205181
0
0
0
0
0
0
0
0
12.53618813
0
0
0
0
0
0
0
0
0
0
0
0
16.62941933
0
0
0
0
0
0
0
0
0
10.05259228
0
0
10.05259228
0
0
0
0
0
0
21.48174667
21.48174667
21.48174667
0
9.481806755
0
9.481806755
28.44542122
0
0
11.91656685
11.91656685
11.91656685
11.91656685
0
0
0
12.46279335
12.46279335
9.575954437
0
9.575954437
19.15190887
9.575954437
6.580935955
0
13.16187191
13.16187191
6.580935955
18.27672768
9.138363838
9.138363838
0
9.138363838
17.30290031
17.30290031
8.651450157
8.651450157
0
20.11990356
0
0
0
0
0
0
0
15.46071911
0
0
13.45136929
13.45136929
0
0
15.37299347
0
0
0
0
0
0
0
0
3.481082439
0
0
0
3.004826307
6.009652615
0
2.720180035
5.440360069
0
0
8.160540581
0
2.048009872
0
0
2.048009872
0
2.489858866
0
0
2.489858866
1.670941114
1.670941114
0
0
0
0
0
2.892268181
0
0
0
2.552992821
5.105985641
0
2.552992821
8.477977753
4.238988876
0
0
4.238988876
4.542056561
0
4.542056561
4.542056561
0
0
0
0
0
0
0
-0.4
6.7
0
0
0
0
0
0
0
0
0
0
0
0
0
0
0
0
0
0
0
3.218358755
1.482331157
0
1.482331157
0
0
0
0
8.675550461
0
0
0
0
0
4.788876534
0
4.788876534
0
0
0
0
4.671235561
7.855345249
3.927672625
3.927672625
0
0
0
3.183086157
3.183086157
3.183086157
0
0
4.046355247
0
8.092710495
4.046355247
4.82477808
2.41238904
2.41238904
6.226340294
6.226340294
0
3.113170147
6.226340294
9.571889877
0
0
0
10.93930435
3.974215269
7.948430538
0
0
11.92264557
8.219190598
8.219190598
3.595895767
7.191791534
7.191791534
9.087018967
9.087018967
6.058012486
0
3.029006243
13.98766518
4.662554741
0
5.328634739
4.662554741
5.328634739
4.956171513
12.94111538
0.887215972
15.08267307
7.250695705
4.020597458
4.594968796
8.041194916
4.020597458
12.06179142
0
0
5.700388432
11.40077686
0
0
0
0
0
12.78900719
0
0
0
0
5.296007633
0
0
12.60614777
0
8.404098511
0
0
6.852861404
11.99250603
5.996253014
4.103788853
0
0
4.69004488
16.41515541
0
9.852162361
19.70432472
0
9.852162361
7.922865868
7.922865868
18.10940742
23.76859665
0
0
10.97526646
5.487633228
10.97526646
10.97526646
10.63282299
0
21.26564598
10.63282299
0
0
7.010603428
7.010603428
14.02120686
7.010603428
0
0
0
11.30067825
11.30067825
0
0
0
29.80718994
0
0
0
0
0
0
17.54666328
0
45.72333527
0
0
0
0
26.65427208
8.884757042
0
17.76951408
0
27.7279911
0
13.86399555
13.86399555
0
0
0
20.13314819
0
0
14.60505772
25.03724289
0
0
0
0
0
21.91967964
0
15.62359428
0
0
0
15.62359428
0
0
0
0
0
0
0
0
0
0
0
31.16823959
0
0
0
0
0
0
0
36.31048965
0
0
0
0
0
0
0
0
0
0
27.91042519
0
0
0
0
0
0
0
14.75903416
0
0
0
35.22554398
0
0
0
0
0
17.41580963
0
0
0
0
0
0
0
0
0
0
0
14.92451382
0
28.65737343
0
0
0
28.65737343
0
21.21323967
7.071080208
0
0
0
49.16870117
29.50122261
9.833740234
0
0
0
0
0
18.21489334
0
0
0
25.71247864
0
0
0
0
9.412491798
9.412491798
0
0
10.73647404
0
10.73647404
0
0
0
0
4.783630371
0
0
0
0
0
4.883996964
0
0
0
0
0
0
0
4.986713409
0
0
0
0
0
4.806335926
0
0
4.304552555
0
0
0
0
7.648851871
0
0
0
0
0
0
0
0
0
0
0
0
0
0
0
0
0
0
0
0
0
0
0
0
0
0
0
0
0
-0.4
6.7
0
0
0
0
0
0
0
0
0
4.485769272
0
0
0
0
0
0
0
0
0
0
0
0
0
0
0
0
0
0
0
0
0
0
0
0
0
0
3.005004644
0
0
0
3.005004644
0
0
0
0
0
0
0
0
0
0
0
0
5.298176765
0
0
0
0
0
0
4.073019028
4.073019028
0
0
4.073019028
0
6.732197285
0.64116168
4.648421764
2.244066
0
0
4.045559406
4.045559406
0
0
0
0
5.046672344
0
6.316896439
0
0
0
6.874269962
2.944788456
2.944788456
11.77915382
0
0
0
0
7.397729874
6.473013401
9.709519386
3.698864937
3.753138304
8.578601837
4.289300919
7.506276608
3.753138304
1.994042277
1.994042277
3.988084555
0
0
6.566278934
17.23648071
0
11.49098778
0
4.92574358
0
0
2.46287179
0
0
5.48538208
0
5.48538208
5.48538208
0
0
0
3.703692436
7.407384872
0
0
21.50988579
0
18.82114792
0
0
18.80984497
0
0
0
6.922912598
15.82380104
0
15.82380104
13.27211475
0
8.848075867
0
8.848075867
6.785097122
5.56985569
10.63336182
11.59542751
3.645724535
0
10.18405151
20.36810303
0
0
0
0
30.49752235
0
15.24876118
15.24876118
0
0
0
15.77295685
0
13.81270981
0
13.81270981
0
0
0
0
0
0
0
0
0
0
0
0
0
12.42545986
0
0
12.42545986
14.84152699
0
0
0
0
0
7.17419672
0
6.508848667
0
9.424445152
11.97038269
0
0
10.22842407
0
0
0
0
0
0
0
0
0
0
0
0
0
0
0
0
0
0
0
0
0
0
0
0
0
0
0
0
0
0
0
0
0
0
0
0
51.66602707
0
0
0
0
0
0
0
0
0
0
8.785572052
0
8.785572052
8.785572052
0
0
46.97720337
23.48860168
0
0
0
0
0
0
17.61768913
28.13883781
28.13883781
0
14.06941891
0
0
0
0
27.60246277
28.3242836
0
0
0
0
0
0
6.406549931
0
12.81309986
0
14.74253845
7.371269226
0
0
0
0
27.02890205
0
13.51445103
13.51445103
11.75419998
11.75419998
0
0
0
0
0
10.38444614
10.38444614
0
0
0
0
0
0
0
2.959417582
0
5.918835163
5.918835163
5.918835163
2.905206919
5.810413837
0
0
0
4.036420345
0
0
0
0
2.991127491
0
2.991127491
0
0
0
0
0
0
0
0
0
0
0
0
0
0
0
0
6.007465363
6.274256706
0
0
0
5.489974499
0
0
0
0
0
0
0
0
0
0
0
0
0
0
0
0
-0.4
6.7
0
0
0
0
0
0
0
0
0
0
0
0
0
0
0
0
0
0
0
0
0
0
0
0
0
0
0
0
0
0
0
0
0
7.364778519
0
0
0
0
0
0
0
0
0
3.743099451
3.743099451
1.871549726
0
0
0
0
0
0
0
0
0
0
0
2.077860594
2.077860594
10.78552818
3.595175982
3.595175982
3.595175982
0
9.147921562
0
4.573960781
4.573960781
12.00664616
0
0
4.944875717
9.889751434
9.889751434
0
0
0
9.988973618
0
0
0
0
0
3.615676165
4.083311558
8.166623116
12.2499342
9.333284378
8.166623116
9.333284378
2.759970188
5.519940376
3.154252052
5.519940376
8.279911041
4.317769527
5.667072296
0
3.778048515
1.889024258
0
9.291696548
1.126266241
3.801148653
7.461514473
1.565271735
0
0.673066914
18.79891396
0
0.451944739
0.772072196
12.56029606
0.451944739
0
4.719069004
6.339968204
2.68781805
0
0
0
4.798532009
10.96807384
9.597064018
0
4.850977421
4.850977421
0
9.701954842
0
0
3.107581377
3.107581377
0
3.107581377
0
0
4.014687538
6.022031307
0
0
3.540164709
3.540164709
7.080329418
7.080329418
2.512996435
0
11.56844902
0
5.242630959
5.459268093
24.84189987
14.19537163
0
0
0
10.62968254
10.62968254
21.25936508
21.25936508
10.62968254
0
0
0
0
0
0
9.875310898
0
0
0
26.00911522
0
13.00455761
0
0
0
13.19563198
26.39126396
13.19563198
0
11.50911999
23.01823997
11.50911999
11.50911999
11.50911999
10.50849152
0
10.50849152
0
0
0
0
0
0
0
0
0
0
0
0
0
0
0
0.448788553
1.154826641
3.247838497
3.903505802
2.68366003
2.714156389
4.650660992
2.86663723
0
8.75743103
0
0
8.75743103
23.24360847
0
0
0
0
0
0
0
0
0
49.63077545
0
0
0
12.40769386
0
0
6.8796134
13.7592268
6.8796134
0
0
0
0
0
0
0
0
12.17597294
12.17597294
0
0
16.21648407
0
0
7.094712257
0
0
5.962485313
5.962485313
5.962485313
21.4220314
0
10.7110157
10.7110157
21.4220314
38.90164948
0
12.96721649
0
0
23.23983574
0
0
23.23983574
0
0
0
0
22.66433334
0
0
5.950273037
17.85081863
23.80109215
11.90054607
0
0
33.13137436
0
0
4.917556763
7.851325989
0
0
4.191099167
0
13.34284592
26.68569183
0
0
9.873435974
19.74687195
0
0
9.873435974
0
0
0
0
0
0
0
2.594388008
0
0
0
0
0
2.682972908
1.341486454
2.682972908
0
0
9.878843307
3.292947531
0
0
2.956658602
0
0
0
0
16.30476189
0
4.076190472
4.076190472
0
9.948413849
4.974206924
0
0
3.335248947
0
0
0
0
0
0
0
0
0
0
0
0
0
0
0
0
0
0
0
0
0
0
0
0
0
-0.4
6.7
0
0
0
0
0
0
0
0
0
2.568226576
3.16344142
0
0
0
1.58172071
0
0
2.69357419
0
0
0
0
0
0
0
0
0
0
0
0
0
0
0
0
0
0
0
0
0
0
0
7.844901562
0
0
0
0
0
0
0
7.098795414
0
0
0
0
4.73730278
0
0
0
3.505906582
5.933218002
0
0
11.866436
5.933218002
0
0
0
3.72875762
3.72875762
11.48402691
0
0
5.742013454
0
0
0
2.429574013
2.776656151
7.288721085
3.225688219
0
0
3.225688219
3.225688219
0
0
0
2.578327417
5.893319607
5.156654835
9.942601204
16.24947357
6.45527029
11.05557728
0
0
0
8.56431675
0
0
0
5.321994305
0
0
2.980316877
9.820976257
3.228813887
0
0
0
0
0
3.562742949
8.173350334
12.78395939
1.69043541
13.76497555
0
0
0
5.777606487
17.33282089
0
11.55521297
5.777606487
0
3.49733901
0
3.49733901
0
10.50864792
6.004942894
5.254323959
5.254323959
0
0
0
0
0
6.215639114
7.007201672
21.02160645
0
0
8.008231163
0
24.7922039
6.198050976
6.198050976
0
0
8.823033333
8.823033333
0
0
17.64606667
0
0
0
15.59071064
15.59071064
0
0
0
0
0
0
21.01376915
0
0
0
0
0
15.16764164
0
30.33528328
0
28.54965591
0
0
0
0
0
0
0
11.41815376
0
0
0
9.235163689
0
15.74093914
0
0
0
0
0
17.83316803
0
0
0
0
0
0
0
0
0
0
0
0
0
0
0
0
0
0
0
0
0
0
0
0
0
0
0
0
0
0
0
0
0
25.22391129
0
12.83570766
12.83570766
12.83570766
0
0
16.85502434
0
0
0
0
0
65.48465729
0
0
0
0
0
0
0
0
0
0
0
0
0
0
0
0
0
20.35739136
0
31.30931091
20.87287331
10.43643665
0
0
9.389372826
9.389372826
9.389372826
0
0
17.508955
0
8.754477501
0
6.642530441
0
6.642530441
13.28506088
0
11.61284924
23.22569847
0
0
23.22569847
0
10.2088747
10.2088747
20.4177494
10.2088747
7.453469753
0
0
7.453469753
0
26.92887688
0
8.97629261
8.97629261
0
0
0
0
4.804773808
4.804773808
2.402386904
6.129189968
2.043063402
0
0
0
0
0
0
3.04146409
0
0
3.792460203
1.896230102
0
1.896230102
0
0
0
0
0
0
0
0
0
0
0
0
0
0
0
0
0
0
0
0
0
0
0
0
0
0
0
0
0
0
0
0
0
0
0
0
0
0
0
0
0
-0.4
6.7
0
5.179783821
0
0
0
0
0
0
0
0
0
0
0
0
0
0
0
0
0
0
0
0
0
0
0
0
0
0
0
0
0
0
0
0
0
0
0
0
0
0
0
0
0
0
9.623797417
0
0
0
0
0
0
0
0
0
0
0
0
8.10922718
0
0
2.995850325
8.987550735
8.987550735
0
4.264659882
12.79397964
8.529319763
8.529319763
4.264659882
3.761067867
0
0
3.761067867
17.19345284
0
4.925302505
8.443375587
2.462651253
2.462651253
0
0
3.916542053
3.916542053
0
0
0
5.800457001
2.9002285
5.800457001
2.9002285
2.818397284
4.932195187
2.466097593
0
7.398292542
0
3.712725639
3.712725639
1.85636282
3.712725639
2.207247257
5.045136929
6.621741295
2.207247257
5.045136929
4.166146278
21.63845253
14.36895275
3.485958815
0
0
0.759379983
1.687510848
32.14708328
0.928130984
0
0
12.3707304
18.55609512
7.068989277
24.40144348
6.10036087
0
0
0
8.37771225
0
0
8.37771225
4.188856125
7.621709824
0
7.621709824
15.24341965
7.621709824
3.588220835
0
7.176441669
0
0
0
11.70629978
17.55945015
23.41259956
0
4.906895161
0
4.906895161
9.813790321
9.813790321
0
0
8.089057922
8.089057922
0
16.17811584
43.22011948
9.878885269
8.644023895
8.644023895
0
0
9.878494263
9.878494263
0
9.878494263
0
17.65172768
0
17.65172768
0
0
0
0
22.76702881
0
0
13.37654591
0
0
0
15.1689682
15.1689682
17.3359642
30.3379364
0
0
0
0
0
0
0
0
18.6619854
0
0
0
0
0
13.05380821
26.10761642
18.60832024
18.60832024
0
0
0
10.00211716
0
0
0
10.00211716
20.00423431
9.590819359
0
0
19.18163872
0
0
0
0
0
0
3.781100512
0
3.442494392
0
4.842065811
0
24.27433205
0
0
24.27433205
0
0
16.76146317
16.76146317
16.76146317
16.91150856
0
0
16.91150856
16.91150856
0
11.51360512
0
0
11.51360512
11.51360512
0
0
0
0
0
11.67043591
35.01130676
0
0
0
0
0
0
0
13.0421257
17.59939194
0
0
0
0
11.42761421
0
11.42761421
11.42761421
0
0
10.12556171
0
0
0
8.555906296
25.66771889
0
0
0
0
7.199442387
0
7.199442387
0
14.39079285
0
0
7.195396423
0
9.36429882
0
0
9.36429882
18.72859764
0
0
0
20.60362053
0
0
11.97435474
3.991451502
0
0
3.991451502
0
7.495115757
0
3.747557878
3.747557878
0
0
0
0
0
0
0
0
0
0
0
0
0
0
0
0
0
0
0
0
0
0
0
0
0
3.436584711
0
3.436584711
0
3.436584711
3.698670149
1.849335074
0
0
0
0
0
0
0
2.440106392
3.931256771
3.931256771
3.931256771
0
0
0
0
0
0
0
0
-0.4
6.7
0
0
0
0
0
0
0
0
0
0
0
0
0
0
0
0
0
0
0
0
0
0
0
0
0
7.36345005
3.681725025
0
0
0
0
0
2.701516151
2.701516151
2.701516151
0
0
0
7.786569595
3.893284798
3.893284798
2.90243721
5.80487442
5.80487442
2.90243721
0
9.049938202
3.959347486
0
0
0
0
0
0
0
0
1.871453762
0
3.742907524
3.742907524
0
0
0
5.893793583
5.893793583
0
0
3.994710445
0
11.98413181
0
0
12.94403648
16.989048
16.989048
2.540579796
0
2.540579796
0
5.081159592
0
8.38915062
0
0
0
0
0
0
5.744565487
5.744565487
0
0
9.512251854
4.756125927
0
9.512251854
0
0
6.175824642
3.087912321
6.175824642
11.69325161
7.795500755
0
3.897750378
15.59100151
6.328527451
9.492791176
0
0
6.328527451
0
2.740782976
5.481565952
0
2.740782976
0
11.27243328
0
0
3.757477522
0
0
11.92831993
14.6341753
4.532310486
0
0
0
0
14.8045702
0
0
0
0
18.38571167
0
0
0
0
6.466867447
11.34399319
17.0159893
5.671996593
0
5.671996593
4.573681355
18.29472542
0
18.29472542
9.147362709
0
0
0
0
14.1731329
14.1731329
0
36.53850555
0
18.26925278
18.26925278
12.41756439
24.83512878
0
0
0
0
0
0
0
0
0
0
17.50669861
0
0
0
37.82245636
0
12.60748577
0
0
9.788649559
19.57729912
0
0
0
0
0
12.65941906
0
15.51223755
0
31.0244751
15.51223755
0
0
21.58739662
0
0
0
0
0
0
0
0
0
0
0
0
0
0
0
0
28.23496437
0
0
0
0
0
0
0
0
0
0
0
0
0
0
0
0
0
0
0
10.74932194
10.74932194
0
0
0
0
0
14.47111988
28.94223976
0
0
0
0
0
0
0
29.1185894
0
0
0
0
0
0
0
0
0
0
0
0
0
0
0
0
23.1214447
0
0
18.07813835
0
0
0
9.678946495
9.678946495
0
0
6.321772099
18.96531487
0
0
6.321772099
11.16401196
0
0
0
11.16401196
9.452446938
9.452446938
0
0
9.452446938
15.60053539
0
0
0
0
13.00136089
13.00136089
0
0
0
0
0
0
0
0
0
0
0
0
0
0
0
0
0
0
0
0
0
0
0
0
0
0
0
0
0
0
0
0
12.74749565
0
9.988986969
0
0
0
3.329662323
3.585056305
0
0
0
0
3.647839785
0
0
0
0
0
0
0
0
0
4.018398285
0
0
0
4.018398285
0
0
0
0
0
0
-0.4
6.7
3.271192074
0
0
0
0
0
0
0
0
0
0
0
2.458164692
2.458164692
1.229082346
1.830795288
0
0
0
1.830795288
2.468610525
0
0
0
0
0
0
0
0
0
0
0
0
0
0
0
0
0
0
0
0
0
0
0
0
0
0
0
0
0
0
0
0
0
0
0
3.319020987
6.638041973
6.638041973
5.960416317
8.940625191
0
0
0
0
0
0
0
0
0
7.196809292
2.39893651
4.79787302
0
0
1.450682878
0
0
2.901365757
4.600203037
21.02949905
13.80060863
0
4.600203037
12.94318008
0
0
0
9.707385063
3.235795021
3.163732052
9.491195679
12.65492821
9.491195679
0
0
0
3.632436991
0
0
13.76405144
41.54371643
0
1.437498808
2.407810688
13.21074963
0
4.40358305
5.032666683
4.40358305
0
6.423892975
0
0
6.423892975
1.75838089
2.591297865
12.21612072
9.162090302
4.581045151
11.15675068
5.57837534
5.57837534
0
11.15675068
0
0
0
9.533652306
0
0
4.858252048
8.501940727
0
0
0
0
6.708364487
0
13.41672897
0
19.56378937
6.521263123
0
0
0
11.10569763
0
9.717484474
0
0
24.91087723
16.60725021
24.91087723
24.91087723
8.303625107
0
0
0
8.075129509
8.075129509
22.4068222
0
0
22.4068222
0
11.34369659
0
0
22.68739319
0
0
0
8.380735397
0
0
0
0
0
18.8792057
0
0
0
0
0
0
0
0
0
0
15.18508816
0
50.61539459
0
0
0
0
0
0
0
0
0
0
0
0
0
0
0
0
0
0
0
0
0
0
0
0
0
0
0
0
0
0
0
0
0
23.67035866
0
0
0
0
0
0
0
0
23.31720543
0
0
0
0
0
0
0
0
0
0
0
0
6.662818432
6.662818432
6.662818432
6.662818432
6.662818432
13.13353634
0
13.13353634
6.566768169
0
0
20.57723808
41.15447617
0
0
0
0
5.398177624
10.79635525
0
6.587837219
7.528957844
6.587837219
0
0
0
0
9.876865387
19.75373077
9.876865387
0
4.692240238
14.07672119
4.692240238
4.692240238
0
6.068348885
0
12.13669777
0
0
0
15.4096756
0
0
7.00347662
0
7.00347662
0
0
0
25.19544792
0
8.398483276
8.398483276
8.398483276
7.021941185
0
0
0
0
0
0
5.457674026
0
5.457674026
0
0
0
0
0
0
0
0
0
0
4.286993504
0
0
0
0
3.581016779
3.581016779
0
7.162033558
0
2.523990631
0
0
0
0
0
3.937167645
0
1.312389255
3.937167645
6.980976105
0
0
0
0
0
0
0
0
0
0
0
0
0
0
0
0
0
0
0
0
-0.4
6.7
0
0
0
0
6.05769825
0
0
0
0
0
0
0
0
0
0
0
0
0
0
0
0
0
0
0
0
0
0
0
0
11.32821655
3.776072025
5.486184597
0
0
2.400205612
0
0
0
0
0
2.729688168
3.643998623
7.287997246
0
0
0
0
0
0
0
0
0
0
0
0
0
0
0
0
0
2.3867836
2.3867836
0
0
0
0
0
0
0
0
0
7.441504478
3.720752239
0
0
0
0
1.84424293
1.84424293
0
0
0
0
0
2.451215267
0
2.451215267
0
7.353645325
4.902430534
7.704219341
7.704219341
2.568073273
5.136146545
7.704219341
3.535332918
3.535332918
7.070665836
10.60599804
3.535332918
2.313251019
5.28743124
4.626502037
6.939753056
0
0
3.177743673
3.631707191
9.533230782
0
8.965922356
15.69036293
7.845181465
0
0
0
9.877929688
4.938964844
5.64453125
14.81689453
12.08057785
6.040288925
0
12.08057785
0
10.7065134
18.94771194
14.58058262
0
6.40982151
8.396440506
0
0
0
0
0
0
0
25.51847267
0
0
0
18.65782356
0
0
0
0
12.90221596
0
19.35332298
6.451107979
23.53570747
9.217864037
13.74926376
9.372930527
4.100657463
0
0
0
0
0
0
0
0
10.50868988
0
0
0
26.83513832
0
0
30.80586052
7.70146513
0
0
0
16.79519463
0
0
0
0
0
23.9154377
0
0
0
14.30346298
0
14.30346298
14.30346298
0
9.503692627
0
0
0
0
0
0
0
0
22.88832283
0
0
0
0
0
0
0
0
0
0
0
0
0
0
0
0
0
0
0
0
16.53683853
14.7816143
0
14.7816143
0
0
0
0
27.63150406
0
0
0
0
0
0
0
0
0
0
0
0
0
0
0
0
0
0
0
0
0
18.24640846
0
0
0
0
19.5540657
0
17.28704643
0
0
17.28704643
0
0
0
22.30283356
0
0
25.20249939
8.40083313
0
0
0
0
0
0
0
13.69055748
0
17.28902245
0
0
0
7.402505875
14.80501175
0
0
7.402505875
0
14.47546864
21.71320343
7.237734318
7.237734318
0
0
19.69613075
0
6.565377235
9.316725731
0
0
9.316725731
0
0
0
0
0
0
0
0
0
0
0
0
0
0
0
0
0
0
0
0
2.521387339
2.521387339
0
2.975968838
0
0
0
4.172609806
2.781739712
0
1.390869856
1.390869856
0
0
0
0
0
0
2.016573429
4.033146858
0
0
0
1.782783508
1.782783508
0
0
0
0
0
0
0
0
0
0
0
2.967846394
0
0
3.018082142
0
0
0
-0.4
6.7
0
0
0
0
6.218259335
0
0
0
0
0
0
0
0
0
0
0
0
0
0
0
0
0
4.362419605
0
0
0
0
0
0
6.049825191
0
0
3.993071079
3.993071079
0
0
0
0
0
0
0
0
0
0
0
6.718749523
5.030839443
13.2059536
4.401984692
0
0
0
0
0
0
0
0
2.226657867
4.453315735
0
0
5.363986969
6.130271435
16.09196091
1.787344456
10.48575306
0
9.175034523
4.051313877
4.133341312
8.266682625
8.266682625
0
4.133341312
12.6312151
4.210404873
8.420809746
4.210404873
4.210404873
0
4.022771835
4.597453594
4.022771835
0
3.738032818
0
0
0
0
7.476065636
7.81867218
13.68267536
3.42066884
0
6.841337681
0
11.29484558
3.764948606
0
0
0
0
6.044044018
7.932806969
5.288537979
7.41264534
14.82529068
0
0
7.41264534
9.692996025
0
0
5.654247284
0
3.673842907
6.429224968
9.643836021
0
3.214612484
0
0
0
0
0
4.606309414
0
4.606309414
9.212618828
4.606309414
0
0
10.36680984
11.84778309
10.36680984
5.482372284
0
0
16.44711685
5.482372284
0
0
0
0
6.977331161
4.915240765
9.830481529
4.915240765
4.915240765
0
5.617418289
0
0
9.541222572
19.41527748
0
0
0
0
17.06768036
0
14.98692513
0
0
7.493462563
22.48038483
0
11.70870399
20.49023056
0
0
0
16.41712379
8.208561897
28.14364243
0
7.150969505
7.150969505
7.150969505
14.30193901
7.150969505
18.6718483
56.01554108
0
0
18.6718483
0
18.5569706
0
0
32.47469711
24.88462257
37.32693481
0
12.44231129
24.88462257
15.0247879
15.0247879
0
30.04957581
0
0
12.92281055
12.92281055
25.84562111
0
0
0
12.08967495
0
0
0
0
0
0
0
0
0
0
0
0
0
11.74291706
0
0
0
0
13.21561241
26.43122482
0
0
26.43122482
0
14.02001476
0
0
14.02001476
31.4897747
0
0
0
47.23466492
15.74488735
7.882205009
7.882205009
7.882205009
0
0
15.034338
0
0
0
15.034338
9.47953701
0
18.95907402
0
0
0
28.48456573
0
0
0
12.90272713
12.90272713
0
0
12.90272713
12.10465431
0
24.20930862
0
24.20930862
6.419800758
0
0
12.83960152
12.83960152
0
0
9.842469215
9.842469215
0
6.264099598
6.264099598
6.264099598
6.264099598
0
0
0
16.31111717
8.155558586
0
0
8.357625008
8.357625008
0
16.71525002
15.845294
0
36.21781158
0
0
0
0
2.389269352
4.778538704
4.778538704
2.389269352
0
0
0
2.201117277
6.60335207
3.166201591
0
0
0
0
0
3.242051601
3.242051601
0
0
3.076235294
3.076235294
0
0
0
2.824039698
2.471034527
0
0
0
0
0
0
0
0
0
4.523431778
0
4.523431778
0
0
0
0
0
0
0
0
0
0
0
0
0
0
0
0
0
0
0
0
0
0
-0.4
6.7
0
2.985003233
0
0
0
0
0
0
0
0
0
0
0
2.289805412
0
0
0
0
1.513796926
3.027593851
0
0
0
0
0
0
0
0
0
0
0
0
0
0
0
0
0
0
0
0
0
0
0
0
0
0
0
0
0
0
0
13.1758585
0
0
0
0
0
0
0
0
0
0
0
0
0
0
0
0
0
0
0
0
0
0
0
8.769981384
4.384990692
8.769981384
17.53996277
17.53996277
0
0
2.907433987
0
8.722301483
7.73063612
15.46127224
7.73063612
0
0
0
3.112240314
3.112240314
0
6.224480629
9.33672142
0
5.477423191
0
0
0
13.85624027
2.309373379
0
0
2.309373379
0
4.137242317
0
4.137242317
8.274484634
3.949778795
15.79911518
0
0
0
3.534041405
3.534041405
7.068082809
10.60212326
0
21.14810181
0
0
5.287025452
5.287025452
3.862272263
7.724544525
3.862272263
7.724544525
11.58681679
0
8.722947121
0
4.36147356
4.36147356
0
0
0
0
0
4.149180889
8.298361778
8.298361778
12.44754219
0
26.08512688
0
0
0
0
0
23.00651741
11.50325871
0
0
11.50325871
0
0
0
26.44063568
0
0
25.86590767
0
0
0
31.52179146
10.50726414
10.50726414
10.50726414
0
0
13.24999332
0
0
0
0
0
0
0
24.19976425
0
0
5.687826633
11.37565327
0
24.32338715
12.16169357
12.16169357
24.32338715
0
0
0
0
0
0
0
0
0
0
0
0
0
0
0
0
0
0
19.28674889
19.28674889
0
0
56.42746353
0
14.10686588
0
0
0
0
0
19.26552773
0
0
0
0
0
0
0
0
0
0
0
0
0
20.83020592
0
0
0
6.855128288
0
0
0
0
0
0
0
0
0
0
21.49064827
0
0
21.49064827
8.453249931
4.8304286
4.226624966
4.226624966
8.453249931
0
0
16.61106491
0
16.61106491
0
5.621963978
0
0
16.86589241
0
11.79149914
0
0
0
8.605050087
8.605050087
8.605050087
8.605050087
0
11.39704704
11.39704704
0
0
0
0
0
0
0
0
6.188162327
12.37632465
12.37632465
0
0
0
12.19191742
0
6.09595871
0
0
7.587601662
15.17520332
22.76280403
0
15.17520332
3.127538681
0
0
3.127538681
3.127538681
0
0
0
2.604309082
0
0
0
0
2.439975739
7.319927216
0
0
3.60558176
0
0
3.654597998
0
0
0
0
0
0
0
0
0
0
0
0
0
0
0
0
1.515529633
0
0
2.979846716
0
0
0
0
0
0
0
0
0
3.000921965
0
0
0
0
0
0
0
0
0
4.289784908
-0.4
6.7
0
0
0
0
0
0
5.309103012
0
0
0
0
0
0
0
0
0
0
0
0
0
0
0
0
0
0
0
0
0
0
0
0
0
0
3.392993927
3.392993927
0
0
0
0
0
0
0
0
0
2.53987813
0
0
0
0
0
0
0
0
0
0
0
1.631769538
1.631769538
3.263539076
11.79846001
5.899230003
0
11.79846001
0
0
0
3.503557444
0
3.503557444
0
2.899401665
8.698204994
11.59760666
0
5.650752068
2.825376034
0
8.476128578
0
3.771790981
1.885895491
5.657686234
0
3.771790981
16.12118721
0
5.373729229
0
0
0
16.59757614
8.298788071
20.74697113
0
8.298788071
1.562633038
0
1.562633038
0
3.125266075
3.690237999
5.535356998
1.845118999
1.845118999
0
7.295173645
4.863449097
7.295173645
2.431724548
0
3.662945747
3.662945747
0
7.325891495
7.325891495
12.13632679
0
0
8.090884209
0
0
11.40406036
11.40406036
17.10609055
0
4.798017502
0
4.798017502
9.596035004
0
0
4.444460392
4.444460392
8.888920784
17.77784157
4.282970428
0
0
4.282970428
17.13188171
0
0
0
17.42715645
5.809051991
0
15.70767212
7.85383606
7.85383606
7.85383606
15.70767212
6.078591824
6.078591824
0
0
6.078591824
0
0
0
17.14167023
0
0
7.238863468
7.238863468
0
0
0
8.642349243
17.28469849
0
0
0
0
29.41924286
14.70962143
0
0
15.08018398
15.08018398
15.08018398
0
0
18.58797264
18.58797264
0
18.58797264
0
0
0
0
0
0
0
0
0
0
0
0
0
0
0
0
0
0
0
0
0
0
0
0
0
0
0
0
0
0
0
0
0
0
0
0
0
0
0
0
0
0
0
0
0
0
0
0
0
31.80021858
0
0
0
0
0
0
0
0
0
0
0
0
0
0
16.71201515
16.71201515
0
9.572896004
28.71868706
0
0
0
0
7.550934315
15.10186863
0
0
8.523907661
8.523907661
8.523907661
0
17.04781532
0
24.32915497
0
0
0
0
0
0
11.59693718
0
0
10.61486721
0
0
0
0
8.727685928
0
0
0
0
17.21837234
0
0
15.06607628
0
8.050297737
8.050297737
8.050297737
0
0
0
11.82514286
0
0
0
0
0
0
0
0
5.128755093
0
5.128755093
5.128755093
0
4.333426476
4.333426476
0
0
0
0
0
0
0
0
0
4.632452488
0
0
4.632452488
3.872923374
0
0
0
0
5.097754478
2.548877239
2.548877239
0
0
0
0
0
0
0
0
0
0
0
0
0
0
0
0
0
0
0
0
0
0
0
0
0
0
0
0
-0.4
6.7
0
0
0
0
0
3.993626595
3.993626595
0
0
0
3.183007956
0
0
0
0
0
0
0
0
0
0
2.09287262
0
2.09287262
2.09287262
0
0
0
0
0
0
0
0
0
0
0
0
0
0
0
0
0
0
0
0
0
0
4.900243759
0
0
0
0
0
3.101021767
3.101021767
3.101021767
1.915534735
0
1.915534735
0
5.297790051
2.648895025
0
0
5.090631962
2.545315981
5.090631962
2.545315981
7.635948181
0
3.859017611
1.929508805
0
0
7.795364857
3.897682428
3.897682428
4.454493999
0
0
4.10720396
0
2.05360198
0
0
7.14774704
3.57387352
10.72162056
0
3.57387352
0
0
4.817176342
4.817176342
0
9.798699379
14.69804955
16.79776955
9.798699379
0
5.506004333
0
8.2590065
0
8.2590065
6.063141346
6.063141346
0
18.18942451
0
0
0
0
0
0
5.253130436
6.003578186
0
2.626565218
5.253130436
8.523867607
12.78580093
8.523867607
8.523867607
0
6.212312698
0
6.212312698
6.212312698
0
12.43299294
4.144330502
0
8.288661003
0
10.48063278
10.48063278
10.48063278
10.48063278
0
0
7.185443401
3.592721701
0
3.592721701
4.141707897
12.42512417
12.42512417
4.141707897
4.141707897
0
0
6.852019787
13.70403957
13.70403957
0
47.18332291
0
0
9.436664581
18.87332916
0
0
7.468296528
0
0
10.30229568
0
0
20.60459137
0
6.025144577
0
0
12.05028915
0
0
53.12463379
0
0
0
0
20.78299522
18.18512154
0
36.37024307
0
0
7.664577961
7.664577961
7.664577961
8.457371712
25.37211418
0
0
0
15.5016222
0
0
0
0
0
0
8.686700821
0
0
0
0
0
0
0
13.7595005
0
0
0
0
46.72990036
21.50629807
0
0
10.75314903
0
0
0
0
0
0
0
0
0
0
8.868883133
9.82358551
0
0
0
9.82358551
0
0
0
0
0
0
0
5.508112907
0
5.508112907
0
27.15539932
0
13.57769966
0
0
0
0
0
0
0
0
0
0
14.35513592
0
7.049506187
0
7.049506187
8.056578636
0
0
0
9.839435577
0
0
0
16.68725014
0
0
0
0
0
0
28.86684799
0
7.346278191
7.346278191
0
14.69255638
7.346278191
0
24.56879997
12.28439999
12.28439999
0
11.27942657
11.27942657
5.639713287
0
5.639713287
0
19.34329987
19.34329987
0
0
0
0
0
3.095388174
3.095388174
3.095388174
0
0
6.117115974
3.058557987
6.117115974
0
1.533864021
0
1.533864021
0
6.854103088
0
0
0
0
0
0
2.210649729
2.210649729
0
0
0
0
0
3.466963053
0
0
0
3.195008516
6.390017033
1.361708164
0
0
1.361708164
1.361708164
0
0
0
0
0
0
0
0
0
0
0
0
0
0
0
0
0
0
0
0
0
-0.4
6.7
0
0
0
0
0
0
0
0
0
0
0
0
0
3.477864981
0
0
0
0
0
0
0
1.859233856
3.718467712
1.859233856
0
0
0
0
0
0
0
0
0
0
0
0
0
0
0
0
6.68690443
1.559428215
0
0
4.678284645
1.559428215
0
5.851605415
0
0
0
7.433869362
0
4.95591259
0
2.477956295
5.540293217
0
1.846764326
4.785892963
0
4.785892963
0
0
0
0
0
11.86104107
0
0
0
4.399931431
0
0
0
0
2.883782864
6.59150362
5.767565727
0
0
0
0
4.679055691
0
6.38519001
3.192595005
3.192595005
9.577785492
3.192595005
6.111863136
3.055931568
9.167794228
0
3.055931568
4.804718971
2.402359486
7.207078457
0
0
11.53216362
3.844054699
0
4.393205643
23.06432724
2.679937601
0
2.679937601
5.359875202
5.359875202
0
0
0
0
0
0
12.77087402
0
6.385437012
3.648821115
0
0
0
4.347700119
8.695400238
0
0
0
0
0
22.39719963
7.465732574
0
0
0
8.871460915
4.435730457
0
4.435730457
0
0
0
0
6.237092495
3.118546247
0
0
12.10498238
9.078737259
3.026245594
6.052491188
9.086796761
18.17359352
4.54339838
0
4.54339838
13.06492043
0
0
13.06492043
26.12984085
10.2142868
0
0
0
0
0
0
77.82289124
0
0
0
14.46953583
0
7.234767914
0
0
0
0
7.004798412
0
0
0
0
0
0
0
0
2.952486992
0
0
0
0
0
4.688707352
4.688707352
61.45407867
0
0
0
0
0
0
0
0
0
4.530744076
4.530744076
0
0
0
0
0
0
0
0
0
0
0
0
0
12.77096844
33.6222496
0
11.20741653
0
0
0
0
0
29.25965118
0
0
7.147940636
0
0
0
0
0
0
0
0
0
0
0
0
32.23804092
10.74601364
0
0
0
19.81196404
0
0
5.889819145
11.77963829
0
0
9.830684662
0
9.830684662
29.49205399
0
0
0
0
0
0
20.58348274
0
0
0
61.75045013
0
4.749668121
4.749668121
0
0
0
0
0
24.61484909
0
0
0
0
66.643013
0
42.6748848
8.534976959
0
0
0
6.470572948
6.470572948
0
6.470572948
0
8.045111656
0
8.045111656
16.09022331
8.045111656
8.045111656
3.943100452
0
7.886200905
0
0
8.103777885
0
0
4.051888943
4.051888943
4.66492033
4.66492033
0
4.66492033
0
0
0
7.047495842
7.047495842
0
0
0
0
4.212435246
0
0
0
0
0
2.001570702
0
3.731912851
1.865956426
3.731912851
0
0
0
0
0
0
0
3.135420561
6.270841122
3.135420561
0
0
0
0
0
0
0
0
0
0
0
0
0
0
0
0
0
-0.4
6.7
0
0
0
0
0
0
0
0
0
0
0
0
0
0
0
0
0
0
0
0.561656654
3.909188032
3.909188032
3.909188032
0
0
0
0
0
0
0
0
0
5.116154671
0
0
0
0
0
0
0
0
0
0
0
5.619298458
5.619298458
0
0
0
0
8.753993034
3.387541533
0
0
0
5.081312656
0
2.879655838
5.759311676
5.759311676
9.415855408
0
3.138618469
0
0
0
0
0
0
0
0
3.518683672
0
0
3.518683672
10.93062115
0
0
5.465310574
5.465310574
4.37357378
4.37357378
2.18678689
2.18678689
6.560360432
2.383686066
2.383686066
2.383686066
4.767372131
7.15105772
2.383686066
8.862607002
8.862607002
0
2.954202414
2.954202414
0
4.510565281
9.021130562
0
0
0
1.715847015
1.715847015
0
3.431694031
0
0
4.134583473
0
0
0
4.797773361
2.398886681
0
0
2.354942083
11.77471066
4.709884167
4.709884167
2.354942083
2.363133907
0
0
2.363133907
0
13.53232765
0
3.383081913
0
0
7.668110371
15.33622074
0
15.33622074
15.33622074
0
0
0
5.863940239
2.931970119
0
8.151628494
0
0
8.151628494
30.89641762
0
0
0
0
6.179283619
0
0
0
25.48065376
0
0
39.49476624
0
0
0
0
0
7.052552223
14.10510445
0
0
0
0
0
0
0
0
0
0
0
0
0
10.69569683
0
10.69569683
0
0
11.9077034
0
0
33.46794128
0
0
66.93588257
16.73397064
0
0
0
0
0
0
0
0
0
0
0
0
0
0
0
0
0
0
0
0
0
0
0
0
0
0
0
0
0
0
0
0
0
0
43.06922913
0
0
0
0
0
0
0
0
0
0
0
0
0
0
0
0
28.38027573
6.428617477
6.428617477
6.428617477
0
0
0
0
0
0
0
14.91364574
0
14.91364574
14.91364574
0
12.26633167
0
0
36.79899979
12.26633167
9.015199661
0
0
6.761399269
0
26.53422928
0
0
26.53422928
0
0
0
33.26085663
0
0
0
0
0
15.07769299
15.07769299
16.7027092
5.567569733
0
0
0
9.493683815
0
0
0
18.98736763
0
0
6.23554039
6.23554039
0
0
0
0
15.81612492
0
15.81612492
0
0
0
0
0
0
4.799045086
0
0
0
0
0
0
1.755244613
1.755244613
0
0
3.568742037
3.568742037
3.568742037
0
0
0
3.539622068
3.539622068
3.933814764
2.247894287
0
0
0
0
0
0
0
0
0
0
0
0
0
3.316106796
9.948320389
3.316106796
0
0
0
0
0
0
0
0
0
0
3.907487392
3.907487392
1.679178834
3.235288143
0
0
3.235288143
0
-0.4
6.7
0
0
0
0
0
0
0
0
0
0
0
0
0
0
0
0
0
0
0
0
0
0
0
0
1.479419351
0
0
5.08117485
0
0
0
0
0
0
0
0
2.879178762
0
2.879178762
5.758357525
0
0
6.866057873
3.433028936
0
0
0
0
0
0
0
0
0
0
0
10.39309502
3.457138062
3.457138062
1.728569031
9.432459831
0
3.144153118
3.144153118
0
3.99090004
0
7.981800079
3.99090004
7.981800079
0
11.82802296
17.742033
0
11.82802296
0
9.113482475
4.556741238
9.113482475
9.113482475
3.679676056
3.679676056
0
3.679676056
0
11.05296612
0
0
0
0
5.526483059
2.98501873
0
0
0
0
0
3.911519289
3.911519289
0
0
0
4.779628754
0
14.33888626
9.559257507
0
0
2.356220245
3.940180063
6.566966057
4.311845303
8.623690605
17.24738121
0
8.623690605
0
0
0
11.75050449
5.875252247
0
0
11.49425697
22.98851395
11.49425697
0
10.01065159
0
10.01065159
0
0
0
0
0
0
0
4.981254101
9.962508202
4.981254101
0
0
11.81774426
5.908872128
0
0
13.19282436
13.19282436
0
0
13.19282436
19.78923416
0
0
0
8.330192566
16.66038513
0
0
0
0
22.20210457
23.42172813
11.71086407
11.71086407
11.71086407
0
0
0
0
0
0
0
0
23.84554672
0
0
0
0
0
0
13.94840527
0
0
0
0
7.971452713
0
0
2.360139847
0
0
0
0
13.33019161
0
0
0
11.73535442
0
0
0
0
0
0
0
23.32654572
0
0
0
0
0
0
0
0
0
0
0
0
0
0
0
0
0
0
0
0
0
0
0
0
0
0
0
0
0
0
0
0
0
0
61.97494888
0
0
0
0
0
0
16.67657471
0
0
0
0
0
0
0
0
0
0
0
0
0
11.33932209
11.33932209
0
0
0
41.83478165
0
0
28.58953476
7.14738369
7.14738369
7.14738369
0
0
0
0
17.94637871
0
11.7283926
11.7283926
11.7283926
23.4567852
0
0
0
10.39224434
10.39224434
0
0
10.48233128
20.96466255
10.48233128
0
0
0
14.65222549
0
0
0
0
8.097801208
16.19560242
8.097801208
14.98600006
0
4.995333195
14.98600006
9.990666389
0
0
0
0
0
0
0
0
0
0
0
0
0
0
0
0
0
0
0
3.880590916
3.372253656
0
0
1.686126828
1.686126828
9.475518227
0
0
0
0
0
3.711264133
0
0
3.711264133
5.380542278
0
0
0
0
0
0
0
0
0
0
0
0
0
0
0
0
0
0
0
0
-0.4
6.7
0
0
0
0
3.693319082
0
3.430732489
0
0
0
0
1.575120926
0
0
1.575120926
0
0
0
0
0
0
0
0
0
0
2.513768673
0
0
5.027537346
5.027537346
0
0
0
0
0
0
1.921229124
0
0
1.921229124
1.921229124
1.844701171
0
0
3.689402342
3.689402342
3.993486166
1.996743083
1.996743083
0
1.996743083
2.768470287
2.768470287
0
0
0
1.190183759
0
1.190183759
10.28620911
0
10.28620911
5.143104553
5.143104553
9.933779716
9.933779716
4.966889858
14.90067005
0
0
2.949581385
0
2.949581385
0
4.392195702
0
0
4.392195702
4.392195702
5.215721607
5.215721607
0
0
2.607860804
2.678992271
8.036975861
2.678992271
2.678992271
0
5.357984543
0
18.01140785
0
4.502851963
4.502851963
2.031605959
0
2.031605959
0
2.031605959
2.395230055
2.395230055
2.395230055
4.79046011
0
5.177867413
2.588933706
2.588933706
5.177867413
0
0
0
2.728117228
5.456234455
8.184351921
0
8.772018433
13.15802765
8.772018433
4.386009216
3.685669899
3.685669899
7.371339798
0
0
9.40145874
9.40145874
4.70072937
0
14.10218811
14.02096844
0
14.02096844
7.010484219
14.02096844
24.35849953
0
6.089624882
18.26887321
12.17924976
9.33405304
0
9.33405304
0
4.66702652
4.275949478
0
8.551898956
0
4.275949478
0
0
0
25.76888275
0
0
0
12.20133781
36.60401154
24.40267563
0
14.49429989
0
0
0
21.74144936
0
6.790040493
6.790040493
0
13.58008099
0
0
0
19.2159729
19.2159729
0
0
0
0
0
0
0
0
0
16.86923027
0
14.80936813
0
0
0
0
0
0
20.9207325
0
0
0
0
0
0
0
0
0
0
0
0
0
14.38073158
0
0
28.76146317
35.23098373
35.23098373
0
0
0
0
0
0
0
0
0
0
0
0
0
0
0
0
0
0
0
0
0
0
0
18.48322678
9.241613388
0
0
0
0
50.99922562
0
16.99974251
0
0
9.858405113
19.71681023
9.858405113
0
0
0
17.96807098
0
0
11.97871399
0
0
0
0
0
0
43.59984207
0
0
0
0
13.45966148
6.729830742
0
0
0
0
11.72301102
11.72301102
0
0
0
0
12.15973473
12.15973473
20.80891418
6.936305046
13.87261009
6.936305046
6.936305046
0
0
7.547823429
30.19129372
0
0
0
0
0
12.52147293
0
0
8.741555214
17.48311043
0
0
2.25929594
4.518591881
0
4.518591881
0
2.213787556
0
2.213787556
0
0
0
0
0
0
0
0
0
0
0
0
0
0
0
0
0
0
0
0
0
0
2.31457305
4.629146099
2.31457305
0
0
0
0
0
0
0
0
0
0
0
0
0
0
0
2.300215483
0
0
0
0
0
0
0
0
0
0
0
0
-0.4
6.7
0
0
0
0
0
0
0
0
0
0
0
0
0
0
0
0
0
0
0
0
0
0
0
0
0
0
0
0
3.401740551
3.401740551
0
0
0
0
0
0
0
3.275925875
9.827777863
6.551851749
3.275925875
0
2.952275515
0
0
0
0
0
0
0
3.317629576
2.116977453
0
4.233954906
0
0
0
0
0
0
0
0
0
0
0
0
4.20238018
4.20238018
0
2.97700119
0
0
0
0
14.82644367
0
4.942147732
0
0
0
0
3.303246737
3.303246737
0
11.60378456
0
0
0
17.40567589
0
11.5253334
17.28800011
0
5.762666702
34.57600021
0
23.66711998
0
0
0
0
0
5.123271465
0
3.415514469
3.6964674
0
14.7858696
0
0
6.318145275
6.318145275
6.318145275
0
3.159072638
8.094928741
8.094928741
0
4.047464371
4.047464371
0
24.58562088
0
8.195206642
8.195206642
0
0
3.630453825
0
3.630453825
32.58536148
0
0
8.14634037
8.14634037
0
0
0
0
5.16259861
19.87281609
4.968204021
0
0
0
0
9.577752113
0
0
0
0
0
27.86301994
9.287672997
9.287672997
18.57534599
24.08972168
0
0
0
12.04486084
6.275093555
0
6.275093555
0
0
0
0
0
0
25.90505028
0
0
16.69747734
16.69747734
0
0
0
21.88467979
0
0
0
0
0
0
0
0
0
0
0
0
0
0
0
0
0
47.3925972
0
0
0
23.6962986
57.9161644
0
0
0
28.9580822
32.86351395
32.86351395
0
0
0
0
0
10.12765408
0
0
0
0
0
0
0
0
0
0
41.07302856
0
0
0
0
0
0
15.4295969
0
0
0
0
0
10.57564545
21.15129089
10.57564545
0
21.15129089
21.15129089
22.72857094
0
11.36428547
11.36428547
22.72857094
0
0
0
51.07175064
0
0
20.32116318
0
0
20.32116318
0
0
17.93311501
53.79934692
17.93311501
12.25180244
0
24.50360489
12.25180244
12.25180244
0
0
30.46408653
0
0
0
12.48139763
0
0
0
0
0
0
0
0
0
0
22.09951019
0
0
0
6.077980042
12.15596008
24.31192017
0
0
0
15.78147602
0
7.89073801
0
32.68409729
0
16.34204865
0
0
4.992441654
4.992441654
0
0
0
0
0
0
0
0
0
0
2.482649803
2.482649803
4.965299606
0
0
0
0
0
5.873632431
0
0
0
0
1.731389403
1.731389403
0
0
0
0
6.192931175
12.38586235
0
0
0
0
0
0
0
0
0
0
0
0
0
0
0
0
0
0
0
0
0
0
0
0
0
0
0
0
-0.4
6.7
0
0
0
0
0
0
0
0
0
0
0
0
0
0
0
4.215455055
0
0
0
0
0
0
0
0
0
0
0
0
0
0
0
0
0
0
0
0
2.762173653
0
2.762173653
2.762173653
0
0
0
0
0
0
0
0
0
0
0
0
0
0
0
2.501695871
0
1.119700313
2.239400625
2.239400625
0
6.356909752
3.178454876
9.535364151
3.178454876
3.510394335
3.510394335
1.755197167
1.755197167
3.510394335
5.288362503
5.288362503
3.525574923
0
0
2.306231976
4.612463951
6.918695927
2.306231976
0
4.129262924
2.064631462
6.193894386
2.064631462
2.064631462
3.941984892
3.941984892
3.941984892
3.941984892
0
11.82595539
0
9.29042244
6.193615913
0
6.193615913
2.165225267
6.495676517
2.165225267
0
2.165225267
0
0
6.58455801
6.58455801
0
0
10.51786327
0
0
0
0
13.93582344
6.96791172
0
6.96791172
0
10.09340286
10.09340286
5.046701431
0
0
3.757258892
11.2717762
0
7.514517784
0
0
2.694182158
8.082547188
0
17.60766411
0
17.60766411
0
0
6.914701462
0
6.914701462
13.82940292
0
9.914185524
5.665248871
0
9.914185524
14.87127781
0
0
24.33241272
12.16620636
6.08310318
6.08310318
0
0
24.37168121
0
0
9.391929626
0
0
9.391929626
0
0
0
24.33958435
24.33958435
0
0
0
0
0
0
9.669095993
9.669095993
0
19.33819199
19.33819199
8.43463707
16.86927414
25.3039093
8.43463707
33.73854828
0
21.80245209
10.90122604
0
0
0
0
0
0
0
0
0
0
0
0
0
0
10.87393475
43.49573898
0
0
22.59737968
0
22.59737968
22.59737968
26.76447487
40.14671707
0
0
0
26.76447487
0
0
6.590181828
0
7.531636715
11.80452919
11.80452919
0
0
0
0
0
18.92194939
0
0
0
0
0
0
0
0
0
0
0
19.69820976
0
0
28.1511879
0
0
18.76745796
11.25733662
11.25733662
0
0
0
0
0
0
0
13.87014484
19.9282608
0
0
0
0
0
0
25.42877197
0
8.476257324
0
20.89687347
10.44843674
0
0
0
28.66144562
9.553814888
0
19.10762978
8.070307732
0
8.070307732
0
4.035153866
21.49261284
0
0
0
10.74630642
8.94052124
0
0
17.88104248
0
13.18145084
26.36290169
6.590725422
0
0
0
0
11.41790295
0
0
0
0
0
18.24414825
0
9.122074127
0
0
0
5.785024166
0
0
0
6.120943546
0
6.120943546
3.995485067
0
0
0
0
0
0
0
0
0
6.471809387
0
0
0
0
0
0
0
0
0
0
12.67258263
6.336291313
6.336291313
6.336291313
0
0
0
0
0
0
4.851919174
1.61730659
1.61730659
0
0
4.078271389
0
0
0
0
0
0
0
0
0
0
0
0
0
0
-0.4
6.7
0
0
0
0
0
0
0
0
0
0
0
0
0
0
0
0
0
0
0
0
0
0
0
0
0
0
0
0
0
4.862247944
2.431123972
0
0
0
0
0
0
0
8.62044239
4.310221195
0
4.127244473
0
0
0
8.254488945
0
0
8.136868477
0
0
0
2.40904808
0
2.40904808
2.40904808
5.288448334
2.644224167
0
0
1.452344418
0
0
0
12.12191582
0
18.18287086
6.060957909
6.060957909
13.75317955
9.168786049
13.75317955
0
0
0
0
0
6.236971378
6.236971378
6.717227936
0
0
0
6.717227936
0
13.5979147
0
6.798957348
0
13.5979147
5.601349831
14.00337505
0
5.601349831
2.800674915
5.794448376
11.58889675
0
0
0
0
9.216054916
18.43210983
0
0
9.782869339
0
0
9.782869339
0
0
0
0
11.26856995
0
0
0
0
0
0
8.887542725
13.33131504
8.887542725
4.443771362
8.887542725
13.65768051
6.828840256
6.828840256
20.48652077
6.828840256
0
0
0
9.134438515
0
3.052073956
3.052073956
3.052073956
9.15622139
0
0
0
0
7.062767029
10.59415054
0
0
0
8.201867104
8.201867104
0
0
0
0
8.862344742
8.862344742
0
0
12.28893566
12.28893566
18.43340492
60.59664536
0
0
0
12.1193285
14.0133152
0
0
21.01997185
0
0
0
0
8.069900513
16.13980103
20.08343506
0
40.16687012
0
10.04171753
0
0
0
58.01913834
0
25.01570129
25.01570129
0
25.01570129
25.01570129
0
0
0
0
0
0
0
0
0
0
15.3723402
0
0
0
0
0
0
0
0
0
0
0
0
0
0
0
4.490503788
0
0
0
4.490503788
0
12.90581703
0
0
0
0
0
0
0
22.27425575
0
0
0
0
8.770108223
0
0
23.29892921
0
0
0
0
0
0
0
0
0
0
21.07794189
10.53897095
0
0
11.71669674
23.43339348
0
11.71669674
11.06099129
0
0
0
11.06099129
0
0
0
0
0
0
21.08164597
0
0
0
3.175241709
0
0
3.175241709
6.350483418
0
6.689406395
13.37881279
6.689406395
0
0
6.109155178
6.109155178
6.109155178
6.109155178
0
0
0
0
0
18.77781868
0
0
0
9.38890934
0
0
24.01737022
0
0
0
5.715873241
5.715873241
11.43174648
0
0
0
0
0
0
0
4.190618992
4.190618992
0
0
4.190618992
0
0
0
0
0
0
0
0
0
0
0
0
0
0
0
0
0
0
0
0
0
0
0
0
0
5.912050247
5.912050247
0
0
2.956025124
0
0
0
0
0
6.067251205
3.033625603
0
0
0
0
0
0
0
0
0
-0.4
6.7
1.963895917
0
0
0
0
0
0
0
3.344301939
3.344301939
0
0
0
0
3.236972094
0.940569818
0
0
0
0
0
0
0
0
0
0
7.738197803
0
0
0
0
0
0
0
0
0
0
0
0
0
0
4.681939125
14.04581642
0
18.7277565
0
0
4.655395031
2.327697515
2.327697515
2.327697515
3.37779808
3.37779808
3.37779808
0
3.37779808
1.150740504
2.301481009
2.301481009
3.960784912
0
3.960784912
1.980392456
3.960784912
0
0
0
26.23475075
19.67606163
0
17.51030731
0
5.836769104
11.67353821
6.00806427
0
0
6.00806427
9.012097359
0
0
0
0
0
0
0
0
0
11.75566196
0
4.848340511
2.424170256
7.272511005
0
0
1.463552833
0
0
1.463552833
4.390658855
0
0
0
7.62135601
7.62135601
2.364248037
7.09274435
0
2.364248037
7.09274435
3.004863501
6.009727001
3.004863501
6.009727001
3.004863501
2.541194916
2.541194916
2.541194916
0
2.541194916
11.3371973
11.3371973
0
7.558131218
11.3371973
0
0
6.401407242
0
0
0
0
2.772672653
5.545345306
5.545345306
0
5.436950684
0
0
5.436950684
9.90441227
0
3.301470757
0
0
20.13017845
0
0
6.71006012
6.71006012
13.42012024
0
8.655518532
0
17.31103706
0
11.92764473
35.7829361
23.85528946
11.92764473
0
16.26420784
8.13210392
16.26420784
0
8.13210392
0
0
0
0
0
0
19.17249107
0
0
0
0
0
12.11653805
0
0
25.5189209
25.5189209
0
0
12.75946045
0
9.591410637
19.18282127
9.591410637
9.591410637
0
0
0
0
0
0
0
0
0
0
0
0
0
0
0
0
0
0
0
0
0
0
0
0
0
0
0
8.609536171
0
0
0
0
0
0
0
0
14.44776249
28.89552498
0
0
14.44776249
10.48837662
0
0
31.46512985
0
0
0
0
0
0
0
0
0
0
0
0
0
0
0
17.24797249
34.49594498
11.31365967
11.31365967
0
5.656829834
22.62731934
0
17.70760727
0
17.70760727
17.70760727
0
14.7128706
14.7128706
14.7128706
0
6.914888859
6.914888859
6.914888859
0
0
4.895546436
0
9.791092873
9.791092873
9.791092873
0
20.679636
0
6.893211842
20.679636
0
8.167181969
8.167181969
8.167181969
0
0
0
19.99858475
0
19.99858475
0
0
0
15.61005592
0
6.782428741
6.782428741
0
0
6.782428741
13.56485748
10.26114559
10.26114559
0
0
0
0
4.369349003
4.369349003
4.369349003
0
3.370638371
6.741276741
3.370638371
6.741276741
0
0
5.536552429
5.536552429
0
5.536552429
5.15353632
5.15353632
0
0
0
6.792265415
0
0
0
0
0
0
0
0
0
3.233446121
1.616723061
1.616723061
0
0
0
0
0
0
0
0
0
0
0
0
0
0
0
0
0
3.658631325
0
7.31726265
0
3.658631325
0
-0.4
6.7
0
0
0
0
0
0
0
0
0
0.634349167
0
0
0
0
0
0
0
0
0
0
0
0
0
0
0
6.078703403
0
0
0
0
0
3.732779741
0
7.465559483
0
0
0
0
0
0
8.695222855
6.097661972
6.097661972
12.19532394
6.097661972
0
0
0
7.953919411
0
0
0
11.2803936
11.2803936
0
16.92058945
0
4.834359169
2.417179585
0
0
5.162756443
0
0
0
2.966966152
8.900898933
5.933932304
5.933932304
4.13826704
4.13826704
0
4.13826704
4.13826704
5.315926075
0
5.315926075
5.315926075
2.657963037
12.41427803
0
0
4.138092518
8.276185036
0
2.483499765
2.483499765
4.966999531
0
4.966999531
2.620872498
2.620872498
5.241744995
5.241744995
0
0
0
0
3.939723969
3.939723969
0
3.479755402
1.739877701
1.739877701
0
0
9.396876335
4.698438168
0
0
5.656722069
0
5.656722069
5.656722069
2.828361034
0
4.25509119
8.510182381
12.76527309
4.25509119
0
6.823435307
6.823435307
10.2351532
0
0
0
28.54740524
0
0
12.16363144
12.16363144
0
0
0
0
7.883832932
7.883832932
0
0
0
0
8.971007347
0
0
5.342732906
5.342732906
10.68546581
0
10.68546581
0
0
0
0
8.39025116
16.78050232
0
9.714657784
9.714657784
9.714657784
0
33.8020668
11.26735592
0
0
0
6.683430672
6.683430672
6.683430672
6.683430672
0
6.098469734
6.098469734
6.098469734
6.098469734
0
13.4345665
26.869133
0
0
13.4345665
0
0
38.86968994
0
0
11.33209705
11.33209705
0
11.33209705
33.99629211
19.83873749
0
0
0
19.83873749
0
0
38.78145599
0
38.78145599
12.02471828
0
0
0
0
0
0
0
0
0
0
0
0
0
0
0
0
0
0
0
0
0
13.57351589
0
0
0
0
0
0
0
0
0
10.60372353
0
0
0
18.47215652
55.41647339
0
0
0
36.94431305
0
0
0
0
0
0
0
27.94536209
0
0
0
0
13.3955555
0
0
6.479475975
12.95895195
0
0
12.95895195
0
0
8.11859417
16.23718834
0
14.88724422
22.33086777
7.443622112
0
0
19.30922699
0
6.436409473
0
0
0
0
10.08561039
10.08561039
20.17122078
0
21.74014664
43.48029327
0
0
24.00103378
0
8.000344276
0
8.000344276
8.458470345
16.91694069
8.458470345
16.91694069
25.37541008
46.73005295
0
0
0
0
0
6.432415009
0
0
0
0
0
0
0
0
0
0
0
0
0
0
0
0
0
0
5.842790604
0
0
0
0
0
0
0
0
0
0
0
0
0
0
0
0
0
0
0
0
0
0
0
0
0
0
0
0
0
0
4.91425705
0
0
0
0
0
0
0
0
0
0
-0.4
6.7
0
0
0
0
0
0
0
0
0
0
0
0
0
0
0
0
0
0
0
0
6.728365898
3.364182949
0
0
0
0
0
0
0
0
0
0
0
0
0
1.889130354
0
0
0
0
0
0
0
0
0
0
0
0
16.50324821
11.00216484
0
4.446204662
0
13.33861351
0
0
0
1.301363468
2.602726936
1.301363468
0
4.479236126
4.479236126
4.479236126
2.239618063
3.695839167
0
0
7.391678333
7.391678333
0
0
0
0
0
0
1.688191175
3.376382351
1.688191175
0
0
0
0
2.464526653
2.464526653
3.371063948
0
1.685531974
0
5.056595802
0
0
5.109410763
15.32823277
0
0
5.398635387
2.699317694
5.398635387
13.49658871
2.699317694
0
4.346349239
4.346349239
4.346349239
0
2.023792267
8.095169067
0
4.047584534
4.047584534
0
0
0
4.734780312
9.469560623
0
0
0
0
3.515236855
0
0
3.77098918
7.541978359
0
0
2.779730558
5.559461117
2.779730558
0
6.308187485
0
18.92456245
18.92456245
6.308187485
4.440779209
4.440779209
4.440779209
0
4.440779209
4.247330666
0
0
2.123665333
4.247330666
0
0
0
18.76805687
6.256018639
12.51203728
15.96005058
15.96005058
7.980025291
0
7.980025291
0
0
0
0
0
0
0
0
0
0
20.07717896
30.11576653
0
0
20.07717896
21.77018738
0
0
10.88509369
10.88509369
0
15.30215836
30.60431671
0
0
8.866131783
17.73226357
17.73226357
0
0
0
15.63084221
0
0
0
0
0
0
9.279672623
27.83901787
0
0
0
0
0
13.21107006
0
0
0
0
0
0
0
0
0
10.68048954
0
0
0
0
0
0
0
0
0
0
0
0
0
0
0
0
0
13.23822117
0
0
19.6019783
0
0
0
0
0
0
28.09751511
0
0
0
0
0
0
0
0
8.841074944
17.68214989
0
0
8.841074944
0
0
0
0
0
0
0
0
8.297339439
8.297339439
0
9.461585999
9.461585999
0
9.461585999
26.05604935
52.11209869
0
8.685349464
0
0
0
0
13.05078697
8.700525284
30.75331879
0
0
0
0
4.592051029
0
0
0
13.77615261
5.440065861
10.88013172
5.440065861
16.32019806
0
16.17829514
16.17829514
16.17829514
16.17829514
32.35659027
6.150002956
6.150002956
6.150002956
6.150002956
12.30000591
0
0
0
0
0
0
0
0
0
10.97023773
0
0
3.823032141
0
3.823032141
0
0
0
0
4.251647949
0
1.404105783
1.404105783
1.404105783
0
1.404105783
3.431693554
0
0
0
0
0
0
0
0
2.261863947
2.168233871
0
4.336467743
0
0
2.774599075
2.774599075
2.774599075
0
0
0
0
0
0
0
0
0
0
0
0
0
0
0
0
0
0
-0.4
6.7
0
0
0
0.848907053
0
0
0
0
0
0
0
0
0
0
1.230070233
0
0
0
0
0
0
6.17042923
0
0
0
0
0
0
0
0
0
0
0
0
0
0
0
4.158412933
0
0
0
0
0
5.016355038
0
0
0
0
0
3.273181438
0
6.741681099
3.370840549
0
0
10.11252117
1.22782135
3.683463812
1.22782135
2.623518705
2.623518705
5.247037411
2.623518705
5.247037411
0
0
2.440165758
7.320497513
0
0
0
3.666638613
1.833319306
1.833319306
0
0
0
0
5.973289013
4.093242645
1.364414215
1.364414215
1.364414215
0
6.00231123
3.001155615
6.00231123
0
6.00231123
3.001155615
0
0
0
3.105206966
3.105206966
2.505526066
0
2.505526066
2.505526066
0
0
0
5.800495148
1.933498263
0
0
3.866496801
11.59949112
0
0
0
1.634231329
3.268462658
1.634231329
0
10.87837887
0
0
7.252252102
0
0
0
0
16.9592495
8.479624748
10.2946682
0
0
0
0
7.159843922
0
3.579921961
0
3.579921961
0
6.903913975
3.451956987
3.451956987
0
0
5.365216732
5.365216732
0
0
0
8.220348358
2.816436052
7.793792725
3.896896362
0
9.271172523
13.90676022
0
0
0
9.492064476
0
9.492064476
14.23809528
0
0
0
0
0
0
0
0
21.57702637
0
0
4.051230907
0
0
0
0
0
0
0
6.541294098
0
0
0
13.75806618
13.75806618
6.879033089
0
0
0
0
0
7.181319237
7.181319237
0
0
7.181319237
0
0
0
0
0
0
0
0
37.47657776
0
0
0
0
0
0
0
0
0
0
0
0
0
0
0
0
0
0
0
0
0
0
0
0
0
0
0
0
0
0
0
0
0
0
0
36.12069321
0
0
0
0
0
0
16.48212814
0
12.84262753
25.68525505
0
0
0
0
0
0
0
0
0
0
8.350085258
16.70017052
23.616745
11.8083725
23.616745
0
0
0
18.16986847
0
0
0
0
0
24.22205353
12.11102676
0
12.1427536
0
6.071376801
6.071376801
0
0
0
0
12.81443882
0
4.452867985
8.90573597
4.452867985
4.452867985
0
0
0
0
0
7.349419594
5.497039795
5.497039795
5.497039795
10.99407959
5.497039795
0
6.132565498
0
0
0
0
0
0
2.584000587
0
0
0
0
0
3.431903124
0
0
0
0
3.162803411
6.325606823
0
2.741704941
5.483409882
2.741704941
5.483409882
1.867184877
0
0
0
0
0
0
0
0
0
0
0
0
0
0
0
0
0
8.002610207
0
0
0
0
0
0
0
0
0
0
0
0
0
0
0
0
3.436751366
-0.4
6.7
0
0
0
0
0
0
0
0
0
0
0
0
0
0
0
2.20053792
0
2.20053792
0
0
0
0
0
0
0
0
0
0
0
3.677591085
7.355182171
3.327859163
0
0
0
0
0
0
0
4.135372639
4.135372639
0
0
5.136963844
5.136963844
0
7.054328442
0
0
0
0
0
0
0
0
6.479572773
0
2.113621473
2.113621473
0
0
0
0
5.463208199
3.903696299
3.903696299
7.807392597
0
7.807392597
0
0
0
0
0
9.062501907
6.041667938
3.020833969
6.041667938
0
0
6.643893719
2.214631319
2.214631319
2.214631319
0
10.0806675
15.12100029
0
0
10.0806675
0
0
8.868973732
0
2.956324577
2.082657099
0
0
2.082657099
0
3.468351126
0
6.936702251
0
0
2.895940542
8.687822342
8.687822342
2.895940542
5.791881084
2.465824366
4.931648731
2.465824366
4.931648731
0
6.520890236
0
0
0
9.781335831
7.279033184
0
0
0
14.55806637
11.72357845
2.344715595
2.344715595
0
2.344715595
2.8245821
2.8245821
2.8245821
5.6491642
5.6491642
0
4.63514328
0
9.27028656
4.63514328
10.95081806
0
0
0
0
4.225836277
8.451672554
0
12.67750835
0
0
16.23285294
0
0
16.23285294
32.46570587
35.01589966
17.50794983
0
0
0
0
15.04394436
0
0
0
3.758874178
7.517748356
7.517748356
0
0
0
0
0
25.64346886
0
0
4.175435543
8.350871086
8.350871086
0
11.9132328
0
11.9132328
35.73970032
0
0
0
0
0
0
0
0
0
0
0
66.92137909
0
0
0
0
0
0
0
0
0
0
0
0
0
0
0
0
0
0
0
0
0
0
0
0
0
0
0
8.536064148
0
0
0
0
10.81352901
21.62705803
0
0
0
0
0
0
77.88298035
0
0
0
0
0
0
0
0
0
17.15313339
0
0
15.36147785
0
0
0
33.23445129
0
0
0
44.39094543
0
14.79698181
0
29.59396362
0
0
15.07131577
15.07131577
0
20.69154358
0
0
0
10.34577179
5.260546684
0
5.260546684
0
0
14.73289013
0
0
0
0
12.84222221
0
12.84222221
0
0
0
10.65887642
0
10.65887642
0
0
0
0
0
22.73685455
0
0
0
0
0
18.4453373
0
0
0
5.124009609
10.24801922
0
0
0
6.040291309
0
3.919210434
0
0
0
0
0
4.501143932
2.250571966
0
0
0
0
0
0
0
1.455058217
1.455058217
1.455058217
0
0
0
0
0
0
0
0
0
0
0
0
5.466926575
5.466926575
0
0
0
0
0
0
0
0
0
0
0
0
0
0
0
0
0
0
0
-0.4
6.7
0
0
0
0
0
0
0
0
0
0
0
0
0
0
0
0
0
0
0
0
1.963980079
0
0
0
1.963980079
3.470402002
0
0
0
0
1.735201001
0
0
3.922617674
3.922617674
0
1.148280263
1.148280263
0
0
0
3.640996456
3.640996456
0
0
1.820498228
7.886457443
3.943228722
3.943228722
0
0
3.552340746
0
0
0
0
0
0
0
0
0
0
4.056036949
4.056036949
0
0
0
4.262599945
0
0
11.09052753
5.545263767
5.545263767
0
10.38355064
13.84473419
3.461183548
0
6.922367096
5.696285248
11.3925705
0
5.696285248
22.78514099
3.718155384
0
7.436310768
0
0
7.436310768
0
0
0
0
0
0
6.604092121
6.604092121
13.20818424
0
7.646069527
11.46910477
0
0
0
0
3.503850222
0
0
7.007700443
0
6.144174576
9.216261864
3.072087288
0
3.20102191
0
6.402043819
3.20102191
0
2.701895475
2.701895475
2.701895475
5.403790951
8.105687141
0
0
0
0
3.931159019
2.224401712
2.224401712
2.224401712
8.89760685
2.224401712
0
6.898995399
20.69698524
0
6.898995399
0
7.27294445
14.5458889
0
0
0
0
0
5.494258404
0
5.494258404
0
22.65923691
15.10615921
7.553079605
22.65923691
0
17.29259682
0
17.29259682
8.646298409
0
0
16.64694977
0
0
0
0
35.06919479
0
17.5345974
0
0
0
0
0
0
0
0
0
0
0
23.1918335
0
0
0
0
0
0
0
38.19424057
0
10.81471252
0
0
0
0
0
0
0
0
0
0
0
0
0
0
0
0
0
0
0
0
0
0
0
0
0
0
0
0
0
0
7.546321869
0
6.202115536
0
0
0
0
0
0
0
0
9.367704391
0
0
0
4.705006599
10.38216305
0
0
0
0
0
0
0
8.692597389
0
0
0
0
0
13.30313587
0
0
13.30313587
0
7.627678871
0
0
0
0
6.00545454
0
0
12.01090908
18.01636314
0
0
12.50587368
0
12.50587368
0
0
8.989022255
8.989022255
0
0
36.07813644
24.0520916
0
0
0
0
0
24.76939392
0
8.943646431
0
8.943646431
0
0
12.8029623
6.401481152
0
12.8029623
6.401481152
0
0
0
36.06578445
0
0
0
0
0
0
0
0
12.81791973
0
6.408959866
0
0
0
0
0
0
5.274411201
5.274411201
0
0
0
0
0
0
0
5.648142338
0
0
0
0
0
0
0
0
0
0
0
0
0
0
0
0
0
0
0
0
0
0
0
0
0
0
0
0
0
0
0
0
0
0
0
0
-0.4
6.7
0
0
1.884288073
0
3.768576145
0
0
0
0
0
0
0
0
0
0
0
0
0
0
0
0
0
0
0
0
0
0
0
0
0
0
0
0
0
0
0
0
0
0
0
0
0
0
0
0
0
0
0
0
0
0
0
0
0
0
0
0
0
5.308015823
5.308015823
0
0
0
0
15.96894073
6.529888153
0
3.264944077
0
3.264944077
8.8937397
8.8937397
13.3406105
22.2343502
0
0
18.25738525
18.25738525
0
12.17159081
6.68612957
0
0
20.05838776
0
8.285197258
33.14078903
16.57039452
0
0
8.285197258
4.391273499
6.586910248
0
2.195636749
4.391273499
4.682377815
4.682377815
2.341188908
7.023566246
2.341188908
3.025688171
0
0
6.051376343
6.051376343
0
6.097883701
0
0
3.048941851
0
2.371424198
0
2.371424198
0
3.037419796
3.037419796
6.074839592
0
0
3.857169628
0
3.857169628
0
3.857169628
10.48571491
5.242857456
5.242857456
0
10.48571491
0
16.65070343
0
0
8.325351715
19.49195862
6.497319698
12.9946394
0
0
8.473748207
25.42124557
25.42124557
0
0
11.43125916
0
0
5.715629578
0
0
0
6.027907848
0
0
12.0558157
8.1721735
8.1721735
0
16.344347
16.344347
0
14.87267399
0
0
14.87267399
0
0
0
0
0
0
0
0
0
0
0
20.18038559
0
0
0
0
0
0
0
0
0
0
0
11.60873699
5.804368496
0
0
0
0
0
37.1585083
0
0
0
0
0
11.05707741
5.528538704
27.64269066
0
0
0
0
0
0
0
0
0
0
0
0
10.46018696
0
0
0
0
0
0
0
0
0
0
0
0
0
0
0
0
0
0
0
0
21.40811729
0
0
21.40811729
0
0
0
12.33398914
0
12.33398914
0
12.23396873
6.116984367
0
12.23396873
8.590848923
0
8.590848923
8.590848923
8.590848923
8.702370644
0
0
0
17.40474129
0
0
42.8303566
0
21.4151783
19.39577293
19.39577293
19.39577293
19.39577293
0
16.36907196
16.36907196
0
0
0
0
7.461678028
19.58690453
0
0
19.01996422
9.509982109
0
9.509982109
0
11.09174633
0
11.09174633
0
0
0
12.3765707
12.3765707
0
0
0
0
0
0
0
27.97825241
0
11.07623768
5.538118839
0
0
1.194182634
0
0
0
0
0
0
0
0
0
0
0
0
0
0
0
4.072735786
4.072735786
4.072735786
0
0
2.269878626
2.269878626
0
2.269878626
0
0
0
3.173835993
0
0
0
2.245538473
0
0
4.336491585
4.336491585
0
2.168245792
4.336491585
0
2.215782404
4.431564808
0
0
0
0
0
0
0
0
0
0
0
0
0
-0.4
6.7
0
0
0
0
0
0
0
0
0
0
0
0
0
0
0
0
0
0
2.651854515
0
6.713421345
3.356710672
3.356710672
0
0
0
0
0
0
0
8.292520523
5.796781063
0
0
0
0
0
0
0
0
0
0
0
0
0
0
0
0
0
0
0
0
0
0
5.441538811
8.162308693
4.849626541
0
0
4.9546628
0
4.9546628
3.303108692
0
5.978749752
0
0
5.978749752
2.989374876
7.413744926
0
3.706872463
0
0
0
0
0
0
7.749849796
5.92441988
1.974806547
1.974806547
3.949613094
1.974806547
2.957431555
5.91486311
0
2.957431555
8.872294426
0
13.89217567
0
13.89217567
4.630725384
0
0
0
10.86770058
10.86770058
0
3.401039362
6.802078724
0
3.401039362
10.20311928
11.72303581
0
11.72303581
5.861517906
11.72303581
5.831600666
0
0
0
17.49480247
0
0
0
0
0
-0.4
6.7
0
0
0
0
0
0
0
0
0
0
0
0
0
0
0
0
0
0
0
0
0
0
0
0
7.450987339
0
0
0
0
0
0
0
0
0
0
0
0
3.206240892
0
0
0
0
0
0
0
0
0
0
0
0
0
0
0
0
6.625025272
6.625025272
4.807850838
0
2.403925419
10.62222099
0
0
0
0
0
2.380087614
0
7.140262604
4.760175228
8.544264793
4.272132397
4.272132397
0
4.272132397
1.920520663
3.841041327
1.920520663
1.920520663
1.920520663
0
6.636702061
6.636702061
6.636702061
0
0
0
0
0
0
0
3.097138405
0
0
3.097138405
6.19427681
2.16415596
0
2.16415596
0
4.32831192
0
0
0
0
9.293083191
5.21630764
0
5.21630764
0
7.82446146
0
0
0
0
4.868525505
2.467226744
0
2.467226744
2.467226744
4.934453487
2.77793026
8.333790779
2.77793026
2.77793026
5.555860519
6.000711918
0
12.00142384
0
12.00142384
33.06197357
0
26.44958115
0
0
5.734619141
22.93847656
0
0
0
0
0
0
0
7.175467968
0
0
0
5.56558466
5.56558466
0
0
6.474980354
0
0
0
28.99486923
0
14.49743462
14.49743462
14.49743462
0
0
0
0
28.17660713
9.825985909
4.912992954
9.825985909
4.912992954
4.912992954
0
0
0
0
0
0
5.969388485
17.90816498
5.969388485
11.93877697
26.3721714
0
6.59304285
0
6.59304285
0
0
12.92785358
0
12.92785358
13.63574505
6.817872524
6.817872524
13.63574505
0
14.34972477
14.34972477
0
0
14.34972477
0
0
0
0
13.62292862
14.19590378
0
0
0
0
0
0
0
0
0
0
0
0
0
0
0
0
0
28.91753769
0
0
0.146674722
0.569964707
0.889583826
1.701548934
3.430239439
20.50596046
10.25298023
0
10.25298023
0
0
0
0
15.07036495
0
0
8.432684898
0
8.432684898
33.73073959
8.432684898
0
0
0
0
20.27129364
13.48134232
0
13.48134232
0
0
6.078843594
0
12.15768719
0
0
8.042362213
16.08472443
16.08472443
8.042362213
16.08472443
0
30.58320618
0
0
0
30.74446487
0
0
15.37223244
0
12.03780842
0
12.03780842
0
0
5.420351982
16.2610569
0
0
10.84070396
16.54977036
0
0
0
0
0
6.126758099
3.063379049
6.126758099
0
0
0
5.488986969
10.97797394
0
0
5.516346931
0
0
0
5.516346931
5.159196854
2.579598427
0
0
0
0
0
0
0
0
0
0
0
5.42713356
0
0
0
0
0
0
0
1.245151162
0
0
0
5.553861141
0
0
0
0
0
0
0
0
0
0
0
0
0
0
0
0
0
0
0
0.702378571
0
0
0.393904835
0.6718629
0
0
0
0
0
0
