19790101
-99
-99
-99
-99
-99
-99
-99
-99
-99
-99
-99
-99
-99
-99
-99
-99
-99
-99
-99
-99
-99
-99
-99
-99
-99
-99
-99
-99
-99
-99
-99
-99
-99
-99
-99
-99
-99
-99
-99
-99
-99
-99
-99
-99
-99
-99
-99
-99
-99
-99
-99
-99
-99
-99
-99
-99
-99
-99
-99
-99
-99
-99
-99
-99
-99
-99
-99
-99
-99
-99
-99
-99
-99
-99
-99
-99
-99
-99
-99
-99
-99
-99
-99
-99
-99
-99
-99
-99
-99
-99
-99
-99
-99
-99
-99
-99
-99
-99
-99
-99
-99
-99
-99
-99
-99
-99
-99
-99
-99
-99
-99
-99
-99
-99
-99
-99
-99
-99
-99
-99
-99
-99
-99
-99
-99
-99
-99
-99
-99
-99
-99
-99
-99
-99
-99
-99
-99
-99
-99
-99
-99
-99
-99
-99
-99
-99
-99
-99
-99
-99
-99
-99
-99
-99
-99
-99
-99
-99
-99
-99
-99
-99
-99
-99
-99
-99
-99
-99
-99
-99
-99
-99
-99
-99
-99
-99
-99
-99
-99
-99
-99
-99
-99
-99
-99
-99
-99
-99
-99
-99
-99
-99
-99
-99
-99
-99
-99
-99
-99
-99
-99
-99
-99
-99
-99
-99
-99
-99
-99
-99
-99
-99
-99
-99
-99
-99
-99
-99
-99
-99
-99
-99
-99
-99
-99
-99
-99
-99
-99
-99
-99
-99
-99
-99
-99
-99
-99
-99
-99
-99
-99
-99
-99
-99
-99
-99
-99
-99
-99
-99
-99
-99
-99
-99
-99
-99
-99
-99
-99
-99
-99
-99
-99
-99
-99
-99
-99
-99
-99
-99
-99
-99
-99
-99
-99
-99
-99
-99
-99
-99
-99
-99
-99
-99
-99
-99
-99
-99
-99
-99
-99
-99
-99
-99
-99
-99
-99
-99
-99
-99
-99
-99
-99
-99
-99
-99
-99
-99
-99
-99
-99
-99
-99
-99
-99
-99
-99
-99
-99
-99
-99
-99
-99
-99
-99
-99
-99
-99
-99
-99
-99
-99
-99
-99
-99
-99
-99
-99
-99
-99
-99
-99
-99
-99
-99
-99
-99
-99
-99
-99
-99
-99
-99
-99
-99
-99
-99
-99
-99
-99
-99
-99
-99
-99
-99
-99
-99
-99
-99
-99
-99
-99
-99
-99
-99
-99
-99
-99
-99
-99
-99
-99
-99
-99
-99
-99
-99
-99
-99
-99
-99
-99
-99
-99
-99
-99
-99
-99
-99
-99
-99
-99
-99
-99
-99
-99
-99
-99
-99
-99
-99
-99
-99
-99
-99
-99
-99
-99
-99
-99
-99
-99
-99
-99
-99
-99
-99
-99
-99
-99
-99
-99
-99
-99
-99
-99
-99
-99
-99
-99
-99
-99
-99
-99
-99
-99
-99
-99
-99
-99
-99
-99
-99
-99
-99
-99
-99
-99
-99
-99
-99
-99
-99
-99
-99
-99
-99
-99
-99
-99
-99
-99
-99
-99
-99
-99
-99
-99
-99
-99
-99
-99
-99
-99
-99
-99
-99
-99
-99
-99
-99
-99
-99
-99
-99
-99
-99
-99
-99
-99
-99
-99
-99
-99
-99
-99
-99
-99
-99
-99
-99
-99
-99
-99
-99
-99
-99
-99
-99
-99
-99
-99
-99
-99
-99
-99
-99
-99
-99
-99
-99
-99
-99
-99
-99
-99
-99
-99
-99
-99
-99
-99
-99
-99
-99
-99
-99
-99
-99
-99
-99
-99
-99
-99
-99
-99
-99
-99
-99
-99
-99
-99
-99
-99
-99
-99
-99
-99
-99
-99
-99
-99
-99
-99
-99
-99
-99
-99
-99
-99
-99
-99
-99
-99
-99
-99
-99
-99
-99
-99
-99
-99
-99
-99
-99
-99
-99
-99
-99
-99
-99
-99
-99
-99
-99
-99
-99
-99
-99
-99
-99
-99
-99
-99
-99
-99
-99
-99
-99
-99
-99
-99
-99
-99
-99
-99
-99
-99
-99
-99
-99
-99
-99
-99
-99
-99
-99
-99
-99
-99
-99
-99
-99
-99
-99
-99
-99
-99
-99
-99
-99
-99
-99
-99
-99
-99
-99
-99
-99
-99
-99
-99
-99
-99
-99
-99
-99
-99
-99
-99
-99
-99
-99
-99
-99
-99
-99
-99
-99
-99
-99
-99
-99
-99
-99
-99
-99
-99
-99
-99
-99
-99
-99
-99
-99
-99
-99
-99
-99
-99
-99
-99
-99
-99
-99
-99
-99
-99
-99
-99
-99
-99
-99
-99
-99
-99
-99
-99
-99
-99
-99
-99
-99
-99
-99
-99
-99
-99
-99
-99
-99
1.944622755
0
0
0
0
0
0
0
0
0
0
0
0
0
0
0
0
1.030611157
0
0
0
0
1.501350164
0
0
2.679285765
1.786190629
0
0
0
0
0
0
0
2.260862589
0
0
0
0
0
2.519416332
0
0
0
0
3.001671314
0
1.065732241
0.564211249
0
15.86060429
0
0
1.250633836
6.537404537
0.682163954
0
2.107218504
0
0
0
1.253140807
21.92399788
0
0
0.910649419
0
9.041448593
1.405001879
1.912201405
5.90208292
5.258554459
2.482184649
36.73633194
22.16874313
0
1.697128654
1.697128654
0
0
0
0
7.894618988
4.041293144
2.736149549
1.410827279
7.225145817
8.165697098
0
0
17.43753815
1.42463553
0.797795832
0
1.880519032
8.169748306
3.332397461
0
1.451205373
3.49364233
10.18324184
0
0
0
0
0
0
0.829939723
3.153770924
8.1334095
1.890772581
5.692433357
1.025844693
0
0.824698627
0
0
0
21.133955
14.07126141
9.778386116
33.69351959
19.22150993
0
0
4.12702179
2.669312
2.915419102
3.805190325
5.56580019
2.562969208
4.755731583
0
0
1.423871636
0
0
3.660904884
10.90875626
5.250994682
12.25582886
18.1655941
14.59593678
2.776401043
6.108082771
9.041945457
3.622066259
0
3.807134867
1.586306334
2.273705721
0
0
7.671010494
0
4.935195923
0
5.507720947
2.567788601
2.344502449
3.460932493
13.39087963
0
6.396536827
5.529716492
0
0
4.80032444
3.374286652
8.335291862
6.085766792
12.98083401
5.226050377
0
18.40918159
9.440606117
8.953874588
7.392151356
0
7.183921814
0
6.212712765
0
0
12.18515491
0
7.342808247
0
22.54039955
0
0
0
0
0
16.18372917
0
8.377486229
0
0
0
0
0
0
8.715652466
0
0
0
14.29636765
0
0
0
0
9.015036583
0
0
9.335242271
0
10.51225853
0
8.736049652
0
0
0
16.21426201
0
0
0
0
0
15.33713436
11.57256603
0
0
0
0
0
0
0
0
0
0
0
12.94156456
12.37664223
0
7.873533726
0
5.221396923
10.29026318
0
11.35195637
0
7.774864197
0
0
0
0
27.46791649
8.174307823
4.397458553
8.475746155
7.287724972
4.787555218
3.643751621
23.34894943
0
7.537435055
0
0
4.450684547
6.558903694
0
4.310136795
6.588815212
4.195327282
12.10190392
0
0
3.09711051
0
3.66528511
2.762889862
1.916197896
0
10.8665638
0
24.64969444
0
0
0
0
0
0
0
0
4.626197338
4.843901157
6.803231716
9.619085312
0
9.017892838
0
4.80954361
19.68906593
4.586414337
1.834565401
0
0
0
0
0
0
5.880773544
0
0
0
0
2.794192314
0
1.658470511
0
0
0
0
0
0
0
0
0
0
0
2.499418259
0
0
0
0
0
0
0
0
0
0
0
0
0
0
11.39865112
0
0
0
0
0
0
0
0
0
0
0
0
0
0
0
0
0
0
0
0
0
1.779911518
0
0
0
0
0
0
0
0
0
0
0
4.494570732
0
0
0
0
2.186290503
0.895588994
0
0
0
0
0
0
0
0
0
0
0
0
0
1.941093564
0
0
0
0
0
0
0
0
7.241610527
0
2.148450375
1.817919731
9.750660896
0.991592526
2.809512377
27.77877808
8.064806938
0
0
8.064806938
5.218186378
2.2829566
2.609093189
10.37160778
0
0
0
0
0
0
0
0.175335199
0.83121866
6.87227726
0
1.105883718
0
0.868908644
5.637307167
7.353009701
9.436362267
13.72561932
1.470601916
0
19.8127346
0.318988591
0
0
0
0
0
0
4.935577869
0
0
0
3.047875881
3.047875881
0
3.430656433
4.57420826
5.14598465
1.143552065
18.29683304
12.13280201
0
0
0
2.118425608
0
0
2.243875265
0
9.516192436
7.844633102
11.59850597
1.491924167
0.625645638
2.502582312
10.34243202
0.449671
1.978552341
0.539605141
7.194736004
10.6794157
0
0
0
0
0
9.131282806
4.565641403
4.565641403
0
0
0
0
5.586733341
0
0
0
0
11.54297447
0
0
0
6.731108189
0
9.073281288
1.857743859
6.868022442
0
3.434011221
8.613176346
5.854707241
0
10.30296326
0
22.97098541
0
0
0
0
4.234865665
2.844312668
0
0
0
0
0
0
4.106489182
13.05183601
3.844929457
0
0
1.235395074
0
1.88560307
3.120998383
0
14.4666872
0
0
0
0
0
0
22.23827934
26.11704445
0
11.36163521
9.941430092
0
0
0
0
8.068289757
0
0
0
0
0
0
0
0
0
0
0
0
0
0
0
0
0
1.181012034
0
0
0
0
0
0
0
0
0
0
0
0
0
0
0
0
27.02082253
0
0
0
0
0
0
0
0
25.29044342
0
0
0
0
0
1.023843169
1.214050531
0.449580938
0.481433779
0
1.388098478
0
0
1.277811289
2.076443195
3.982961893
0
2.676333904
5.66806078
0
0
0
0
0
20.11095238
0
0
0
6.42401123
0
0
0
0
0
8.530595779
0
8.500987053
17.00197411
0
0
2.548167706
10.27761078
2.007647276
0
6.270037651
34.88271713
0
0
5.168856144
4.971140385
12.51883984
0
10.95398426
10.95398426
0
0
2.959313393
2.348661423
2.419120789
2.865366936
7.60600996
0
0
0
6.655258656
0
0
5.621538639
4.91884613
9.837692261
0
0
0
5.490145683
0
0
0
0
0
6.227467537
0
0
13.19460678
0
0
0
9.59853363
0
0
0
0
0
0
0
0
0
0
0
0
0
0
0
0
0
0
0
0
0
0
0
0
0
0
0
0
1.505392432
0
0
0
0
3.688371897
0
1.730756521
0
0
0
0
-0.1
6.7
0
0
0
0
0
0
0
0
0
0
0
0
0
0
0
0
0
0
0
0
0
0
0
0
0
0
0
0
0
0
0
0
0
0
0
0
0
0
0
0
0
0
0
0
0
0
9.649100304
0
0
4.288489342
0
0
0
0
0
0
0
0
0
0.246088028
0.246088028
0.246088028
0.246088028
0.246088028
0
0
0
0
0
0
0
0
0
0
0
0
0
0
0
11.0007925
0
0
0
0
0.603235185
1.20647037
10.8582325
1.809705377
5.026959896
3.418332577
4.36780262
2.888386011
0
0
0
1.13845551
14.50032806
2.995935917
0
0
7.100985527
0
0
0
0
10.13169384
5.789539337
5.06584692
10.13169384
15.19754124
0
0
5.916671276
0
0
9.097074509
13.64561272
4.548537254
0
0
0
3.165089607
0
0
0
3.587742567
0
0
0
0
0
0
4.850760937
9.701521873
5.543726921
10.12651348
0
0
5.44064188
1.57243979
2.16960597
0
0
4.339211941
2.16960597
0
6.379907131
19.13972092
0
12.75981426
12.75981426
6.384283066
12.76856613
31.92141724
0
6.384283066
0
0
6.198205948
17.86541176
38.51505661
4.481573582
7.111255646
0
8.926109314
14.33362579
0
3.281321287
1.312528491
1.983708024
6.040613651
0
0
0
0
0
0
0
0
0
0
0
0
0
0
0
0
15.15517235
0
0
0
0
0
11.686059
0
0
0
0
0
0
0
0
0
0
0
0
0
0
0
0
0
0
0
0
0
0
0
0
0
0
0
0
0
0
0
0
0
0
0
0
0
0
0
0
0
0
19.26754379
0
0
0
0
0
0
0
0
0
0
14.73848534
0
0
15.8518219
0
0
8.691995621
0
9.933709145
0
0
14.31266117
0
0
0
9.577918053
0
13.34719372
0
0
26.69438744
0
0
0
0
0
4.243719101
0
0
14.14573288
0
0
0
0
11.64707088
11.64707088
14.41971016
0
14.41971016
0
0
0
0
0
0
0
10.22182274
0
0
0
11.68208504
0
0
0
15.76063633
6.35723114
0
0
0
0
0
5.511389256
0
0
0
0
0
0
0
0
0
17.27210999
1.865941763
0
0
0
0
6.996688366
6.996688366
6.996688366
0
0
0
10.4591713
5.229585648
10.4591713
5.229585648
0
0
6.280547142
1.703199148
0
0
0
0
0
0
4.2346735
3.705339193
0
0
0
0
0
0
5.742207527
0
0
0
0
0
0
0
0
0
0
0
0
-0.1
6.7
0
0
0
0
0
0
0
0
0
0
0.80689925
0
0
0
0
0
0
0
0
0
0
0
0
0
0
0
0
0
0
0
3.298238277
0
0
0
0
0
0
0
0
0
0
0
0
0
0
0
0
1.534313798
0
0.511437893
0
0
0
0
0
2.58999157
1.955900788
0
1.955900788
0
18.43862534
0
0
4.280395031
0
0
0
0.697049141
8.922229767
0.41822955
6.324481487
1.326100826
0
0
24.68587875
2.332567453
8.45555687
0
3.790421963
24.20038986
0
8.01262188
21.85260201
0
0
0
5.764023781
0
0
5.043520451
0
13.73203945
0
0
23.54063606
0
10.26610565
0
0
5.866346359
0
6.251744747
0
6.251744747
0
0
0
5.636850834
0
5.146690369
0.857781708
17.8397522
11.8931675
0
0
11.8931675
5.686702728
0
0
3.159279585
0
0
0
2.564313412
4.273855209
0
0
5.503216743
0
5.503216743
0
0
3.677481174
35.85544205
0
3.677481174
27.37243843
10.44923306
0
0
0
1.501482248
0
0
0
6.29467535
0
0
0
0
0
28.53673744
0
0
0
0
9.637190819
0
23.1547184
0
8.043217659
0
1.128904223
0.700266063
2.143190861
0
0.449049532
23.40278053
15.60185432
15.60185432
7.800927162
23.40278053
0
0
0
0
0
0
12.27935982
0
0
10.27657604
6.209339619
6.209339619
0
0
6.209339619
0
0
0
0
20.94021988
0
0
7.311276436
21.93383026
0
0
0
8.144423485
16.28884697
0
14.88682842
0
0
14.88682842
14.88682842
0
0
2.366378546
0
8.305078506
4.345944881
34.91254807
24.45416069
0
0
0
0
0
0
0
13.68166828
0
5.69839859
5.304607391
0
6.439653397
0
0
0
0
15.31614399
29.74172401
0
0
0
0
5.841990471
6.35963583
0
10.84589005
12.37417507
0
0
0
0
0
8.788915634
0
0
4.647745132
0
3.556948423
0
5.72254467
5.72254467
22.89017868
0
0
32.92308426
2.847685099
7.407475471
0
8.579568863
0
8.579568863
0
0
4.846800804
4.846800804
0
4.846800804
0
6.264097691
12.25026703
9.385457039
4.917209625
7.119264603
5.324084759
5.324084759
0
10.64816952
0
0
10.88851166
5.444255829
10.88851166
0
7.003501415
0
12.2561264
0
0
0
0
0
18.73622704
0
0
0
0
0
9.411748886
9.411748886
1.146896243
0
0
0
0
2.031410217
0
0
0
2.031410217
3.923600435
0
0
3.923600435
3.923600435
0
8.452866554
4.226433277
0
4.830209732
0
0
0
3.729184151
0
0
3.815698385
0
0
0
0
0
0
0
1.360417843
3.198224783
3.198224783
0
0
0
0
0
0
0
0
0
0
0
0
0
0
0
0
0
4.071568489
0
0
0
0
0
0
-0.1
6.7
0
0
0
0
0
0
0
0
0
2.623732805
0
0
0
0
4.049381256
2.468568325
0
0
0
0
0
0
0
0
0
0
0
0
0
0
0
0
0
0
0
0
0
0
0
0
0
0
0
0
0
0
0
0
0
0
0
0
0
0
0
3.906227827
9.977733612
0
0.861387134
0
0
0
8.150747299
8.150747299
5.116436005
0
0
0
10.23287201
3.604626179
5.066880703
1.564271927
5.474951744
0
13.60640335
0
0
0
0
2.450858593
4.901717186
2.450858593
2.800981283
7.352574825
5.811860085
6.642126083
5.811860085
0
0
5.811860085
3.38492918
0
0.803319991
6.062663555
7.71049881
6.33304739
0
0
0
6.33304739
0
16.60087967
0.913048506
7.55340004
0
7.000613689
8.000700951
2.666900396
0
2.333537817
0.92851299
0
0
0
5.908719063
2.766430378
2.766430378
9.484903336
0
0
5.010540962
20.04216385
10.02108192
0
0
9.539420128
9.539420128
5.451097488
0
0
8.226118088
0
8.226118088
0
8.226118088
0
0.894682765
25.44875336
2.505111694
0
8.172667503
0
0
7.151083946
0
0
0
7.190841675
0
0
0
15.03311634
0
0
0
0
0
0
15.55475712
0
0
10.67698193
18.68471718
9.342358589
0
9.342358589
0
0
0
15.15715027
15.15715027
7.833191395
0
0
7.833191395
7.833191395
4.782575607
4.782575607
4.782575607
0
0
22.34086037
14.89390659
0
7.446953297
7.446953297
8.096124649
16.1922493
8.096124649
0
18.50542831
9.441617012
0
18.88323402
37.76646805
0
0
0
7.843532562
7.843532562
0
0
0
0
0
0
3.951146364
3.719526768
6.376331806
3.365286589
0
6.240085125
3.855825424
3.497784615
0
2.882688522
3.19482708
0
5.89658308
0
10.63127708
14.770504
12.27841759
0
14.03247833
12.27841759
12.27841759
18.42301559
0
0
0
0
4.537815094
0
0
9.075630188
9.075630188
0
0
8.249485016
0
0
0
17.6542244
15.56233788
10.96653557
12.80485916
0
0
0
0
39.19226456
0
0
17.33197212
15.53613091
11.56856918
0
0
2.95458889
0
10.57009888
8.772152901
0
0
0
7.637421608
28.99860001
0
6.218230247
17.63312149
9.416175842
0
6.513126373
0
0
0
0
0
0
0
2.494748116
2.356150866
5.98243475
11.9648695
0
0
0
7.311420441
0
0
0
7.311420441
0
0
0
0
0
0
5.75561142
5.75561142
5.75561142
11.51122284
13.15568352
2.763908625
0
2.763908625
2.763908625
0
4.978803635
14.9364109
0
0
0
7.495754719
3.747877359
0
0
0
0
1.867000222
0
0
1.867000222
0
0
0
4.669578075
0
0
0
0
0
4.907950878
0
0
0
0
0
0
0
0
0
0
0
0
0
5.659653664
0
0
0
0
0
0
0
0
0
0
0
0
0
0
0
0
0
-0.1
6.7
0
0
0
0
0
0
0
0
0
0
0
0
0
0
0
0
0
0
0
0
0
0
0
0
0
0
0
0
4.136713982
0
0
0
0.283432573
0
0
1.531885624
0
2.983397722
0
5.220945358
0
0
5.762164593
2.881082296
0
8.643246651
0
6.48465538
4.940690041
0
2.161551714
0
0
0
0
3.464183807
2.952079296
8.856237411
0
0
0
0
8.18935585
4.094677925
16.04298592
8.021492958
16.04298592
8.021492958
0
2.008878469
0.803551435
0
0
1.807990789
13.15311146
0
0
0
0
2.569027185
2.569027185
0
7.707081795
5.138054371
0
3.619843006
0
0
8.273927689
7.239686012
12.94769478
0
7.398682594
0
0
3.178708553
0.467457116
0
0
0
0.715332985
0
2.145998955
1.162415981
2.593081951
0
0
3.469812632
3.058913231
1.734906316
6.95429945
6.95429945
13.9085989
13.9085989
6.95429945
0
3.025130033
6.050260067
0
0
5.575862408
27.87931252
6.372414589
0
16.72758675
0
3.481429338
3.481429338
3.481429338
3.481429338
7.773438454
3.172832012
0
1.665736794
0
6.2490592
12.4981184
6.2490592
0
0
12.2003088
0
0
0
6.1001544
0
0
0
12.00309086
0
0
19.30873871
0
0
0
0
0
6.814260483
0
0
20.44278336
0
0
13.34410191
0
19.66499138
7.648718357
0
0
0
10.61909485
9.622896194
9.622896194
0
0
0
0
0
0
0
0
32.05112076
16.02556038
0
0
16.02556038
0
0
9.650523186
19.30104637
0
13.70661354
0
0
0
0
0
0
0
0
16.10946465
0
0
0
0
0
0
0
0
0
0
0
3.337703705
0
0
0
0
0
19.17537689
0
0
0
0
0
0
0
0
0
0
0
0
0
0
11.8012619
0
0
0
9.406673431
0
0
0
9.406673431
0
0
0
0
0
12.59460545
0
0
17.2103138
0
0
0
0
0
15.96579552
0
0
0
0
0
0
21.34517479
0
0
0
0
0
10.61267471
10.61267471
0
21.22534943
16.40794182
0
8.203970909
24.61191177
0
0
0
0
13.23767471
6.618837357
0
5.314020157
5.314020157
0
0
0
0
0
56.84838867
0
0
0
0
0
0
0
4.608195305
9.21639061
9.21639061
4.608195305
0
4.337158203
4.337158203
0
4.337158203
0
0
4.260401726
6.137866497
0
0
0
0
0
0
0
0
0
0
0
0
0
10.86174297
0
0
0
0
0
0
0
0
0
0
0
0
0
0
0
0
0
0
0
0
0
0
0
0
0
0
0
0
0
0
0
0
0
0
0
0
0
0
0
-0.1
6.7
0
0
0
0
0
0
0
2.063237429
0
0
0
0
0
0
0
0
0
2.715442896
0
0
0
0
0
1.744977593
0
0
0
0
0
0
0
0
0
0
2.809242725
2.809242725
0
0
0
0
0
0
0
2.665561676
2.665561676
5.331123352
0
6.805692673
0
0
3.780939817
0
0
2.018074036
6.05422163
4.612740517
4.903220654
4.903220654
0
0
0
0
0
0
0
3.813178301
0
1.90658915
0
0
12.07608414
0
12.07608414
0
16.71371269
0
0
0
2.785618544
13.62476635
0
0
3.406191587
6.812383175
8.230713844
2.743571281
5.487142563
5.487142563
8.230713844
2.743571281
4.825968742
12.66816807
12.66816807
8.445445061
0
0
4.244121552
0
0
0
0
0
9.343950272
0
1.751990676
0
9.838703156
4.304432869
4.919351578
0
0
0.54447031
1.08894062
7.078114033
0.54447031
0
5.025119305
15.07535839
0
0
0
0
7.065030575
7.065030575
7.065030575
5.08199358
2.54099679
0
0
2.54099679
0
0
5.534532547
5.534532547
0
0
0
5.199282646
0
0
0
0
0
0
9.381784439
0
13.0154562
0
32.53863907
6.5077281
0
5.176664352
5.176664352
0
0
5.176664352
0
0
0
14.85082531
0
2.83546114
0
0
0
10.07948112
0
0
0
26.91500664
11.40893841
0
0
13.21989059
0
0
10.50314903
17.33019447
10.07347488
0
0
0.418026179
0
0.418026179
0
0
0
0
0
8.988348007
0
5.214359283
0
0
0
5.214359283
8.140146255
0
8.140146255
0
0
0
0
0
33.51600266
0
7.01875782
0
16.04287529
0
0
0
0
7.610722065
15.22144413
7.610722065
0
0
0
20.80961418
0
20.80961418
0
9.588785172
28.76635742
28.76635742
0
0
36.65415573
0
0
0
9.94190979
29.82572937
0
19.88381958
0
0
0
0
14.22560215
14.22560215
0
0
7.634935379
0
0
22.90480614
12.59446526
0
12.59446526
12.59446526
12.59446526
0
0
0
0
12.29574203
9.896316528
0
13.85484314
9.319030762
6.5563097
51.11855316
23.57194901
0
0
0
10.3385458
10.3385458
0
10.3385458
0
8.923527718
8.923527718
0
0
8.923527718
22.92819786
0
0
0
7.64273262
31.55506706
0
0
0
0
0
8.039459229
8.039459229
0
0
7.674561501
7.674561501
3.83728075
0
0
10.08035755
0
0
0
0
0
0.13887614
0.525592685
0.301254421
0
0.356804818
0
2.310549736
8.018965721
0
0
4.544665813
0
0
0
0
0
0
0
0
0
0
0
0
4.889513493
0
0
0
0
0
0
0
8.508734703
2.127183676
0
0
0
1.513602495
0
0
0
0
0
0
0
0
0
0
0
0
0
0
0
0
0
0
0
0
0
0
0.869574666
0
-0.1
6.7
0
0
0
0
0
0
0
0
0
0
0
0
0
0
0
0
0
1.009174824
0
0
0
0
0
0
4.695401669
1.976856828
0
0
3.953713655
3.953713655
2.259265184
0
0
0
0
0
7.452425003
3.726212502
0
7.452425003
0
0
0
0
0
0
0
0
0
0
0
0
0
0
0
0
0
0
2.875982523
2.516484499
7.915458202
7.915458202
4.523118973
3.957729101
0
0
11.94989872
17.92484856
0
0
4.214439392
4.214439392
2.107219696
0
2.107219696
0
3.313631058
0
6.627262115
6.627262115
0
7.499180317
3.749590158
0
7.499180317
1.515014768
5.332585335
4.57174015
0
0
0.280311078
0
3.885677814
7.771355629
3.885677814
11.65703201
34.83116913
0
0
0
2.679320812
10.23360157
10.23360157
10.23360157
5.116800785
0
0.440009832
2.200049162
0.528011799
20.41645813
0
10.5838089
0
9.260832787
0
9.260832787
0
11.62721062
11.62721062
5.813605309
0
7.196453571
12.14674091
0
0
0
8.714129448
0
0
0
0
0
0
0
12.31056213
6.155281067
8.3794384
8.3794384
8.3794384
16.7588768
0
0
9.461845398
0
0
0
0
7.333338737
0
0
0
6.416671276
15.84720993
0
0
15.84720993
7.923604965
0
16.888937
0
16.888937
0
0
0
2.001098871
1.560489655
1.578848481
0
8.449215889
0
0
25.34764671
0
0
0
0
27.4982605
0
0
2.843693256
4.83774662
3.069108009
7.51564455
13.15237713
6.576188564
0
0
0
0
0
36.98986435
27.74239922
0
24.74113655
12.37056828
0
0
0
0
8.644093513
0
0
0
0
0
0
8.151373863
0
0
0
0
0
0
0
0
0
0
13.11631203
0
0
0
0
0
0
0
0
0
0
0
0
0
0
0
7.615530014
15.23106003
0
7.615530014
7.615530014
0
0
0
0
0
0
0
0
12.29235935
0
0
0
13.76773071
0
0
0
0
4.6414361
7.162711143
4.011117458
5.558263302
18.04030609
0
9.020153046
0
9.020153046
6.790794849
27.1631794
6.790794849
6.790794849
20.37238503
0
0
10.72717571
0
0
0
0
13.76711559
6.883557796
6.883557796
0
12.74284363
0
0
0
3.683980465
4.777029991
0
0
3.522047758
0
0
5.847360611
0
2.547605276
0
21.27956772
7.09318924
7.09318924
0
0
8.466269493
8.466269493
4.233134747
4.233134747
0
3.414796352
0
6.317373753
0
0
0
0
0
0
0
0
0
0
0
1.490191221
1.404050112
1.053037643
1.930568695
0
0
5.8991642
0
5.8991642
0
0
0
0
0
0
8.31420517
0
0
0
3.839279652
3.839279652
3.714694023
3.714694023
7.429388046
0
3.714694023
0
0
0
0
0
0
0
0
0
0
0
0
0
0
0
0
0
0
0
0
0
-0.1
6.7
0
0
0
0
0
0
0
0
0
0
0
0
0
0
0
0
0
0
0
0
0
0
0
0
0
0
0
0
0
0
0
0
0
0
0
0
0
0
0
0
0
0
3.869576693
0
7.739153385
0
0
0
0
0
0
0
0
0
0
0
0
0
6.952980518
0
0
0
0
5.169339657
7.950771809
0
5.300515175
2.650257587
7.950771809
6.327637672
11.07336521
11.07336521
5.536682606
11.07336521
4.682464123
9.364928246
5.351388454
9.364928246
9.364928246
7.35667038
0
7.35667038
0
7.35667038
0
0
4.061950207
8.123900414
3.554206371
3.554206371
0
0
3.044513226
3.47944355
9.1335392
0
2.403129578
4.806259155
2.403129578
4.806259155
0
2.771005154
0
0
2.771005154
0.851944685
0.581815898
9.6415205
3.968815565
6.171404839
10.69040871
0
0
9.354106903
10.69040871
18.55443382
18.55443382
4.638608456
0
0
11.70406246
13.37607193
0
0
11.70406246
0
0
20.82826805
6.074911118
12.14982224
14.18236828
7.091184139
0
0
0
0
0
0
0
7.374538898
0
5.632485867
0
0
3.218563318
3.901871204
0
0
0
4.459280968
0
0
0
6.685737133
5.850019455
11.70003891
27.11569595
0
18.07712936
29.99160385
0
0
7.183189869
0
21.54957008
0
0
18.01582146
0
0
12.49484253
23.49917603
10.56276321
10.91881084
35.13008499
0
6.447385311
7.958860874
9.470335007
14.09922791
0
18.30992889
0
18.30992889
20.92563629
0
0
0
0
12.10446262
0
6.834127426
0
6.834127426
6.834127426
0
0
18.13278961
0
0
0
0
6.65956974
0
0
0
0
0
0
12.32321358
6.161606789
6.161606789
0
13.86628914
13.86628914
0
0
0
0
0
0
0
0
0
0
13.67663288
6.838316441
0
0
0
0
0
9.180664063
0
27.54199028
9.180664063
9.180664063
0
15.66056824
0
0
15.66056824
0
0
11.94895935
0
5.974479675
11.94895935
14.34074402
0
0
25.09630394
0
0
0
22.65070724
0
0
17.82092285
0
10.1833849
17.82092285
20.36676979
0
14.71795654
17.32752228
0
0
0
25.77907372
0
8.593024254
8.593024254
0
17.6249218
5.874974251
0
0
15.06809139
6.592289448
6.592289448
6.592289448
0
0
13.29151917
0
0
6.645759583
7.827674389
0
8.191752434
5.097090244
0
0
12.72783184
12.72783184
0
0
0
0
0
0
0
0
1.10267663
0
0
0
0
0
0
0
0
4.141523838
0
0
0
0
0
0
0
0
0
0
0
4.118217468
4.118217468
0
0
0
0
0
3.938059568
0
5.150987625
0
0
0
0
0
0
0
0
1.316645741
0
0
1.804199219
0
0
0
0
0
0
0
0
0
0
0
0
0
0
0
0
3.17331934
0
-0.1
6.7
3.359070301
0
0
0
0
0
0
0
0
0
0
0
0
0
0
0
0
0
1.267932057
3.80379653
0
0
0
0
0
0
0
0
0
0
0
0
0
1.505059958
0
0
0
0
0
0
0
0
0
0
0
0
0
0
3.858861208
14.71190739
0.999169469
5.732648373
0
0
2.547843456
0
0
0
0
0
0
0
0
0
0
0
0
0
0
0
0
0
0
0
0
0
11.91420937
0
0
0
0
0
0
0
0
0
0
3.717470169
9.758358955
6.505572796
5.720267773
22.88107109
0
0
0
0
9.457219124
4.728609562
0
0
0
0
3.129108429
3.129108429
9.387325287
22.49764824
0
0
8.999059677
8.999059677
4.349178791
4.597703457
13.54458523
20.00622177
0
0
0
7.966118813
4.646902561
4.646902561
9.739044189
0
0
22.26067162
0
3.557665348
0
3.557665348
0
0
0
0
13.77703476
12.71726036
0
0
10.90061283
0
0
0
4.642573833
0
0
0
0
0
5.944338799
0
5.944338799
0
0
5.580416679
0
5.580416679
0
0
0
0
11.09664822
0
0
9.438874245
9.438874245
18.87774849
0
9.438874245
10.22117615
0
0
5.110588074
5.110588074
0
0
0
30.50811958
0
29.10338211
14.55169106
0
0
0
7.632444382
0
0
0
3.816222191
0
20.4271946
40.85438919
10.2135973
0
0
0
9.737143517
0
0
0
0
0
0
0
0
0
0
0
0
8.397021294
8.397021294
0
0
0
0
0
0
0
0
7.609065056
0
0
6.27835989
0
0
0
0
0
0
0
0
0
10.31892681
0
0
0
0
0
0
0
0
6.002775192
12.00555038
0
0
6.002775192
0
0
0
11.10842228
11.10842228
0
32.85195541
0
0
0
10.02092934
0
10.02092934
20.04185867
0
0
0
13.60916901
13.60916901
0
0
0
0
0
15.42130184
0
0
0
21.99504089
10.99752045
5.898841858
0
11.79768372
0
5.898841858
15.40339851
7.701699257
7.701699257
0
7.701699257
16.82400703
16.82400703
0
0
0
20.90350151
0
0
0
0
0
0
0
10.68346214
5.341731071
10.44466209
10.44466209
10.44466209
0
0
0
0
0
0
0
0
0
0
0
6.421462059
0
0
0
8.104403496
8.104403496
0
4.110899448
4.110899448
0
4.110899448
4.110899448
0
6.67389679
0
0
0
3.242331743
0
0
0
6.484663486
1.859790921
1.859790921
0
0
0
3.405091524
0
1.702545762
0
0
2.528702497
2.528702497
5.057404995
0
2.528702497
9.135352135
4.567676067
0
0
4.567676067
5.303337097
0
5.303337097
6.060956955
0
0
0
0
0
0
0
-0.1
6.7
0
0
0
0
0
0
0
0
0
0
0
0
0
0
0
0
0
0
0
1.573402166
1.775567055
0
0
0
0
0
0
5.400286674
0
0
0
0
0
0
0
0
0
0
0
0
5.429447174
5.039139271
4.409246922
4.409246922
0
0
0
4.846820831
2.423410416
0
2.423410416
0
3.587267637
0
7.174535275
3.587267637
2.181704521
2.181704521
4.363409042
5.849004745
2.924502373
0
0
5.849004745
7.930877686
7.930877686
0
0
7.930877686
7.838104248
3.919052124
0
0
7.838104248
0
11.44843292
0
0
5.724216461
3.077941418
9.233823776
6.155882835
0
3.077941418
7.004787922
0
0
10.50718212
3.502393961
7.004787922
8.076481819
7.047873497
0
26.15332413
1.48576808
4.331433773
8.662867546
8.662867546
0
12.99430084
0
0
5.522576809
11.04515362
0
0
0
0
0
12.30060673
0
0
0
0
0
0
0
14.58756828
0
11.11433792
0
0
10.39733982
5.19866991
10.39733982
5.105012894
0
0
0
17.50290298
0
9.600998878
19.20199776
9.600998878
0
8.571976662
8.571976662
9.796545029
8.571976662
0
0
7.542994499
6.600120068
19.80035973
13.20024014
9.249487877
0
27.74846458
0
0
0
7.353839874
7.353839874
8.404388428
7.353839874
0
0
0
10.00588512
10.00588512
0
0
0
0
0
0
0
0
0
0
16.61896324
0
58.44140244
19.48046875
0
0
6.541029453
19.62308884
0
6.541029453
6.541029453
10.51685429
31.55056381
0
10.51685429
21.03370857
0
0
0
0
0
4.600482464
9.200964928
15.77308178
4.600482464
0
0
0
0
11.06535912
0
9.899475098
0
0
0
9.899475098
9.867487907
0
0
0
0
0
0
0
23.06640434
0
0
0
0
0
0
0
0
0
0
45.64661026
0
0
0
0
0
24.11966133
0
0
0
0
0
0
0
0
0
0
0
0
9.74717617
0
9.74717617
0
34.47309113
0
0
0
0
0
23.44160843
0
0
0
0
0
0
0
0
0
0
0
10.16114998
10.16114998
26.19051933
0
0
0
26.19051933
0
20.29291725
6.764306068
0
0
10.49845409
23.9964695
31.49536324
10.49845409
0
0
0
0
0
22.63207436
0
0
0
0
0
0
0
0
6.698467731
6.698467731
0
0
8.802149773
0
8.802149773
0
0
5.493247509
0
0
0
0
0
0
0
0
0
0
0
0
0
0
0
15.70404148
0
0
0
0
0
0
0
4.24071312
8.481426239
0
0
0
5.506569862
5.506569862
0
0
0
0
0
0
0
0
0
0
0
0
0
0
0
0
0
0
0
0
0
0
0
0
0
0
0
0
0
-0.1
6.7
0
0
0
0
0
0
0
0
0
0
0
0
0
0
0
0
0
0
0
0
0
0
0
0
0
0
0
0
0
0
0
0
0
0
0
0
2.523838282
0
0
0
2.523838282
0
0
0
0
0
0
0
0
0
0
0
0
3.174470901
3.174470901
0
0
0
0
0
10.42841625
0
0
0
0
0
7.435503483
0.849771738
0.849771738
0
0
0
6.988733292
0
0
0
0
0
4.390949249
0
6.44053936
0
0
0
5.635471821
6.024976254
3.012488127
3.012488127
0
0
0
0
8.558438301
4.279219151
3.744316578
4.279219151
4.296205521
9.819898605
4.909949303
8.592411041
4.296205521
0
2.069021225
4.13804245
0
0
10.49058151
10.49058151
0
9.1792593
0
3.286398888
0
3.286398888
0
0
0
7.191207409
0
4.794138432
2.397069216
0
0
0
3.587760687
7.175521374
0
6.424752235
14.68514919
0
19.27425575
0
0
18.78278732
0
0
0
4.627901554
9.255803108
4.627901554
13.88370419
9.4564991
4.72824955
4.72824955
0
10.80742836
23.09733963
7.699112892
0
0
0
0
8.260569572
24.78170967
0
0
0
10.90433216
10.90433216
0
10.90433216
10.90433216
0
0
0
0
17.85566711
12.06649208
0
12.06649208
0
0
0
0
0
0
0
0
0
0
0
0
0
0
0
0
0
10.3754797
0
0
0
0
0
5.526960373
0
5.07661581
0
20.16320038
0
0
0
0
0
0
0
0
0
0
0
0
0
10.57475758
0
0
0
0
0
0
0
0
0
0
0
0
0
0
0
0
0
0
0
0
0
0
0
0
0
0
35.87868881
0
0
0
0
0
0
0
0
0
0
7.893351078
0
7.893351078
7.893351078
0
0
22.4302597
22.4302597
0
0
0
0
0
21.42463493
10.71231747
12.91851044
25.83702087
0
12.91851044
0
0
0
0
19.45289612
17.4911232
0
0
6.705544949
6.705544949
0
0
9.540269852
0
9.540269852
0
10.92272854
5.461364269
0
0
0
9.581997871
19.16399574
0
9.581997871
9.581997871
14.10868454
7.05434227
7.05434227
0
0
0
7.927560329
0
0
7.927560329
0
0
4.608685493
0
0
0
8.429945946
0
8.429945946
8.429945946
4.214972973
5.175069332
0
0
0
0
0
0
0
0
0
0
0
0
0
0
0
0
0
0
0
0
0
0
0
0
0
0
0
0
6.920200348
8.588127136
0
0
0
0
0
0
0
0
0
0
0
0
0
0
0
0
0
0
0
0
-0.1
6.7
0
0
0
0
0
0
0
0
0
0
0
0
0
0
0
0
0
0
0
0
0
0
0
0
0
0
0
0
0
0
0
0
0
3.820880413
1.910440207
0
0
0
0
0
0
0
0
0
4.200549603
2.800366163
0
0
0
2.384172201
0
0
0
0
0
0
0
0
1.363992691
7.200183392
0
0
0
0
3.086779594
0
7.535373688
2.496659994
4.811745167
0
0
7.934597969
7.934597969
0
0
0
6.256477356
5.47441721
0
0
0
0
0
2.834824324
3.5546
7.109200001
10.66379929
4.062400341
3.5546
4.062400341
0
5.672942162
5.672942162
5.672942162
5.672942162
5.161649704
5.161649704
0
3.441099882
0
4.110099792
4.795116901
5.251793861
0
4.795116901
4.407462597
0.81619674
2.067698479
17.35778618
0
0
0.489047289
12.13726425
0
0.222294211
0.66924125
11.55962276
0.790921509
0
0
0
0
7.995168209
7.995168209
0
3.116931677
0
3.116931677
6.233863354
6.233863354
0
2.819425344
0
0
2.819425344
1.661672235
0
3.323344469
3.323344469
0
2.704707146
0
2.704707146
2.704707146
5.409414291
0
0
14.96090508
0
0
6.229623318
18.43697929
10.53541756
0
0
18.43697929
8.249667168
0
16.49933434
8.249667168
24.74900246
0
0
0
0
17.38840675
0
0
0
0
0
23.77177048
0
0
0
0
0
9.245447159
18.49089432
0
0
7.717199802
15.4343996
0
15.4343996
7.717199802
6.499289513
6.499289513
6.499289513
0
0
0
0
4.714253902
0
0
0
0
0
0
0
0
0
0.255931079
0
0.45617348
0
0
0
0
14.10375786
0
0
7.41875267
14.83750534
0
0
0
0
0
0
0
0
0
0
0
0
48.57119751
0
0
0
12.14279938
0
0
6.088173389
6.088173389
6.088173389
0
0
0
0
0
0
0
0
5.714273453
11.42854691
0
0
7.579284191
0
13.26374626
6.631873131
0
5.119744778
5.119744778
5.119744778
5.119744778
9.317240715
0
18.63448143
9.317240715
27.9517231
26.3842392
0
13.1921196
0
0
18.98756218
0
9.49378109
18.98756218
9.49378109
0
0
0
32.60553741
0
0
5.640803814
11.28160763
22.56321526
5.640803814
0
0
13.98911762
0
0
0
6.802120686
10.44046497
0
0
0
9.768136978
29.30441093
0
0
15.83825493
7.919127464
0
0
0
0
0
0
1.79200983
0
0
0
2.587088346
0
0
0
0
0
3.528914213
3.528914213
3.528914213
0
0
14.98061657
4.993538857
0
0
3.537482977
0
0
0
6.680717468
22.90531731
0
0
6.680717468
8.518769264
8.518769264
4.259384632
4.259384632
0
2.939229727
0
0
0
0
0
0
0
0
0
0
0
0
0
0
0
0
0
0
0
0
0
0
0
0
3.093443155
-0.1
6.7
0
0
0
0
0
0
0
0
0
0
3.256206036
1.628103018
0
0
0
0
0
2.980664492
0
0
0
0
0
0
0
0
0
0
0
0
0
0
0
0
0
0
0
0
0
0
0
6.373459816
0
5.576777458
0
0
0
0
0
0
0
0
0
0
0
0
0
0
2.575986862
0
0
0
12.93346024
6.466730118
0
0
0
0
0
13.16307831
0
0
0
0
0
2.213810682
0
2.530069351
4.427621365
3.77970767
0
0
3.77970767
0
0
0
0
2.677517414
5.355034828
0
3.684297323
30.90055656
4.278538704
16.51991272
0
0
0
8.531201363
0
0
0
0
0
0
5.515138626
11.97862816
0
0
0
0
0
2.27515316
14.03011131
9.10061264
0
2.786260843
6.872777462
0
0
2.229008436
5.749794006
17.24938202
0
11.49958801
5.749794006
0
3.924434185
0
7.84886837
0
0
0
0
0
9.408931732
0
0
0
0
7.160841465
17.61464882
20.13102722
0
0
10.06551361
0
15.18955135
7.594775677
7.594775677
0
0
5.927749157
0
0
0
11.85549831
0
9.607966423
0
19.21593285
9.607966423
0
14.29345417
0
0
0
0
15.55303288
0
0
0
0
0
10.44482994
0
20.88965988
0
19.18728065
0
0
0
0
0
0
0
6.65195179
0
0
0
4.725195885
0
14.25230122
0
0
0
0
0
0
0
0
0
0
0
0
0
0
0
0
0
0
0
0
0
0
0
0
0
0
0
0
0
0
0
0
0
0
0
0
0
0
0
12.89214802
0
10.51092625
0
10.51092625
0
0
23.16570091
0
0
0
0
0
36.53369904
0
18.26684952
0
0
0
0
0
0
0
0
0
0
0
0
0
0
0
15.60529423
0
36.94052505
18.47026253
0
0
7.704854488
7.704854488
7.704854488
7.704854488
0
0
10.08521557
0
0
0
0
0
6.344587803
6.344587803
0
9.227918625
27.68375587
9.227918625
0
0
0
0
0
19.01015472
9.505077362
4.921481609
0
0
4.921481609
0
14.73487568
0
7.36743784
7.36743784
0
0
0
0
6.970720291
6.970720291
6.970720291
4.503956318
2.251978159
2.251978159
0
0
0
0
0
4.073528767
0
0
3.46852541
0
0
0
0
0
0
0
0
0
0
0
0
0
0
0
0
0
0
0
0
0
0
0
0
0
0
0
0
0
0
0
0
0
0
0
0
0
0
0
0
0
0
0
0
-0.1
6.7
0
5.583485603
0
0
0
0
0
0
0
0
0
0
0
0
0
0
0
0
0
0
0
0
0
0
0
0
0
0
0
0
0
0
0
0
0
0
0
0
0
0
0
0
0
0
0
0
0
0
0
0
0
0
0
0
0
0
0
4.305633545
9.84144783
0
5.212291241
7.818437576
5.212291241
0
3.819037676
11.45711231
3.819037676
7.638075352
3.819037676
6.632661343
0
0
0
15.16036892
0
2.217760086
7.603749275
0
2.217760086
0
3.265379429
3.265379429
3.265379429
0
0
0
5.474033356
2.737016678
0
0
2.122293711
4.244587421
0
2.122293711
4.244587421
0
3.934784651
4.496896744
1.967392325
1.967392325
0
6.0716362
4.047757626
4.047757626
2.313004255
8.454496384
15.70977402
14.03086567
2.638282537
0
0
0
0
40.33842468
0
0
0
5.631352901
16.89405823
11.2627058
24.96524811
12.48262405
0
0
0
8.614767075
0
0
4.307383537
0
7.578040123
0
0
15.15608025
7.578040123
0
0
7.534134865
0
0
0
18.32393074
6.107976437
18.32393074
0
4.155759811
0
0
8.311519623
12.46727943
0
0
0
20.52423286
0
13.68282223
28.67581558
14.33790779
21.50686073
7.168953896
0
0
9.375807762
9.375807762
0
9.375807762
0
17.46244621
0
17.46244621
0
0
0
0
21.41672134
0
0
0
0
0
11.82986832
0
10.40689468
20.81378937
20.81378937
0
0
0
4.961771011
0
0
0
0
0
0
0
0
0
0
16.8608551
16.8608551
0
13.49675179
0
0
0
7.09278059
0
0
0
7.09278059
21.27834129
0
0
0
7.735757828
0
0
0
0
0
0
4.659714699
0
4.029077053
0
5.202764988
5.077003479
25.38501549
0
0
5.077003479
0
0
11.76045132
11.76045132
23.52090263
11.68488789
11.68488789
11.68488789
11.68488789
11.68488789
0
17.74633217
8.873166084
0
0
17.74633217
0
0
14.24173641
0
0
0
30.98336792
0
0
10.32778931
9.376664162
0
0
0
9.376664162
12.30169487
0
0
12.30169487
0
10.55479813
0
10.55479813
10.55479813
0
0
8.249423981
0
0
0
9.652874947
9.652874947
0
0
0
5.709650517
5.709650517
0
0
0
10.99538994
0
0
10.99538994
5.497694969
9.204222679
0
0
9.204222679
9.204222679
0
0
0
17.03775787
0
0
11.93125248
3.977083921
0
3.977083921
7.954167843
0
5.245396614
0
0
0
0
0
0
0
0
0
0
0
0
0
0
0
0
0
0
0
0
0
0
0
0
0
3.886023998
0
0
3.370732069
0
3.370732069
0
3.370732069
3.526963711
1.763481855
0
0
0
0
0
0
0
3.940928936
2.432405233
2.432405233
7.297215462
0
0
0
0
0
0
0
0
-0.1
6.7
0
0
0
0
0
0
0
0
0
0
0
1.827269554
0
0
0
0
0
0
0
0
1.681239367
0
0
0
0
5.050557613
0
0
0
0
0
1.93281579
0
3.86563158
1.93281579
0
0
0
9.634590149
0
3.211530209
2.368613482
4.737226963
2.368613482
2.368613482
2.368613482
4.254004478
3.722253323
0
0
0
0
0
0
0
0
0
0
5.190012932
0
4.25316906
0
4.25316906
8.50633812
0
0
0
3.974907398
0
7.949814796
0.26365307
0.322242647
1.992045403
28.00581551
0
2.448409081
0
0
2.448409081
4.896818161
0
8.162428856
0
0
0
0
0
2.797385693
8.392156601
5.594771385
0
0
5.807872295
5.807872295
5.807872295
0
3.904789925
0
3.904789925
3.904789925
11.71436977
9.661867142
4.830933571
0
0
14.49280071
3.456344366
10.36903286
0
0
6.912688732
0
6.497098446
3.248549223
0
0
0
11.96849537
3.989498615
0
3.989498615
0
0
3.516579866
19.95121002
8.396730423
0
0
4.425090313
0
13.27527046
11.24841213
0
0
11.24841213
12.85532761
0
0
0
0
5.72722435
10.6060667
10.6060667
5.303033352
0
5.303033352
3.723535538
18.61767769
3.723535538
11.17060661
11.17060661
3.723535538
0
0
20.58953857
10.29476929
10.29476929
7.923093319
23.76927948
0
15.84618664
0
10.35074425
31.05223083
0
0
10.35074425
17.90810585
0
0
0
0
0
0
0
0
0
9.441846848
28.32554054
0
9.441846848
0
0
6.794222832
13.58844566
13.58844566
0
7.425426006
0
0
7.425426006
0
0
21.11286354
21.11286354
0
0
0
13.01236916
0
0
0
0
0
0
0
0
0
0
0
0
0
0
0
0
0
0
0
0
0
0
0
0
0
0
7.020260334
0
0
0
0
0
0
0
0
0
10.91920948
10.91920948
0
0
0
0
0
19.35434341
0
0
0
0
0
15.08498096
0
0
26.02238655
0
0
0
0
0
0
0
0
0
0
0
0
8.2507658
0
0
0
16.5015316
0
0
0
0
0
0
20.47123528
6.823744774
0
0
5.317499161
5.317499161
0
0
5.317499161
0
12.64948273
0
0
0
19.89562607
6.631875515
0
6.631875515
6.631875515
0
0
0
0
0
22.40259743
14.93506527
0
0
0
0
0
0
0
0
0
0
0
0
0
0
0
0
0
0
0
0
0
0
0
0
0
0
0
0
0
0
0
0
17.39179611
0
6.219141483
0
0
0
3.109570742
2.771301985
0
0
2.771301985
0
3.075873613
0
0
0
0
0
0
0
0
0
0
0
0
0
3.656595945
0
0
0
4.456842899
0
0
-0.1
6.7
0
0
0
0
0
0
0
0
0
2.054895878
0
0.93474853
1.869497061
1.869497061
0.93474853
1.227619171
0
0
0
2.455238342
0
0
0
0
0
0
0
0
0
0
0
0
0
0
0
0
0
0
0
0
0
0
0
0
0
0
0
0
0
0
0
0
0
0
0
0
2.588329792
5.176659584
5.176659584
2.215753555
13.29452229
0
0
0
0
0
0
0
0
0
6.612494946
2.20416522
2.20416522
0
0
0
0
1.342870116
2.685740232
5.318547726
12.15668011
15.95564175
0
0
9.904989243
0
0
0
11.3199873
6.603325844
2.976303101
5.952606201
11.9052124
5.952606201
0
0
0
0
0
0
6.811988831
17.88146782
0
11.9209795
11.9209795
9.790484428
0
4.895242214
5.594563007
4.895242214
0
0
7.802034855
13.46720791
1.242362499
0
18.00471115
0
3.938530207
3.938530207
9.926200867
4.963100433
0
0
0
0
7.801576138
0
7.801576138
0
0
5.696293354
2.848146677
0
0
0
0
11.38318157
0
11.38318157
0
15.65290737
0
0
0
0
11.27423191
0
5.637115955
0
0
7.417037487
0
29.66814995
14.83407497
14.83407497
0
0
0
6.701307297
6.701307297
18.63853836
0
0
18.63853836
0
0
0
0
26.23513222
0
0
4.76152277
14.28456879
0
0
0
0
0
0
0
0
0
0
0
0
0
0
0
0
0
0
38.5126915
0
0
0
0
0
0
0
0
0
0
0
10.04439163
0
0
0
0
0
0
0
0
0
0
0
0
0
0
0
0
0
0
0
0
0
13.46724319
0
0
0
0
0
0
0
0
31.19878578
0
0
0
0
0
0
0
0
0
0
0
19.87109184
0
0
12.24811745
6.124058723
6.124058723
11.81934834
0
11.81934834
5.909674168
0
11.71244144
23.42488289
11.71244144
0
0
0
0
4.443092346
8.886184692
0
4.658058643
9.316117287
4.658058643
0
0
0
0
7.07950449
14.15900898
7.07950449
4.081320286
4.081320286
8.162640572
4.081320286
4.081320286
0
0
5.431819439
10.86363888
0
0
0
7.46887207
14.93774414
0
0
4.29806757
4.29806757
4.29806757
0
6.285048008
12.57009602
0
0
12.57009602
12.57009602
5.955192566
0
0
0
0
0
5.229070187
5.229070187
0
5.229070187
0
0
0
5.231122494
0
0
0
0
4.927280426
0
5.527700901
0
0
0
0
4.676867485
4.676867485
0
9.35373497
0
3.426359177
0
0
0
0
0
4.64085865
0
3.093905687
3.535892248
0
5.182991028
0
0
0
0
0
0
0
0
0
0
0
0
0
0
0
0
0
0
0
-0.1
6.7
0
0
0
0
4.802206993
0
0
0
0
0
0
0
0
0
0
0
0
0
0
0
0
0
0
0
0
0
0
0
0
8.785104752
0
5.197844982
0
0
0
0
0
0
0
0
3.497874022
4.104016304
4.104016304
0
0
0
0
0
0
0
0
0
0
0
0
0
0
0
0
0
0
2.655516386
0
0
0
0
0
0
0
0
2.893902779
2.893902779
5.787805557
0
0
0
0
1.609062552
1.609062552
0
0
0
0
0
0
0
2.162174225
0
4.32434845
4.32434845
3.147591352
3.147591352
6.295182705
3.147591352
6.295182705
3.653664351
3.653664351
7.307328701
7.307328701
7.307328701
2.685857058
6.139101505
2.685857058
6.139101505
2.685857058
0
1.991623759
10.70497704
2.48952961
0
0
7.360076427
4.036170959
2.849062204
7.597498417
0
11.04094791
4.830414295
4.830414295
19.32165718
13.45692635
4.485641956
4.485641956
4.485641956
0
16.2198658
0
11.57085991
4.339072227
4.235761642
0
0
0
0
0
0
0
8.225856781
37.60391998
18.80195999
0
0
13.27134609
0
0
0
0
4.138484955
0
8.27696991
4.138484955
7.41040659
3.812378407
14.9279871
3.291812897
11.39120388
0
0
0
0
0
0
6.240530014
0
6.240530014
0
0
0
22.23236847
0
0
17.97154236
0
5.990513802
0
0
9.838336945
0
0
9.838336945
0
0
5.914654255
0
0
0
9.167212486
0
9.167212486
9.167212486
0
8.616918564
4.308459282
0
0
4.308459282
0
0
0
0
7.002916813
0
0
0
0
0
0
0
0
0
0
0
0
0
0
0
0
0
0
0
0
11.19159985
20.51760101
0
10.25880051
0
0
0
0
12.14101219
0
0
0
0
0
0
0
0
0
0
0
0
0
0
0
0
0
0
0
0
0
17.96972466
0
13.89487267
0
0
13.89487267
0
0
0
0
0
0
23.13435173
0
0
0
0
18.37283897
9.186419487
0
9.186419487
0
0
0
0
0
9.517397881
0
0
24.87352753
0
0
5.815989017
17.44796562
0
0
5.815989017
0
0
15.68644428
13.72563934
6.862819672
0
0
9.069085121
0
4.534542561
0
0
0
0
0
8.014705658
3.387536764
0
0
0
0
0
0
0
0
0
0
0
0
0
0
0
0
0
3.931679726
0
3.206062078
6.412124157
0
0
0
2.6875875
3.071528912
0
2.6875875
0
0
0
0
0
0
0
0
2.740442514
0
0
0
4.046291828
0
0
0
0
0
0
0
0
0
0
0
0
0
0
0
0
3.017101288
0
0
-0.1
6.7
0
0
0
0
5.37991333
0
0
0
0
0
0
0
0
0
0
0
0
0
0
0
0
0
3.485782862
0
0
0
0
0
0
5.196311474
0
2.932664633
0
2.932664633
2.932664633
0
0
0
0
0
0
0
0
0
0
5.680082321
7.888624668
3.944312334
0
0
0
0
0
0
0
4.908822536
0
3.624199152
3.624199152
0
4.760735989
4.760735989
5.440841198
14.28220749
4.776578426
5.458946705
0
10.91789341
5.458946705
7.389406204
7.389406204
7.389406204
0
0
12.99926853
0
8.666178703
8.666178703
4.952102184
0
3.752128601
4.288146973
3.752128601
0
3.272470951
3.272470951
0
3.272470951
0
6.544941902
7.756251335
16.96679878
0
3.3933599
3.3933599
3.816884995
15.26753998
3.816884995
0
0
0
0
5.726451874
5.01064539
5.01064539
7.68707037
11.53060627
0
0
7.68707037
3.522969961
3.082598448
0
3.082598448
0
7.551050186
7.551050186
5.034033298
0
0
0
0
2.895421982
2.895421982
0
0
0
0
9.031853676
4.515926838
0
0
9.969118118
5.696639538
14.95367718
0
0
4.264420033
12.79326153
8.528840065
0
0
0
3.098293781
3.098293781
0
0
9.082987785
0
0
5.190279484
0
0
20.87564087
9.13309288
0
0
0
0
14.22836876
0
8.495083809
0
0
7.433197975
22.29959488
0
5.20616293
7.288628578
9.817337036
5.007833004
0
7.08344698
7.08344698
24.2861042
0
0
7.513847351
0
7.513847351
8.587254524
9.702013016
33.95704651
0
0
16.97852325
0
17.80762291
0
0
17.80762291
17.42878914
17.42878914
0
8.714394569
17.42878914
10.00015259
0
0
20.00030518
0
0
8.736572266
8.736572266
8.736572266
0
0
7.249919415
14.49983883
0
0
0
0
0
0
0
0
0
0
0
0
0
8.035433769
0
0
0
0
0
39.91292572
0
0
9.97823143
9.568758011
9.568758011
0
0
19.13751602
25.32808304
0
0
0
25.32808304
0
0
8.292110443
0
0
0
0
0
0
0
15.84434223
7.046299934
0
14.09259987
7.046299934
0
0
21.65041542
10.82520771
0
10.82520771
11.24502182
11.24502182
0
0
11.24502182
0
0
0
11.42899132
22.85798264
0
5.06237793
0
15.18713379
10.12475586
0
0
7.630973339
7.630973339
0
6.441491604
0
6.441491604
0
0
0
0
12.5047636
6.252381802
0
0
6.715316772
6.715316772
0
13.43063354
0
0
34.68740082
0
0
0
2.483937025
2.483937025
4.96787405
2.483937025
0
0
0
0
2.480632544
7.441897869
3.895943642
0
0
0
0
4.428913593
4.428913593
4.428913593
0
0
4.278912067
8.557824135
0
0
0
0
3.839073658
0
0
3.839073658
0
0
0
0
0
0
0
0
7.28303051
0
0
0
0
0
0
0
0
0
0
0
0
0
0
0
0
0
0
0
0
0
0
-0.1
6.7
0
2.151291132
0
0
0
0
0
0
0
1.394507527
0
0
1.541515589
0
0
0
0
0
1.060100317
1.060100317
0
0
0
0
0
0
0
0
0
0
0
0
0
0
0
0
0
0
0
0
0
0
0
0
0
0
0
0
0
0
0
11.2456398
0
0
0
0
0
0
0
0
0
0
0
0
0
0
0
0
0
0
0
0
0
0
0
9.845297813
0
9.845297813
9.845297813
19.69059563
2.1353755
0
2.1353755
0
0
0
24.04492569
0
0
0
0
5.854605198
8.781908035
0
5.854605198
2.927302599
0
4.560358524
0
0
0
15.93214321
0
0
0
3.186428785
0
4.526473045
0
9.052946091
9.052946091
3.835240364
15.34096146
0
0
0
0
0
10.05499744
10.05499744
0
13.58277035
0
3.961641073
7.923282146
3.961641073
6.020012379
15.05002975
0
6.020012379
6.020012379
0
0
7.384396553
0
7.384396553
14.20533371
0
0
0
0
4.111237049
4.111237049
8.222474098
8.222474098
0
16.49996758
0
0
0
0
0
16.00790024
4.00197506
0
0
12.00592422
0
0
0
13.82171154
0
0
17.28848648
0
0
0
8.047347069
16.09469414
8.047347069
16.09469414
0
3.99860239
3.99860239
0
0
0
0
0
0
0
15.33726978
0
0
5.710402966
2.855201483
0
15.03948307
7.519741535
7.519741535
15.03948307
0
0
0
0
0
0
0
0
0
0
0
0
0
0
0
0
0
0
18.39977837
9.199889183
0
0
30.80888557
0
20.53925896
0
0
0
0
8.102132797
4.051066399
0
0
0
0
0
0
0
0
0
0
0
0
7.609312534
7.609312534
0
0
0
0
4.843774319
0
0
0
0
0
0
0
7.184498787
0
21.81031609
0
0
29.08042336
18.71728516
0
6.239095211
0
12.47819042
0
0
0
0
0
0
11.63897038
0
11.63897038
11.63897038
0
13.92231941
0
0
0
13.92878914
6.964394569
6.964394569
0
0
0
6.961932659
0
6.961932659
6.961932659
0
0
0
7.334715843
0
0
12.89623642
12.89623642
0
0
0
4.54735136
4.54735136
0
4.54735136
0
6.921794415
13.84358883
13.84358883
0
13.84358883
3.59428668
0
0
3.59428668
3.59428668
0
0
0
0
0
3.85070014
0
0
0
7.70140028
0
0
0
4.234989166
0
0
0
0
0
0
0
0
0
0
0
0
0
0
0
0
0
0
0
0
0
3.636027575
0
0
0
0
0
0
0
0
0
0
0
3.623212099
0
0
0
0
0
0
0
4.085047722
-0.1
6.7
0
0
0
0
0
0
0
6.589527607
0
0
0
0
0
0
0
0
0
0
0
0
0
0
0
0
0
0
0
0
0
0
0
0
0
3.090988398
3.090988398
0
0
0
0
0
0
0
0
0
0
0
0
0
0
0
0
0
0
0
0
0
1.496747017
1.496747017
2.993494034
6.140671253
3.070335627
0
6.140671253
3.070335627
0
0
4.478812218
0
0
0
2.384267092
6.258701324
8.344934464
0
7.069982052
1.767495513
0
3.534991026
0
4.895122528
2.447561264
2.447561264
0
2.447561264
11.44431591
0
3.814772129
0
0
3.814772129
15.70042229
5.233473778
31.40084457
0
5.233473778
3.233788013
0
0
0
3.233788013
2.583543062
5.167086124
2.583543062
2.583543062
0
9.657513618
3.219171286
9.657513618
3.219171286
0
6.403474808
6.403474808
0
6.403474808
6.403474808
10.80476284
0
5.40238142
5.40238142
0
0
0
14.93213367
14.93213367
0
4.419898987
0
4.419898987
8.839797974
0
0
4.462914467
0
8.925828934
17.85165787
2.531493425
0
0
2.531493425
7.594480515
0
0
0
8.510623932
17.02124786
0
10.66735458
5.333677292
16.00103188
16.00103188
0
5.768960476
5.768960476
0
0
17.30688095
0
0
6.696016788
0
0
4.986484528
4.986484528
4.986484528
0
0
0
7.355365753
14.71073151
0
0
0
7.053151608
14.10630322
14.10630322
0
0
0
14.70854759
14.70854759
0
0
5.09080267
0
0
10.18160534
0
0
0
0
0
0
0
0
0
0
0
0
0
0
0
11.09895897
0
0
0
0
0
0
0
1.464630723
0
0
0
0
0
0
0
0
0
0
0
0
0
11.90988541
0
0
0
0
0
0
0
0
0
0
0
18.59986496
0
0
0
0
0
0
0
0
0
0
0
0
0
0
19.94440079
9.972200394
0
0
20.06012726
0
10.03006363
0
0
0
19.65024376
0
0
9.46168232
9.46168232
9.46168232
0
0
0
0
0
0
17.73782539
0
0
0
0
0
0
0
0
0
0
4.024171352
4.024171352
0
0
4.024171352
0
18.39794159
8.049098969
0
0
0
9.075233459
0
9.075233459
0
0
3.84330225
0
0
0
3.84330225
0
0
0
0
5.754615307
5.306589127
0
0
10.61317825
0
11.51547432
0
0
0
0
0
0
0
0
0
5.565925121
5.565925121
0
0
0
0
0
0
0
0
5.224285126
5.224285126
0
0
0
0
0
0
0
0
0
0
0
0
0
0
0
0
0
0
0
0
0
0
0
0
0
0
0
0
0
-0.1
6.7
1.988620877
0
0
0
0
3.970359325
1.985179663
0
0
0
1.795122504
0
0
0
0
0
0
0
0
0
0
0
0
2.378819704
1.189409852
0
0
0
0
0
0
0
0
0
0
0
0
0
0
0
0
0
0
0
0
0
0
4.240893364
0
0
0
0
0
3.436816692
3.436816692
0
2.164731026
0
1.082365513
0
1.300441504
1.300441504
0
0
2.631510019
0
7.894530296
2.631510019
7.894530296
0
3.0573349
0
0
3.0573349
7.781080723
3.890540361
3.890540361
0
0
1.000297666
2.000595331
0
1.000297666
0
0
6.912068844
6.912068844
10.36810303
0
3.456034422
0
0
2.324492216
2.324492216
4.648984432
4.831297398
14.49389076
16.56444931
14.49389076
0
3.198435068
0
9.595305443
0
9.595305443
5.590056419
11.18011284
0
16.7701683
0
0
0
0
0
0
2.654248714
6.066854
0
5.308497429
2.654248714
9.850465775
19.70093155
0
9.850465775
0
9.107505798
0
4.553752899
9.107505798
0
9.079948425
4.539974213
0
9.079948425
0
6.675459862
20.02638054
6.675459862
13.35091972
0
0
8.580136299
8.580136299
0
0
0
12.74065018
8.493766785
4.246883392
0
0
0
8.420805931
16.84161186
8.420805931
0
35.81787872
7.163576603
0
14.32715321
21.49072838
0
5.3313241
0
6.092942715
0
0
0
16.75747871
16.75747871
0
3.865995169
0
0
7.731990337
0
14.38042641
28.76085281
0
0
0
0
17.58801079
15.38951015
0
15.38951015
0
0
5.439477444
0
5.439477444
5.474514008
5.474514008
0
0
5.474514008
9.824036598
4.912018299
0
0
0
6.085581303
0
3.042790651
0
0
0
0
0
0
0
9.852787018
0
0
0
0
27.42214203
0
0
0
31.48406982
0
0
0
0
0
0
0
0
0
0
0
0
0
0
0
0
0
0
0
0
0
0
0
0
0
0
0
23.73389626
0
11.86694813
0
0
0
0
0
0
0
0
0
8.498305321
9.712348938
0
0
0
0
27.04743576
0
0
0
0
9.424476624
0
0
11.91064072
0
0
0
0
0
0
17.29538536
0
0
6.74037981
0
13.48075962
6.74037981
0
23.92555428
0
11.96277714
0
8.195861816
0
8.195861816
8.195861816
8.195861816
0
9.439421654
18.87884331
0
0
0
0
0
0
8.709094048
0
0
0
0
0
12.39153671
0
0
0
2.113295794
0
6.587480545
0
0
0
0
0
0
4.134413242
0
0
0
0
0
0
4.815168858
0
0
0
1.798750401
7.195001602
1.777651668
0
0
1.777651668
1.777651668
0
0
0
0
0
0
0
0
0
0
0
0
0
0
1.028774023
0
0
0
0
0
0
-0.1
6.7
0
0
0
0
0
0
0
0
0
0
0
0
1.790871263
0
0
0
0
0
0
0
0
1.11439538
2.22879076
2.22879076
0
0
0
0
0
0
0
0
0
0
0
0
0
0
0
0
5.531921864
1.912107706
0
0
3.824215412
0
3.571050167
1.785525084
0
0
0
9.181605339
0
3.060534954
1.530267477
0
3.254100561
1.627050281
0
4.032059669
4.032059669
2.016029835
0
0
0
0
0
8.262296677
0
2.241773605
0
2.241773605
0
0
0
0
2.638962269
6.157578468
5.277924538
0
0
0
0
4.876049042
0
3.953233957
0
3.953233957
7.906467915
0
7.154272556
6.259988308
9.389982224
0
0
4.044538975
1.348179817
2.696359634
0
0
11.91187668
3.970625639
0
4.537858009
27.79438019
9.592243195
3.197414637
3.197414637
9.592243195
6.394829273
0
0
0
0
0
0
13.23440075
0
3.308600187
3.781257391
0
0
0
3.243909121
6.487818241
3.445267916
0
0
0
0
10.77839088
10.77839088
0
0
0
0
0
0
15.7091465
0
0
0
0
4.553029537
0
0
0
4.919398785
9.838797569
0
4.919398785
5.190814018
10.38162804
2.595407009
5.190814018
2.595407009
12.78569508
12.78569508
0
12.78569508
12.78569508
3.824032068
3.824032068
0
0
3.824032068
0
0
56.31768417
0
18.77256012
0
15.69750404
0
0
0
0
0
1.709785104
1.709785104
0
0
0
0
0
0
0
0
1.567079425
0
0
0
0
3.223709106
3.223709106
0
28.01814079
0
0
0
0
3.242540359
0
0
0
0
0
5.537444115
0
0
0
0
0
0
0
0
0
0
0
0
0
0
24.10918617
0
12.05459309
0
0
0
0
0
18.47363853
0
0
8.252419472
0
0
0
0
0
0
0
0
0
0
0
0
30.5246563
0
0
0
17.16537094
0
0
0
0
12.37376595
0
0
13.29753208
0
0
13.29753208
0
0
7.353243828
0
7.353243828
7.353243828
21.98303986
0
0
0
21.98303986
0
5.423598766
0
5.423598766
5.423598766
0
0
6.466329575
12.93265915
0
0
0
0
62.45238113
0
28.83256912
11.53302765
0
5.766513824
0
6.193092823
3.538910627
3.096546412
3.096546412
6.193092823
0
6.710608482
13.42121696
6.710608482
6.710608482
6.710608482
0
0
5.580760479
2.790380239
0
5.25213623
2.626068115
2.626068115
5.25213623
2.626068115
6.599177361
0
0
0
0
0
0
7.899131775
7.899131775
0
0
0
0
4.274815083
0
0
0
0
3.295099258
0
0
2.606230974
3.909346581
2.606230974
0
0
0
0
0
0
0
4.171551228
4.171551228
4.171551228
0
0
0
0
0
0
0
0
0
0
0
0
0
0
0
0
0
-0.1
6.7
0
0
0
0
0
0
0
0
0
0
0
0
0
0
0
0
0
0
0
0
3.474843264
3.474843264
3.474843264
0
0
0
0
0
0
0
0
0
0
0
0
0
0
0
0
0
0
0
0
0
5.477173805
5.477173805
0
0
0
0
8.110421181
7.00210762
0
0
0
2.334035873
1.881484985
3.762969971
3.762969971
3.762969971
6.216642857
0
3.108321428
0
0
0
0
0
0
0
0
1.820280075
0
1.820280075
1.820280075
7.60860157
0
0
3.804300785
3.804300785
3.481687307
3.481687307
1.740843654
1.740843654
3.481687307
1.658463359
1.658463359
1.658463359
3.316926718
6.633853436
3.316926718
7.695086479
3.84754324
0
3.84754324
3.84754324
0
8.504560471
8.504560471
0
0
0
2.985849619
0
0
5.971699238
0
0
3.892172098
0
0
0
8.448075294
0
0
0
2.612680912
13.06340408
10.45072365
5.225361824
2.612680912
2.063748598
0
0
0
0
9.592572212
2.398143053
4.796286106
0
0
9.388706207
9.388706207
0
18.77741241
9.388706207
0
0
0
7.116015434
3.558007717
0
4.775893688
9.551787376
0
4.775893688
25.32609367
0
0
0
5.065218925
5.065218925
0
0
7.271406174
14.54281235
0
0
17.89712334
0
17.89712334
0
0
0
5.820755482
11.64151096
0
0
0
0
0
0
0
0
0
0
0
0
0
11.40947151
0
3.803157091
0
0
0
0
0
16.7728157
0
0
33.54563141
16.7728157
0
0
0
0
0
0
0
0
0
0
0
0
0
0
0
0
0
0
0
0
0
0
0
0
0
0
0
0
0
0
0
0
0
0
20.36477852
0
0
0
0
0
0
0
13.77286053
0
0
0
0
0
0
0
5.929581642
5.929581642
8.828801155
10.09005928
0
0
0
12.07524586
0
0
0
0
0
0
18.90675545
18.90675545
0
0
0
0
35.16202164
17.58101082
0
0
0
10.11141586
0
14.69958973
0
0
14.69958973
0
3.709977865
0
11.12993336
0
0
0
0
5.960473061
11.92094612
5.960473061
16.5844059
5.5281353
0
0
0
6.71096611
0
0
0
13.42193222
0
0
0
0
6.555564404
0
8.358937263
0
8.358937263
0
8.358937263
0
0
0
0
0
0
5.077546597
0
0
0
0
0
0
3.096164703
3.096164703
0
0
4.568567753
4.568567753
4.568567753
0
0
0
4.458964825
4.458964825
5.508460045
0
0
0
0
0
0
0
1.169764519
0
0
0
0
0
0
2.069307804
4.138615608
2.069307804
0
0
0
0
0
0.851047277
0
0
0
0
0
4.829892159
3.81108284
1.713665247
0
0
1.713665247
0
-0.1
6.7
0
0
0
0
0.621257603
0
0
0
0
0
0
0
0
0
0
0
0
0
0
0
0
0
0
0
0
0
0
4.94965601
0
0
0
0
0
0
0
0
6.332666397
0
0
4.221777916
0
0
5.885278702
2.942639351
0
0
0
0
0
0
0
0
0
0
0
12.0160284
2.092358828
1.046179414
2.092358828
6.691135406
2.230378389
4.460756779
2.230378389
0
3.064684391
0
3.502496719
3.064684391
6.129368782
5.065021038
5.788596153
15.19506264
5.065021038
5.065021038
0
9.779699326
4.889849663
9.779699326
4.889849663
4.727626801
0
0
4.727626801
0
11.83292103
0
0
0
0
0
2.521179199
0
0
1.2605896
0
2.844653845
2.844653845
0
2.844653845
2.844653845
0
5.430213928
0
10.86042786
10.86042786
0
0
0
0
14.5728569
0
15.22606087
15.22606087
0
0
0
0
0
26.64795876
6.661989689
7.882829666
0
0
15.76565933
7.882829666
0
0
3.476292372
6.952584743
3.476292372
0
0
0
0
0
4.038736343
4.038736343
8.077472687
0
0
0
14.30850601
3.577126503
0
0
10.88789368
10.88789368
0
0
10.88789368
16.33184052
0
0
0
13.06527519
6.532637596
0
0
0
0
24.94639206
28.57372665
9.52457428
0
9.52457428
0
0
0
0
0
0
0
0
20.42910194
0
0
0
0
0
0
0
0
0
0
0
0
0
0
0
0
0
0
0
9.195971489
0
0
0
0
0
0
0
0
0
0
0
20.51581001
0
0
0
0
0
0
0
0
0
0
0
0
0
0
0
0
0
0
0
0
0
0
0
0
0
0
0
0
0
0
0
0
0
15.92356491
47.77069473
0
0
0
0
0
0
0
0
0
0
0
0
0
0
0
0
0
0
0
0
16.09169006
8.045845032
0
0
32.41554642
16.20777321
0
0
26.26454544
13.13227272
0
13.13227272
8.768884659
0
0
0
8.768884659
0
7.708216667
7.708216667
7.708216667
7.708216667
0
0
0
5.726588249
11.4531765
0
8.649831772
8.649831772
17.29966354
8.649831772
0
0
0
10.21496773
0
0
0
0
9.029740334
0
9.029740334
12.67382526
0
5.544798374
11.08959675
11.08959675
0
0
0
0
0
0
0
0
0
0
0
0
0
0
0
0
0
0
0
5.611873627
3.790122032
0
0
0
3.790122032
8.871455193
0
0
0
0
2.599282503
0
2.599282503
0
2.599282503
7.28489542
0
0
0
0
0
0
0
0
0
0
0
0
0
0
0
0
0
0
0
0
-0.1
6.7
0
0
0
0
2.806527615
0
2.280606508
0.76020211
0
0
0
1.741751909
0
0
0
0
0
0
0
0
0
0
0
0
0
0
0
2.021947861
4.043895721
4.043895721
0
0
0
0
0
0
1.129001021
0
1.129001021
1.129001021
2.258002043
1.12868619
1.12868619
0
2.257372379
3.386058569
3.478482246
1.739241123
3.478482246
0
0
1.979177594
1.979177594
0
0
0
2.033752918
0
0
7.03752327
3.518761635
3.518761635
3.518761635
3.518761635
4.20785284
8.415705681
4.20785284
8.415705681
0
0
2.694067001
0
2.694067001
0
0
0
0
3.524741173
7.049482346
3.950732708
7.901465416
0
0
0
0
6.230275631
3.115137815
0
0
6.230275631
0
7.173221588
0
7.173221588
7.173221588
2.968520641
0
0
0
2.968520641
4.101606846
2.050803423
2.050803423
4.101606846
0
5.57034874
5.57034874
0
5.57034874
0
0
0
0
9.963281631
9.963281631
0
6.627319336
13.25463867
6.627319336
6.627319336
7.571803093
0
0
0
3.785901546
8.760204315
8.760204315
4.380102158
0
17.52040863
7.039908409
0
14.07981682
7.039908409
14.07981682
20.7742691
0
5.193567276
10.38713455
10.38713455
5.752650261
0
11.50530052
0
5.752650261
3.788653374
0
7.577306747
0
7.577306747
0
0
7.737226009
23.21167755
0
0
0
26.72712708
0
13.36356354
13.36356354
13.20401955
0
0
0
19.80602837
0
0
7.378380775
0
11.06757069
0
13.52930355
0
0
13.52930355
4.57519865
0
0
4.57519865
0
0
0
0
0
8.852838516
0
0
0
0
0
0
0
8.878613472
8.878613472
0
0
0
0
0
0
0
0
0
0
0
0
0
10.50764561
0
0
21.01529121
35.57847977
17.78923988
0
0
0
0
0
0
0
0
0
0
0
0
0
0
0
0
0
0
0
0
0
0
0
20.01416397
0
0
0
0
0
28.03310013
0
14.01655006
0
0
9.484260559
18.96852112
9.484260559
0
0
0
13.09519577
0
0
13.09519577
0
0
0
0
0
0
11.65085697
11.65085697
0
11.65085697
0
10.11501503
10.11501503
0
0
0
0
0
14.86755848
0
0
0
0
15.62248039
0
23.8478241
0
5.961956024
5.961956024
5.961956024
8.833636284
0
0
26.5009079
0
0
6.598958969
0
0
6.598958969
0
0
0
14.47029972
0
0
3.836979628
3.836979628
0
3.836979628
0
0
0
2.620058298
0
0
0
0
0
0
0
0
0
0
0
0
0
0
0
0
0
0
0
0
0
0
2.660106897
2.660106897
2.660106897
0
0
0
0
0
0
0
0
0
0
0
0
0
0
0
2.171619177
0
0
0
0
0
0
0
0
0
0
0
0
-0.1
6.7
0
0
0
0
0
0
0
0
0
0
0
0
0
0
0
0
0
0
0
0
0
0
0
0
0
0
0
0
2.814173698
2.814173698
0
0
0
0
0
0
0
3.929006577
5.893509388
3.929006577
3.929006577
0
2.736881733
0
0
0
0
0
0
0
3.28392601
2.603853226
0
3.9057796
0
0
0
0
0
0
0
0
0
0
0
0
2.024973392
4.049946785
4.049946785
2.035327673
0
0
0
0
7.375890255
0
7.375890255
0
0
0
0
6.466047287
0
0
14.7924366
0
0
0
14.7924366
0
6.732009888
20.19603157
0
6.732009888
20.19603157
0
16.94188309
8.470941544
0
0
0
0
5.94956255
0
5.94956255
4.221431732
4.221431732
12.66429424
0
0
3.635123968
7.270247936
7.270247936
0
0
6.586770058
6.586770058
3.293385029
6.586770058
3.293385029
6.645927429
26.58370972
0
6.645927429
6.645927429
0
0
4.094380379
0
4.094380379
22.64138412
0
0
7.547128201
7.547128201
0
2.699089527
0
0
2.699089527
14.16578102
0
9.443853378
0
4.721926689
0
8.733787537
0
0
0
0
0
29.18342972
0
7.29585743
14.59171486
13.94509411
6.972547054
0
0
6.972547054
0
0
9.953719139
0
0
0
0
0
0
20.13148117
0
0
23.48107719
0
0
0
0
24.40728569
0
0
0
0
0
0
0
0
0
0
0
0
0
0
0
0
0
25.83335495
12.91667747
0
0
12.91667747
14.88685799
0
0
0
29.77371597
0
26.61105156
0
0
0
0
0
0
0
9.897711754
0
0
0
0
5.747097015
0
0
0
0
0
0
0
0
0
0
13.79622746
0
0
0
0
0
0
19.81733513
19.81733513
0
9.908667564
29.72600174
18.71664047
0
12.47776031
18.71664047
12.47776031
0
0
14.10389805
28.2077961
0
11.56387424
11.56387424
0
0
11.56387424
12.11504745
0
12.11504745
36.34514236
12.11504745
7.99302721
0
7.99302721
15.98605442
15.98605442
0
0
19.52819633
0
0
0
0
0
0
0
0
0
18.87616348
0
0
0
0
9.576266289
0
3.192089081
0
3.594864368
7.189728737
10.78459263
3.594864368
0
0
6.741033554
3.370516777
6.741033554
0
10.79120064
10.79120064
10.79120064
0
10.79120064
2.456345797
2.456345797
0
4.912691593
2.456345797
0
0
0
3.371871471
3.371871471
0
3.652425289
3.652425289
0
0
7.564203262
0
0
0
0
3.583020687
0
0
0
0
0
0
0
0
0
0
4.130374908
8.260749817
8.260749817
0
0
0
0
0
0
0
0
0
0
0
1.516940951
0
0
1.516940951
0
0
0
0
0
0
0
0
0
0
0
0
-0.1
6.7
0
0
0
2.500246525
2.500246525
0
0
0
0
0
0
0
0
0
0
0
0
0
0
0
0
0
0
0
0
0
0
0
0
0
0
0
0
0
0
0
0
0
4.289208412
0
0
0
0
0
0
0
0
0
0
0
0
0
0
0
0
4.15469408
1.095461011
1.095461011
1.095461011
1.095461011
0
2.165356398
2.165356398
4.330712795
4.330712795
3.213670731
4.820505619
0
1.606835365
3.213670731
0
6.127792358
4.085195065
0
0
2.151537657
4.303075314
4.303075314
2.151537657
0
5.322680473
2.661340237
2.661340237
0
0
0
4.012079716
8.024159431
8.024159431
0
12.03623962
2.029928207
8.11971283
4.059856415
0
4.059856415
3.28798151
6.57596302
0
0
3.28798151
0
0
6.015063286
9.022594452
0
0
9.25848484
0
0
0
0
7.340805054
14.68161011
0
7.340805054
0
9.481126785
4.740563393
4.740563393
4.740563393
0
3.334721804
10.00416565
0
6.669443607
0
1.753314972
3.506629944
1.753314972
0
7.615476608
0
19.03869247
3.807738304
0
8.321816444
0
8.321816444
8.321816444
0
7.877236843
0
0
11.81585598
15.75447369
0
0
15.33712673
15.33712673
5.112375736
5.112375736
0
0
18.33923912
0
0
0
0
0
9.525807381
0
0
0
7.312969685
21.93890953
0
0
6.507511616
0
0
0
7.506159306
7.506159306
7.506159306
22.51847839
0
0
0
15.37421227
7.687106133
38.43553162
4.137296677
8.274593353
8.274593353
4.137296677
0
0
0
0
0
0
0
0
0
0
0
0
5.631076336
5.631076336
16.89323044
0
0
21.19240189
0
10.59620094
10.59620094
27.90750885
11.16300392
0
0
11.16300392
5.581501961
0
0
7.471622944
0
8.53899765
7.795540333
7.795540333
7.795540333
0
0
0
0
15.90718555
0
0
4.102283955
0
0
0
0
0
0
0
0
18.81693077
0
13.00204945
26.00409889
0
0
0
5.178915977
5.178915977
0
5.178915977
0
0
0
0
0
12.38959217
18.11786652
0
0
0
0
0
0
15.51646042
0
15.51646042
0
18.75109482
9.375547409
0
0
9.3995924
28.19877625
9.3995924
0
0
3.890563488
0
7.781126976
0
3.890563488
11.19334602
0
0
5.596673012
5.596673012
8.107732773
0
0
16.21546555
0
9.630563736
19.26112747
9.630563736
0
0
4.427055836
0
4.427055836
0
0
0
0
0
10.32460213
0
5.162301064
8.596466064
0
17.19293213
0
0
0
0
0
0
6.441685677
0
0
0
0
0
0
0
0
0
0
0
0
0
0
0
3.684397459
0
0
0
0
0
5.510321617
11.02064323
5.510321617
5.510321617
0
0
0
0
0
0
4.357961178
2.178980589
0
0
2.059126854
1.029563427
0
0
0
0
0
0
0
0
0
0
0
0
0
0
-0.1
6.7
0
0
1.708121061
0
0
0
0
0
0
0
0
0
0
0
0
0
0
0
1.074219704
0
0
0
0
0
0
0
0
0
0
3.391259909
1.695629954
0
0
0
0
0
0
3.818312407
7.636624813
0
0
2.089662075
0
2.089662075
4.17932415
4.17932415
2.539510489
0
5.079020977
0
0
0
3.212037086
0
3.212037086
3.212037086
4.497058392
2.248529196
0
0
0
0
0
0
11.7209301
0
17.5813961
0
0
7.959191322
7.959191322
11.93878651
0
3.979595661
0
0
0
3.569801331
3.569801331
6.128397942
0
0
0
6.128397942
4.319326878
8.638653755
0
8.638653755
0
8.638653755
10.41660023
10.41660023
0
5.208300114
0
13.15946293
0
0
6.579731464
0
0
0
23.42522812
0
0
15.60595798
0
3.901489496
7.802978992
0
0
0
0
9.821680069
0
0
0
0
0
0
5.828387737
11.65677547
11.65677547
0
5.828387737
7.169476986
7.169476986
0
21.50843048
7.169476986
3.360054255
0
0
3.360054255
0
2.982228518
2.982228518
0
8.946684837
0
0
0
0
0
15.39535046
0
0
0
6.193547726
6.193547726
0
5.035305023
0
0
10.07061005
5.035305023
6.432972431
0
6.432972431
6.432972431
19.29891777
49.34782028
0
0
0
9.869564056
12.11747742
0
0
18.17621613
0
0
0
0
8.044701576
8.044701576
12.29908371
0
24.59816742
0
6.149541855
0
0
12.69334507
25.38669014
0
31.47521591
0
0
15.73760796
0
0
0
0
0
0
0
0
0
0
0
0
0
0
8.396536827
0
0
0
0
0
0
0
0
0
0
0
0
0
0
0
0
0
0
5.331133366
5.331133366
0
0
5.612879276
5.612879276
0
0
16.83863831
0
0
0
0
4.660038471
0
0
25.56317711
0
0
0
0
0
0
0
0
0
0
25.78439331
0
0
0
11.15418625
11.15418625
0
11.15418625
0
0
0
0
12.36728287
0
0
0
0
16.53322792
0
0
0
0
0
0
0
0
3.652766943
7.305533886
0
8.76027298
8.76027298
4.38013649
0
0
5.696888447
5.696888447
5.696888447
0
5.224641323
0
0
5.224641323
0
7.663167477
0
0
0
15.32633495
0
4.720551014
9.441102028
4.720551014
0
0
3.094021559
3.094021559
6.188043118
0
0
2.507186413
0
0
2.507186413
2.507186413
4.219420433
4.219420433
4.219420433
0
4.219420433
0
0
0
0
0
0
0
0
0
0
0
0
0
0
0
0
0
0
0
0
0
0
0
1.579819441
0
4.354462147
6.531693459
0
0
0
0
0
0
0
0
3.77353406
1.88676703
0
0
0
4.939307213
0
0
0
0
0
-0.1
6.7
2.208316803
0
0
0
0
0
0.978690863
0
0.856354475
2.569063663
0
0
0
0
2.179122925
0
0
0
0
0
0
0
0
0
0
0
6.969952106
0
0
0
0
0
0
0
0
0
0
0
0
0
3.091264009
4.233048439
8.466096878
0
21.16524124
0
0
5.802413464
0
0
2.901206732
3.567821741
3.567821741
0
0
3.567821741
1.928646326
0
1.928646326
4.082944393
0
4.082944393
2.041472197
2.041472197
0
0
0
25.20442009
18.90331459
0
9.136616707
4.568308353
9.136616707
9.136616707
4.648921013
0
0
4.648921013
6.973381519
0
0
0
0
0
0
0
0
3.899954081
7.799908161
3.899954081
3.166356325
3.166356325
9.49906826
0
0
2.635727406
0
0
0
7.907182217
0
3.007884741
0
6.015769482
6.015769482
2.254399061
6.763197422
0
2.254399061
6.763197422
0
10.60605907
3.535353184
7.070706367
0
1.622338176
1.622338176
3.244676352
1.622338176
0
3.399595737
10.19878674
0
3.399595737
10.19878674
0
0
9.738851547
0
0
0
0
0
6.010983944
6.010983944
8.337006569
8.337006569
0
0
8.337006569
0
0
8.391000748
0
0
24.83781242
8.279270172
0
8.279270172
0
0
0
0
6.56428051
13.12856102
0
12.10655689
24.21311378
24.21311378
12.10655689
0
9.304347038
9.304347038
9.304347038
0
9.304347038
11.63386917
0
0
0
0
0
10.74673271
5.373366356
0
0
0
0
10.6579771
0
0
28.90925217
0
0
9.636417389
9.636417389
0
6.93031311
6.93031311
6.93031311
6.93031311
0
0
0
0
0
0
0
0
0
0
0
0
0
0
0
0
0
0
0
0
0
0
0
0
0
0
0
5.26244545
0
5.26244545
0
0
0
0
0
0
9.028640747
18.05728149
0
0
18.05728149
0
0
0
31.40485382
0
0
0
0
0
0
0
0
0
4.179800034
4.179800034
8.359600067
0
10.32090092
0
10.32090092
20.64180183
14.75012302
7.375061512
0
7.375061512
7.375061512
0
10.68291283
10.68291283
0
21.36582565
0
8.914563179
26.7436924
8.914563179
0
0
7.574809074
7.574809074
0
0
8.824349403
0
8.824349403
4.412174702
8.824349403
0
22.73129082
0
0
22.73129082
0
11.1953392
5.597669601
5.597669601
0
0
0
0
0
37.0034256
0
0
0
13.7120533
0
8.178186417
4.089093208
0
0
12.26727962
8.178186417
11.99675369
0
0
11.99675369
0
0
0
5.572750568
5.572750568
0
3.574836016
3.574836016
3.574836016
0
3.574836016
0
12.71198368
6.35599184
6.35599184
0
7.158906937
7.158906937
3.579453468
0
0
0
7.237030983
0
0
0
0
0
0
0
5.487595558
3.543218851
0
0
0
0
0
0
0
0
0
0
0
0
0
0
0
0
1.024435401
0
1.024435401
0
0
5.948204517
0
0
0
-0.1
6.7
0
0
0
0
0
0
0
0
0
0
0
0
0
0
0
0
0
0
0
0
0
0
0
0
6.995607853
0
0
0
0
0
0
3.018939018
0
6.037878036
0
0
0
0
0
0
9.042791367
6.339636326
6.339636326
6.339636326
3.169818163
3.169818163
0
0
8.663603783
0
0
0
11.46052074
11.46052074
0
11.46052074
0
8.75336647
0
0
0
3.530581236
0
0
0
0
3.642412663
5.463619232
3.642412663
3.331445217
3.331445217
0
3.331445217
3.331445217
5.218430519
2.283063173
2.283063173
4.566126347
0
7.396707058
0
0
3.698353529
11.0950613
4.185254097
0
2.092627048
4.185254097
0
0
4.667638302
4.667638302
4.667638302
0
0
0
0
0
7.692367077
0
0
5.130324364
0
0
0
0
7.790795326
3.895397663
0
3.895397663
5.627799034
5.627799034
8.441698074
5.627799034
2.813899517
0
9.435019493
9.435019493
9.435019493
4.717509747
0
14.76344681
0
9.842297554
0
0
0
17.69861794
0
0
0
8.876655579
0
8.876655579
0
0
6.143857479
12.28771496
0
0
0
0
0
0
0
10.03794003
5.018970013
5.018970013
0
10.03794003
0
0
0
4.856492519
9.712985039
9.712985039
0
10.36447239
10.36447239
5.182236195
0
20.27188683
10.13594341
0
0
0
7.393532276
0
14.78706455
0
0
7.667794704
0
7.667794704
7.667794704
0
15.18422699
15.18422699
0
0
0
0
0
21.57292366
0
0
6.573048115
0
0
6.573048115
26.29219246
5.305167198
0
5.305167198
0
15.91550255
0
0
24.01983452
0
24.01983452
18.42790222
0
0
0
0
0
0
0
0
0
0
0
0
0
0
7.074986935
7.493916512
0
0
0
0
0
0
0
0
0
0
0
0
0
0
0
18.32746124
0
0
0
11.33426762
22.66853523
0
0
22.66853523
11.33426762
0
0
0
0
0
0
0
25.07633591
0
0
0
0
0
0
0
7.236908913
21.71072769
0
0
0
9.165622711
0
9.165622711
9.165622711
0
0
28.35336494
0
0
0
16.90769768
0
5.635899544
0
5.635899544
0
7.191117764
7.191117764
7.191117764
14.38223553
6.324585438
18.97375679
12.64917088
6.324585438
6.324585438
6.765842438
6.765842438
13.53168488
0
13.53168488
0
27.57977676
0
18.38651848
18.38651848
21.51282501
0
10.75641251
0
10.75641251
0
0
0
0
0
0
0
0
0
0
0
0
0
2.958855867
0
0
0
0
0
0
4.411779881
0
4.654093266
4.654093266
0
0
0
0
1.361841202
0
0
0
0
0
0
0
0
0
0
0
0
0
0
0
0
0
0
0
0
0
0
0
0
0
0
0
0
0
0
0
0
0
-0.1
6.7
0
0
0
0
0
0
0
0
0
0
0
0
0
0
0
0
0
0
0
0
6.711231232
0
0
0
0
0
0
0
0
0
0
0
0
0
0
0
0
0
0
0
0
0
0
0
0
0
0
0
9.268574715
9.268574715
0
6.970942497
3.485471249
6.970942497
0
0
1.073283195
1.073283195
2.146566391
1.073283195
0
5.536659241
0
5.536659241
2.76832962
2.749213219
0
0
5.498426437
5.498426437
0
0
0
0
0
0
1.691497564
1.691497564
1.691497564
0
0
0
0
1.319200158
2.638400316
2.280911446
0
2.280911446
0
6.842734337
0
0
7.483224869
11.2248373
0
0
5.873731613
2.936865807
8.81059742
11.74746323
2.936865807
0
4.881751537
14.64525509
0
4.881751537
1.925440788
9.627202988
0
3.850881577
1.925440788
0
0
0
0
13.56392193
0
0
0
0
4.976097107
0
0
0
5.833128929
0
0
0
5.816966534
0
0
0
0
10.57778835
21.15557671
5.288894176
9.057738304
9.057738304
0
0
0
2.571766138
0
0
2.571766138
2.571766138
4.306129456
0
4.306129456
8.612258911
8.612258911
4.306129456
7.324168205
21.97250366
0
0
7.324168205
0
0
0
0
0
0
0
6.352723598
6.352723598
0
19.6051712
19.6051712
0
0
9.802585602
11.15561104
0
0
11.15561104
5.577805519
0
20.90551376
10.45275688
0
0
14.39217758
7.196088791
14.39217758
0
0
0
16.55067825
0
0
0
0
0
0
4.239693642
12.71908092
0
0
0
0
0
2.797983408
0
0
0
0
0
0
0
0
0
6.922653198
0
0
0
0
0
0
0
0
0
0
0
0
0
0
0
0
0
0
0
0
16.67962646
33.35925293
0
0
0
0
0
0
0
0
0
0
0
0
0
0
0
0
0
0
0
0
0
0
0
0
5.68748951
0
0
5.68748951
5.68748951
0
16.48622704
0
0
16.48622704
11.50630283
57.53151703
0
11.50630283
11.50630283
0
0
0
4.843707561
4.843707561
6.887122631
0
0
0
13.77424526
4.295021057
0
0
0
8.590042114
4.668786526
9.337573051
4.668786526
9.337573051
0
15.50068092
15.50068092
15.50068092
15.50068092
15.50068092
12.66381645
6.331908226
0
6.331908226
6.331908226
0
0
2.390372753
2.390372753
0
0
4.620383263
0
4.620383263
4.620383263
0
0
6.240044117
0
3.120022058
0
0
0
0
4.028736115
0
2.4360075
4.872014999
0
0
0
1.749616504
0
0.583205521
0
0
0
1.358514428
0
0
1.358514428
1.874677777
0
1.874677777
0
0
4.733108997
2.366554499
2.366554499
0
0
0
0
0
0
0
0
0
0
0
0
0
1.473461747
0
0
0
0
-0.1
6.7
0
0
0
2.457740068
0
0
0
0
0
0
0
0
0
0
0
0
0
0
0
0
0
3.333426237
3.333426237
0
0
0
0
0
0
0
0
0
0
0
0
0
0
1.939083695
1.939083695
0
0
0
0
3.874607086
0
0
0
0
0
0
0
6.178835869
0
0
0
6.178835869
1.52542913
1.52542913
0
1.955062509
3.910125017
3.910125017
5.865187645
5.865187645
0
0
1.999767065
7.99906826
0
0
0
3.508855104
1.754427552
1.754427552
0
0
0
0
4.919386387
4.474968433
0
1.491656184
1.491656184
0
10.33427715
0
6.889518738
0
0
3.444759369
0
0
0
0
4.804209232
0
0
0
6.467713356
0
0
0
5.201659203
0
0
0
0
7.710160255
2.570053339
2.570053339
0
4.51290369
2.256451845
0
0
7.59436655
0
3.797183275
0
0
7.145466805
0
3.572733402
17.86366844
3.572733402
8.544100761
0
0
0
0
7.057198048
0
3.528599024
0
0
0
5.742203712
2.871101856
2.871101856
0
0
4.448025227
4.448025227
0
0
1.395147562
5.797721386
1.893520713
2.790295124
1.395147562
0
7.726065636
7.726065636
0
0
0
11.88149261
0
7.920994759
11.88149261
0
0
0
0
0
0
6.349045277
0
6.349045277
0
0
0
0
0
0
0
0
0
0
6.782800674
0
0
3.586716652
7.173433304
7.173433304
3.586716652
0
0
0
0
0
5.17056179
0
0
2.585280895
2.585280895
0
0
0
0
0
22.1038475
0
0
0
0
0
7.450091362
0
0
0
0
0
0
0
0
0
0
0
0
0
0
0
0
0
0
0
0
0
0
0
0
0
0
0
0
0
0
0
0
31.62848854
0
0
0
0
0
0
0
0
12.9592638
12.9592638
0
0
0
0
0
8.072723389
0
0
0
0
10.91491318
10.91491318
13.71437263
13.71437263
13.71437263
0
0
0
14.8687315
0
0
0
0
5.22008419
10.44016838
10.44016838
0
6.890926361
0
6.890926361
0
0
3.373801708
0
0
6.747603416
0
0
14.133008
0
0
0
0
0
0
0
5.045474529
7.330400944
7.330400944
0
3.665200472
3.665200472
0
6.841149807
0
0
0
0
0
0
0
0
0
0
0
0
0
0
0
0
4.198000431
0
8.396000862
0
0
11.80241585
0
5.901207924
3.33259964
0
0
0
0
0
2.234247923
2.234247923
0
0
0
0
0
0
0
0
0
0
4.133868217
0
0
0
0
0
0
0
0
0
0
0
0
0
0
0
0
1.755776763
-0.1
6.7
0
3.197011471
0
0
0
0
0
0
0
0
0
0
0
0
0
0.974211395
0
0.974211395
0
0
0
0
2.419322014
0
0
0
0
0
0
1.273573875
3.820721626
2.573070765
0
0
0
0
0
0
0
2.955915213
2.955915213
0
0
4.013436317
4.013436317
0
3.6701262
0
0
0
0
0
0
0
0
7.588735104
0
0
2.505175829
0
0
0
0
6.196234226
4.422174454
0
8.844348907
0
8.844348907
0
0
3.349392891
0
0
8.712703705
4.97868824
2.178175926
4.356351852
2.178175926
0
3.997348547
2.664899111
2.664899111
0
4.889726162
9.779452324
14.66917992
0
0
4.889726162
0
0
7.69529295
0
0
2.696347713
0
0
0
0
0
0
11.46057987
0
0
3.380405188
3.380405188
10.14121532
3.380405188
3.380405188
1.864503264
3.729006529
3.729006529
5.593509674
0
3.619255066
0
0
3.619255066
10.85776424
2.200038671
0
0
0
8.800154686
11.7271986
3.9090662
3.9090662
0
0
0
1.999027491
3.998054981
5.997082233
3.998054981
0
0
0
10.51563644
5.257818222
4.654494286
4.654494286
0
0
0
6.237698078
12.47539616
0
6.237698078
0
0
16.50618935
0
0
16.50618935
16.50618935
24.36797523
0
0
0
0
0
14.73154831
0
0
0
2.833827734
8.501482964
8.501482964
0
0
0
8.625117302
0
17.2502346
0
0
0
8.72251606
5.815010548
0
0
0
9.59423542
28.78270531
0
0
0
0
0
0
0
0
0
0
0
37.07382584
0
0
0
0
0
0
0
0
0
0
0
0
0
0
0
0
0
0
0
0
0
0
0
0
0
0
0
0
0
0
0
0
0
20.36686516
0
0
0
0
0
0
69.66466522
0
0
0
0
0
0
0
0
0
17.1788044
0
0
0
0
0
0
33.86439133
0
0
0
25.79247284
12.89623642
12.89623642
0
25.79247284
0
0
21.05537415
10.52768707
0
21.05777931
0
0
0
10.52888966
5.131130219
0
10.26226044
0
0
0
0
0
0
0
7.102593899
0
7.102593899
7.102593899
0
0
5.268571377
0
5.268571377
0
0
0
0
0
19.58520317
9.572794914
0
0
0
0
4.786397457
0
0
0
4.123104095
8.246208191
0
0
2.424711466
7.274133682
4.849422932
2.329634428
2.329634428
0
0
0
0
2.738730669
0
0
5.477461338
0
0
0
0
0
0
4.434167862
0
0
0
0
0
0
0
0
0
0
0
0
0
8.964933395
0
0
0
0
0
0
0
0
0
0
0
0
0
0
0
0
0
0
0
0
-0.1
6.7
0
0
0
0
0
0
0
0
0
0
0
0
0
0
0
0
0
0
0
0
1.564295053
0
0
0
1.564295053
3.94067359
0
0
0
0
1.970336795
0
0
0
4.288637638
0
0.820133924
0.820133924
0
0
0
3.228332996
3.228332996
0
0
0
7.769126415
0
5.17941761
0
0
2.51664257
0
0
0
0
0
0
0
0
0
0
3.115562201
3.115562201
0
0
0
3.262018681
0
0
7.973825932
7.973825932
3.986912966
0
12.43633556
12.43633556
6.218167782
0
6.218167782
10.32913113
10.32913113
0
5.164565563
15.49369717
3.316818714
0
6.633637428
0
6.633637428
9.950455666
0
0
0
0
0
0
6.419864655
6.419864655
12.83972931
0
14.10002804
9.400018692
0
0
0
0
0
3.347190619
3.347190619
3.347190619
0
6.866865158
6.866865158
3.433432579
0
6.618139744
0
9.927209854
0
0
1.9220438
1.9220438
3.844087601
7.688175201
5.766131401
0
0
0
0
8.175778389
3.193808317
3.193808317
0
6.387616634
3.193808317
0
6.273582458
18.82074738
0
6.273582458
0
4.954467297
14.86340237
0
0
2.099076509
0
0
2.099076509
0
6.297230244
0
6.586293697
13.17258739
0
26.34517479
0
18.33973503
0
6.113244534
0
0
0
11.65142059
0
0
0
0
0
0
38.08395004
0
0
0
0
0
0
0
11.41199684
0
0
0
21.8699646
0
0
0
0
0
0
0
26.2232914
6.666882992
6.666882992
0
0
0
0
0
0
0
0
0
0
0
0
0
0
0
0
0
0
0
0
0
0
0
0
0
0
0
0
0
0
0
12.5152874
0
0
0
0
0
0
8.95477581
4.470950127
0
4.470950127
0
0
0
8.352294922
0
0
0
4.176147461
2.942229986
0
0
0
8.82668972
5.08771944
0
0
0
0
17.54186249
0
0
0
0
4.274792194
0
0
0
0
5.590120792
0
0
11.18024158
11.18024158
0
0
8.193131447
0
8.193131447
0
0
5.578337193
5.578337193
0
0
26.97326279
17.98217392
0
0
7.00278759
7.00278759
7.00278759
7.00278759
0
6.799962044
0
3.399981022
6.799962044
3.399981022
12.46522713
6.232613564
0
6.232613564
6.232613564
0
8.090060234
0
16.18012047
16.18012047
0
0
0
0
0
7.672887802
0
0
0
8.480902672
8.480902672
0
0
0
0
0
7.367016315
7.367016315
0
0
0
0
0
0
0
6.07249403
0
0
0
0
0
0
0
0
0
0
0
0
0
0
0
0
0
0
0
0
0
0
0
0
0
0
0
0
0
0
0
0
0
0
0
0
-0.1
6.7
0
0
2.015772581
0
2.015772581
0
0
0
0
0
0
0
0
0
0
0
0
0
0
1.519384623
0
0
0
0
0
0
0
0
0
0
0
0
0
0
0
0
0
0
0
0
0
0
0
0
0
0
0
0
0
0
0
0
0
0
0
0
0
1.966223478
3.932446957
3.932446957
6.192180634
0
0
0
12.38436127
4.223706722
0
0
0
0
5.212692261
10.42538452
10.42538452
26.0634613
0
0
17.3312149
11.55414295
6.602367878
11.55414295
0
0
4.345386982
13.03616142
0
4.809222221
24.04611206
9.618444443
4.809222221
0
0
4.286797047
6.430195808
2.143398523
0
4.286797047
4.074139118
4.074139118
0
6.111208439
4.074139118
0
2.475469828
0
4.950939655
7.426409245
0
3.944860697
0
0
0
0
1.196376443
0
2.392752886
1.196376443
1.967601776
1.967601776
5.902804852
0
0
5.52422142
5.52422142
0
0
0
18.98612785
6.328709602
0
6.328709602
0
0
12.85912132
0
0
19.28868103
21.99774361
5.499435902
5.499435902
0
0
11.5691061
23.1382122
5.784553051
0
0
0
0
9.952611923
0
0
0
0
0
0
0
12.66260338
7.37673378
7.37673378
0
14.75346756
7.37673378
5.409810066
10.81962013
0
0
10.81962013
0
0
0
11.24715996
0
0
0
0
0
0
0
10.4875536
5.243776798
0
0
0
0
0
0
0
0
0
0
7.033453941
3.516726971
0
0
0
0
0
17.70151901
0
0
0
0
0
5.195353985
5.195353985
10.39070797
2.597676992
0
0
0
0
7.864231586
0
0
0
0
0
0
0
0
0
0
0
0
8.220235825
0
0
0
0
0
0
0
0
0
0
0
0
0
0
17.01281929
0
0
17.01281929
0
0
0
9.713342667
4.856671333
4.856671333
0
13.47195816
0
0
13.47195816
0
4.939887524
9.879775047
0
4.939887524
6.894700527
0
0
0
20.6841011
0
0
57.89019012
0
0
16.80165291
16.80165291
0
16.80165291
16.80165291
10.84002304
10.84002304
0
0
0
0
0
14.8830862
4.961028576
0
23.69244576
0
0
0
0
0
0
13.3987608
0
0
0
15.41785908
0
0
0
0
0
0
0
0
19.83651924
0
9.178622246
4.589311123
0
0
0
0
4.86091423
0
0
0
0
0
0
0
0
0
0
0
0
0
4.370413303
8.740826607
4.370413303
0
0
3.63127327
0
0
7.262546539
0
0
0
1.850981832
1.850981832
0
0
2.154157877
0
0
5.396392345
2.698196173
0
2.698196173
5.396392345
0
2.291125059
2.291125059
0
0
0
0
0
0
0
0
0
0
0
0
0
-0.1
6.7
0
0
0
0
0
0
0
0
0
0
0
0
0
0
0
0
0
0
1.271058917
0
3.91306448
3.91306448
0
0
0
0
0
0
0
0
7.174973488
3.530295849
0
0
0
0
0
0
0
0
0
0
0
0
0
0
0
0
0
0
0
0
0
0
4.4427104
4.4427104
2.828151703
0
0.942717254
2.614245415
0
3.921368122
3.921368122
0
5.159371376
0
0
5.159371376
2.579685688
8.081120491
0
0
0
0
0
0
0
0
7.437215805
2.474817276
2.474817276
0
4.949634552
2.474817276
3.980761051
3.980761051
0
0
7.961522102
0
7.753511429
0
11.63026714
3.876755714
0
0
0
15.49008083
7.745040417
0
0
2.840800524
2.840800524
5.681601048
8.522402763
13.508358
0
13.508358
6.754179001
13.508358
4.193687916
4.193687916
0
0
12.58106422
0
0
0
0
0
-0.1
6.7
0
0
0
0
0
0
0
0
0
0
0
0
0
0
0
0
0
0
0
0
0
0
0
0
8.34553051
0
0
0
0
0
0
0
0
0
0
0
0
2.38183713
0
0
0
0
0
0
0
0
0
0
0
0
2.635121584
0
0
0
0
11.48204517
3.483641386
0
1.741820693
4.337686539
0
0
2.168843269
4.337686539
0
0
0
4.228305817
4.228305817
9.355449677
4.677724838
0
0
4.677724838
1.140143275
2.280286551
2.280286551
1.140143275
0
0
4.172689915
8.345379829
4.172689915
0
0
0
0
0
3.61005044
0
0
0
0
5.329497814
5.329497814
4.339575768
0
0
0
6.509364128
0
0
0
0
7.899214268
3.544935465
0
0
0
10.63480663
0
0
0
0
0
0
0
1.938375354
3.876750708
3.876750708
4.160254955
2.080127478
6.240382671
2.080127478
4.160254955
10.83162785
0
5.415813923
0
10.83162785
27.02283859
0
27.02283859
0
0
5.301091671
15.90327549
0
0
0
0
0
0
0
6.35286808
0
2.897191286
0
2.897191286
2.897191286
0
3.161690712
3.161690712
0
0
0
9.97088623
0
9.97088623
19.94177246
19.94177246
0
0
0
0
21.01120377
9.141052246
0
9.141052246
4.570526123
4.570526123
5.796391487
0
0
0
0
0
0
7.530151367
3.765075684
11.29522705
7.468067646
0
0
0
14.93613529
0
0
8.58790493
0
8.58790493
0
9.783943176
9.783943176
9.783943176
0
6.394571781
0
0
0
12.78914356
5.757630825
0
5.757630825
0
5.757630825
0
0
0
0
0
0
0
0
0
0
0
0
0
0
0
0
0
0
11.86143398
0
0
0.472041994
2.22688055
3.31994009
6.253762245
13.4026556
23.66010666
0
0
11.83005333
0
0
0
0
13.09091568
0
6.54545784
0
0
9.526081085
38.10432434
0
0
0
8.297810555
0
16.59562111
0
0
19.85813332
0
0
6.367328644
0
6.367328644
0
6.367328644
8.828083038
17.65616608
17.65616608
0
17.65616608
0
0
0
0
12.33263874
8.228372574
0
8.228372574
16.45674515
0
7.593306541
0
15.18661308
7.593306541
0
4.866182804
9.732365608
0
0
9.732365608
11.39817619
0
0
0
0
0
4.283231258
2.141615629
6.424846649
2.447561026
0
0
5.270204067
10.54040813
0
0
4.404131889
0
0
0
4.404131889
3.621364832
3.621364832
0
0
0
0
0
0
0
3.450412989
0
0
0
6.31069231
0
0
0
0
0
0
0
0
0
0
0
0
0
0
3.803275585
0
0
0
0
0
0
0
0
0
0
0
0
0
0
0
0
0
0
0
0
0
0
0
0
3.76012373
0
0
