19790101
-99
-99
-99
-99
-99
-99
-99
-99
-99
-99
-99
-99
-99
-99
-99
-99
-99
-99
-99
-99
-99
-99
-99
-99
-99
-99
-99
-99
-99
-99
-99
-99
-99
-99
-99
-99
-99
-99
-99
-99
-99
-99
-99
-99
-99
-99
-99
-99
-99
-99
-99
-99
-99
-99
-99
-99
-99
-99
-99
-99
-99
-99
-99
-99
-99
-99
-99
-99
-99
-99
-99
-99
-99
-99
-99
-99
-99
-99
-99
-99
-99
-99
-99
-99
-99
-99
-99
-99
-99
-99
-99
-99
-99
-99
-99
-99
-99
-99
-99
-99
-99
-99
-99
-99
-99
-99
-99
-99
-99
-99
-99
-99
-99
-99
-99
-99
-99
-99
-99
-99
-99
-99
-99
-99
-99
-99
-99
-99
-99
-99
-99
-99
-99
-99
-99
-99
-99
-99
-99
-99
-99
-99
-99
-99
-99
-99
-99
-99
-99
-99
-99
-99
-99
-99
-99
-99
-99
-99
-99
-99
-99
-99
-99
-99
-99
-99
-99
-99
-99
-99
-99
-99
-99
-99
-99
-99
-99
-99
-99
-99
-99
-99
-99
-99
-99
-99
-99
-99
-99
-99
-99
-99
-99
-99
-99
-99
-99
-99
-99
-99
-99
-99
-99
-99
-99
-99
-99
-99
-99
-99
-99
-99
-99
-99
-99
-99
-99
-99
-99
-99
-99
-99
-99
-99
-99
-99
-99
-99
-99
-99
-99
-99
-99
-99
-99
-99
-99
-99
-99
-99
-99
-99
-99
-99
-99
-99
-99
-99
-99
-99
-99
-99
-99
-99
-99
-99
-99
-99
-99
-99
-99
-99
-99
-99
-99
-99
-99
-99
-99
-99
-99
-99
-99
-99
-99
-99
-99
-99
-99
-99
-99
-99
-99
-99
-99
-99
-99
-99
-99
-99
-99
-99
-99
-99
-99
-99
-99
-99
-99
-99
-99
-99
-99
-99
-99
-99
-99
-99
-99
-99
-99
-99
-99
-99
-99
-99
-99
-99
-99
-99
-99
-99
-99
-99
-99
-99
-99
-99
-99
-99
-99
-99
-99
-99
-99
-99
-99
-99
-99
-99
-99
-99
-99
-99
-99
-99
-99
-99
-99
-99
-99
-99
-99
-99
-99
-99
-99
-99
-99
-99
-99
-99
-99
-99
-99
-99
-99
-99
-99
-99
-99
-99
-99
-99
-99
-99
-99
-99
-99
-99
-99
-99
-99
-99
-99
-99
-99
-99
-99
-99
-99
-99
-99
-99
-99
-99
-99
-99
-99
-99
-99
-99
-99
-99
-99
-99
-99
-99
-99
-99
-99
-99
-99
-99
-99
-99
-99
-99
-99
-99
-99
-99
-99
-99
-99
-99
-99
-99
-99
-99
-99
-99
-99
-99
-99
-99
-99
-99
-99
-99
-99
-99
-99
-99
-99
-99
-99
-99
-99
-99
-99
-99
-99
-99
-99
-99
-99
-99
-99
-99
-99
-99
-99
-99
-99
-99
-99
-99
-99
-99
-99
-99
-99
-99
-99
-99
-99
-99
-99
-99
-99
-99
-99
-99
-99
-99
-99
-99
-99
-99
-99
-99
-99
-99
-99
-99
-99
-99
-99
-99
-99
-99
-99
-99
-99
-99
-99
-99
-99
-99
-99
-99
-99
-99
-99
-99
-99
-99
-99
-99
-99
-99
-99
-99
-99
-99
-99
-99
-99
-99
-99
-99
-99
-99
-99
-99
-99
-99
-99
-99
-99
-99
-99
-99
-99
-99
-99
-99
-99
-99
-99
-99
-99
-99
-99
-99
-99
-99
-99
-99
-99
-99
-99
-99
-99
-99
-99
-99
-99
-99
-99
-99
-99
-99
-99
-99
-99
-99
-99
-99
-99
-99
-99
-99
-99
-99
-99
-99
-99
-99
-99
-99
-99
-99
-99
-99
-99
-99
-99
-99
-99
-99
-99
-99
-99
-99
-99
-99
-99
-99
-99
-99
-99
-99
-99
-99
-99
-99
-99
-99
-99
-99
-99
-99
-99
-99
-99
-99
-99
-99
-99
-99
-99
-99
-99
-99
-99
-99
-99
-99
-99
-99
-99
-99
-99
-99
-99
-99
-99
-99
-99
-99
-99
-99
-99
-99
-99
-99
-99
-99
-99
-99
-99
-99
-99
-99
-99
-99
-99
-99
-99
-99
-99
-99
-99
-99
-99
-99
-99
-99
-99
-99
-99
-99
-99
-99
-99
-99
-99
-99
-99
-99
-99
-99
-99
-99
-99
-99
-99
-99
-99
-99
-99
-99
-99
-99
-99
-99
-99
-99
-99
-99
-99
-99
-99
-99
-99
-99
-99
-99
-99
-99
-99
-99
-99
-99
-99
-99
-99
-99
-99
0
0
0
0
0
0
0
0
0
0
0
0
0
0
0
0
0
0
0
0
0
0
0
0
0
7.113489628
0
0
0
0
0
0
0
0
2.878824711
0
0
0
1.776571512
0
0.888285756
0
0
0.687342703
0
2.611902475
0
0
1.501406193
0.648334503
16.24248505
0
3.659681559
2.97349143
0
2.058570862
0
2.101771355
0
0
0
0.953071892
26.31839943
1.238993287
0.938210547
2.107365131
1.241324544
6.986059189
3.723973751
3.943278074
12.89890194
6.13398838
0.73607856
36.76887894
25.25197983
0
1.714964867
1.531218767
3.403680086
0.450501829
0
2.552843809
5.055632114
2.552843571
4.061205387
1.254195809
7.346004486
8.659924507
0
0
22.66229439
4.21468544
0
0
0
12.72343254
0.897420764
0
1.62532866
2.403093576
9.36224556
0
0
0
0
0
0
1.990476608
3.370540619
1.857777953
0
4.810557842
1.453549862
0.579689622
0.536429167
2.427340508
3.611409187
0
12.71393585
11.61867332
9.033260345
30.03057098
19.59213638
7.587937832
12.20493793
2.741781235
5.033853054
4.308513641
3.32205224
8.326891899
3.182883024
4.618300438
0
0
2.870835543
1.874934316
4.535314083
6.232889175
8.031813622
5.01671648
10.01518059
15.76714325
12.24829674
2.808311224
13.19567776
8.027896881
6.3783288
0
5.141153812
3.2166574
3.903977394
0
0
10.35264492
0
5.884330273
4.014191151
6.770602703
4.014191151
0
3.880384922
13.52250195
0
6.864634991
8.560113907
0
0
5.208077431
4.885095596
12.47516346
9.871124268
17.69911385
8.330901146
8.006741524
12.51256084
9.238548279
0
9.978133202
11.88506794
8.292937279
0
0
0
0
19.87333107
0
9.334026337
0
22.87038422
10.44521999
0
0
0
0
21.78311539
0
12.05868912
0
0
0
0
0
0
6.656391621
4.606875896
0
0
9.483917236
0
0
9.406498909
0
3.907793522
0
6.273036957
5.538489342
6.58154726
7.29692173
0
8.82321167
0
8.676855087
0
8.022931099
9.016922951
0
0
0
0
17.26570892
13.04677773
0
0
0
0
0
0
0
0
0
0
0
16.72595787
10.99929333
8.57207489
12.25898838
0
8.111209869
16.09818077
7.58673954
20.04916763
12.33633232
9.709345818
7.379053116
0
10.18395519
0
33.27046204
29.44618797
5.233142376
11.5793047
8.220720291
6.443794727
0.978195131
4.688591003
0
1.696662664
1.153595567
0
0
0
0
0
3.472809076
0
4.083017826
1.875496268
1.992153645
1.429879189
0
4.748528481
3.997011185
1.695903301
0
20.63019562
0
24.61354446
0
0
0
0
0
0
0
5.238703251
5.216599464
4.885035515
4.663993359
9.821679115
5.867495537
10.45945072
6.12260437
0
11.35232925
8.175139427
0
0
0
0
0
0
0
6.358809471
0
0
0
0
0
0
0
0
0
0
0
0
0
0
0
0
0
2.657858133
0
0
0
0
0
0
0
0
0
0
0
0
0
0
0
14.17878246
0
0
0
0
0
0
0
0
0
0
0
0
0
0
0
0
0
0
0
0
0
2.803565264
0
0
0
0
0
0
0
0
0
0
0
0.465776086
0
0.337687671
0
0
4.364835739
0
0
0
0
0
0
0
0
0
0
0
0
0
1.581605196
0.677830815
0
0
0
0
0
0
0
0
8.50472641
0
0.862645566
0
4.90629673
18.25034523
0
4.727837086
33.48884583
0
0
0
2.992763758
2.618668079
2.992763758
1.769289613
0
6.487394333
0
0
0
0
0
0.156842515
1.389176726
1.119414926
0
7.88354063
0
1.33377111
2.870175362
1.54989481
8.696631432
34.24119186
1.406385779
0.85325551
10.15373993
8.703207016
0
0
0
0.415179312
0.456697285
0
2.241968155
1.037948251
0
0
0
2.207293987
6.421218872
2.437211752
0
7.595032215
10.25896168
16.55036736
15.0566473
0.818296015
0
0
0
0
0
3.226725578
1.54835546
6.477090359
0
15.47339249
0
0
0
3.918962479
0
0
8.95762825
8.95762825
6.747725487
0
0
0
0
0
14.61315918
0
14.61315918
0
0
5.717544556
0
8.292333603
3.672859669
0
0
0
12.99006653
0
0
0
2.372447491
1.69460535
7.990717411
2.462816715
4.104694366
0
4.165504456
3.831048012
2.979704618
0
19.96228218
0
0
0
1.927480698
0
0
2.8958323
4.297636986
0
0
0
15.00556183
0
4.334320545
6.053103447
8.519182205
5.231076717
0
6.322066784
8.299451828
0
4.372531414
12.86693668
16.97228813
0
0
0
0
0
0
19.61922073
16.65241051
20.09774017
0
0
0
0
0
18.50533867
9.252669334
0
0
0
0
0
0
0
0
11.00295353
0
0
0
0
0
0
0
0
0
0
0
0
0
0
0
0
0
0
0
0
0
0
13.76875401
0
0
0
17.40350151
0
0
0
0
0
12.13702965
0
0
17.55678177
0
0
0
0
0
11.332201
0
0
0
0
0
0
0
0
0
3.289884567
2.110063791
2.231071234
3.032743931
1.42939806
0
0.724882543
0
0.781098008
7.239949703
0
6.123114109
6.060950279
11.40701866
0
0
0
0
0
12.8323946
0
9.356848717
18.71369743
0
0
6.465769291
20.1883316
9.440711021
3.490827084
9.664259911
12.41679573
0
0
2.731456757
3.411339045
15.98353672
0
13.98559475
13.98559475
0
0
7.268013954
5.506071568
3.988843203
6.06891489
13.37043381
0
0
0
11.6991291
0
0
0
0
13.54457855
0
0
0
6.195574284
0
0
0
0
5.75368309
11.50736618
0
0
5.903028965
11.80605793
0
0
0
0
0
0
0
0
0
0
0
0
0
5.769412994
0
0
0
0
0
0
0
0
0
0
0
0
0
0
0
0
2.693809986
0
0
0
0
0
0
0
0
0
0
0
0
-0.4
6.9
0
0
0
0
0
0
0
0
0
0
0
0
0
0
0
0
0
0
0
0
0
0
0
0
0
0
0
0
0
0
0
0
0
0
0
0
0
0
0
0
0
0
0
0
1.470132232
0
2.517858028
0
0
0
6.546430111
3.757258415
0
0
0
0
0
0
0
0
2.355327606
0
0
0
2.296817303
0
0
0
0
0
0
0
0
0
0
1.718455434
0
0
0.572818458
11.09174538
0
0
0
0
0
3.588299513
4.100914001
0
16.40365601
8.201828003
5.410840511
0
10.82168102
0
0
1.61494422
14.29225731
1.372702599
1.211208105
0
6.397029877
0
0
0
0
8.484161377
16.96832275
8.484161377
12.72624207
8.484161377
0
0
8.880137444
0
0
8.818306923
8.818306923
4.409153461
0
0
0
0
0
0
0
4.927972794
0
0
0
0
0
0
0
9.395885468
10.73815632
9.696939468
4.413779736
4.580968857
5.751289368
0
0
0
0
8.766228676
5.844152451
0
0
26.03393173
0
13.01696587
13.01696587
15.44749641
7.723748207
30.89499283
0
7.723748207
0
8.718356133
4.399170399
21.39596748
39.79249954
12.95780659
13.46529102
0
13.87128258
12.48415279
0
5.473402023
4.033032894
5.650678635
17.06283379
0
0
0
0
0
0
0
0
0
0
0
0
0
0
0
0
0
0
0
0
0
0
41.84724045
0
0
0
0
0
0
0
0
0
0
0
0
0
0
0
0
0
0
0
0
0
0
0
0
0
0
0
0
0
0
0
0
0
0
0
0
0
0
0
0
0
0
0
0
0
0
24.14779282
0
0
0
11.89424038
0
5.94712019
17.84136009
0
0
14.15249443
0
0
6.852705002
0
15.66332626
0
0
14.78180504
0
0
16.02347565
0
0
13.32446384
0
0
13.32446384
0
0
16.57992744
0
0
0
0
0
6.855350018
5.256952763
0
0
0
8.108880997
8.108880997
0
0
13.30322552
0
0
0
0
0
0
11.06411839
0
0
0
0
10.7175045
0
0
0
11.92392063
0
0
0
0
0
0
0
0
0
0
0
0
0
0
0
0
14.70164967
0
0
0
0
1.833913565
0
0
6.976298809
6.976298809
0
0
10.13792801
5.068964005
0
5.068964005
0
0
7.909777164
0
0
0
0
0
0
0
7.622166634
3.811083317
0
0
0
0
0
2.942616701
2.942616701
0
0
0
0
0
0
0
0
0
0
0
0
-0.4
6.9
0
0
0
0
0
0
0
0
0
0
0
0
0
0
0
0
0
0
0
0
0
0
0
0
0
0
0
0
0
0
4.330960274
0
0
0
0
0
0
0
0
0
0
0
0
0
0
0
0
0
0
0
0
0
0
0
0
2.713471413
4.075248718
0
2.037624359
0
12.19077587
0
3.394899607
1.851763368
0
0
0
0.485277861
15.13876724
0.228366032
2.439898014
1.867408037
0
0.913257837
29.14246941
5.475471973
11.14649677
0
7.919879436
12.02648354
0
2.911454201
28.83392334
0
0
0
5.046970367
0
0
0
0
0
0
17.3175602
4.780951977
0.336758703
6.119049072
0
0
6.993198872
0
7.759745121
0
8.868280411
0
0
0
4.812577724
0
6.808037758
1.056419611
14.50487328
12.69176388
0
0
12.69176388
0
0
0
3.756032944
2.98556447
0
3.091010332
0
3.682906151
0
0
0
0
0
10.2341671
0
3.73981452
29.91851234
0
0
31.5130043
24.00118256
0
0
0
0
2.398278713
2.94334197
0
4.033468723
0
0
0
0
0
34.38175583
0
0
0
0
10.41352844
0
13.69925785
10.9683609
8.416537285
0
1.988241315
3.050660849
6.546525478
0
1.801053286
33.04324341
11.01441574
0
11.01441574
22.02883148
18.43653107
0
0
0
0
7.215202808
15.53571129
0
0
7.00028038
6.349728107
6.349728107
0
6.349728107
6.349728107
4.697500706
0
4.371088028
4.285936832
12.33271408
0
0
7.152800083
14.30560017
14.30560017
7.2251544
0
21.67546272
7.2251544
0
12.95086861
12.95086861
0
12.95086861
12.95086861
0
2.473229885
2.52294302
0
7.991391182
3.256212234
35.95819473
22.05757523
0
13.1283617
0
0
0
7.924538136
0
11.51784992
0
0
6.901688099
0
10.39948368
0
13.72341442
0
0
0
23.22354126
0
0
0
0
8.221814156
10.63891697
5.053943634
6.24418354
9.009202957
0
0
0
6.056550026
0
5.684278965
0
1.467293262
3.278951406
0
3.852892399
0
6.934684277
0
13.86936855
0
0
52.49959564
4.252229691
9.062712669
0
0
0
17.04580688
0
0
5.369784832
10.73956966
0
5.369784832
0
7.542521477
12.73458195
7.735469341
4.016830444
10.94542503
0
5.808400154
0
11.61680031
0
0
9.455460548
0
8.273527145
8.273527145
14.88490105
0
6.512143612
0
0
9.236868858
0
0
9.236868858
9.236868858
0
0
8.281752586
16.56350517
0
16.56350517
2.711408377
0
0
0
2.711408377
0
0
0
0
9.340987206
0
0
7.389660835
0
3.694830418
0
14.24249935
9.494998932
0
5.425714493
0
0
0
4.588944912
0
0
0
0
0
0
1.480737329
0
0
0
1.480737329
0
0
0
0
0
0
0
0
0
0
0
0
0
0
0
0
0
0
0
3.448958635
0
5.990066528
0
0
0
0
-0.4
6.9
0
0
0
0
0
0
0
0
0
0
0
0
0
0
7.215009212
0
0
0
0
0
0
0
0
0
0
0
0
0
0
0
0
0
0
0
0
0
0
0
0
0
0
0
0
0
0
0
0
0
0
0
0
0
0
0
0
2.397865295
11.25648308
0
0
0
0
0
8.163769722
8.163769722
5.373153687
0
0
0
10.74630737
3.428096294
1.797433972
2.520113707
7.171205521
1.093284607
14.24916077
0
0
0
7.124580383
4.721931934
2.360965967
2.360965967
2.698246956
4.721931934
5.576897621
0
11.15379524
0
0
11.15379524
13.73602104
2.042930603
1.451556087
7.150257587
19.4347229
0
0
0
0
0
0
9.472751617
10.91621971
8.254826546
0
5.326226234
9.130674362
6.087116718
0
2.663113117
0
0
5.78991127
0
2.205680609
11.09366512
2.773416281
12.67847538
0
5.546832561
4.728267193
18.91306877
4.728267193
0
0
5.339680195
9.344439507
9.344439507
0
0
4.820160866
4.820160866
0
0
11.01751137
2.355411768
1.440957785
28.60670471
2.724888086
1.154613614
0
0
7.267337799
7.267337799
0
0
0
7.227513313
0
0
0
16.7877903
0
8.393895149
0
0
0
0
19.40730286
0
0
30.15851784
20.10567856
10.05283928
0
10.05283928
0
0
0
18.81899071
18.81899071
9.818348885
0
0
9.818348885
9.818348885
10.87664986
5.438324928
5.438324928
0
0
38.0464592
7.609291553
0
0
7.609291553
7.057324886
21.17197418
21.17197418
0
14.11464977
0
0
18.30279922
36.60559845
0
0
0
14.89894104
7.44947052
0
0
0
0
0
0
7.803109169
4.351733685
10.68759155
13.58874893
0
8.836854935
0
11.15283203
8.282132149
9.47000885
20.82082176
4.092996597
6.614689827
4.219715118
9.567221642
13.35609627
10.19030952
10.19030952
23.29213524
0
10.19030952
0
0
15.36526775
15.36526775
15.36526775
5.555125713
5.555125713
5.555125713
5.555125713
11.11025143
0
0
0
0
0
0
24.33507729
11.28795815
8.795811653
0
10.15183163
0
0
0
35.08879852
0
0
15.17020226
31.50376511
18.19493675
0
5.603297234
6.5227561
0
17.96732712
8.459031105
9.218910217
5.761818886
0
25.20795822
36.47231293
7.66044569
6.708837032
15.46363068
5.66206789
0
11.10264397
0
0
0
6.344367981
6.4345994
0
0
0
5.527518749
0
24.92292213
0
0
0
12.96522617
6.482613087
0
0
6.482613087
0
0
0
0
0
0
8.737977982
8.737977982
8.737977982
17.47595596
9.986261368
3.513698578
0
3.513698578
3.513698578
0
11.2948494
11.2948494
0
0
0
2.879734516
5.759469032
0
0
0
0
2.92054534
0
6.675532818
0
0
0
0
15.86145687
0
0
5.493161678
0
0
0
0
0
7.609427452
0
0
0
0
0
0
0
0
0
0
0
0
0
0
0
0
0
0
0
0
0
0
0
0
0
0
0
0
-0.4
6.9
0
0
3.46339798
0
0
0
0
0
0
0
0
0
0
0
0
0
0
0
0
0
0
0
0
0
0
0
0
0
1.421285629
0
0
0
3.393205166
0
0
0.839371741
0
5.990921974
0
0
0
0
2.757583141
2.757583141
0
8.272748947
0
4.834019184
8.28689003
0
7.251028538
0
0.972635865
0
0
2.860693455
6.289443016
9.434165001
3.144721508
0
3.489002943
3.987432241
3.489002943
6.978005886
20.13485336
13.42323589
13.42323589
13.42323589
6.711617947
3.490221262
1.466305971
0
0
0
16.00595856
3.363734722
0.857865274
0
0
2.808890581
5.617781162
0
9.630482674
5.617781162
0
0
3.417656183
0
3.905893087
6.835312366
17.92360306
0
6.828039646
0
0
0.956431806
1.88833952
0
1.054527402
2.158102512
1.479151487
0
2.598509312
2.718440771
1.159335017
0
0
3.730545521
3.080266953
3.11449194
0
7.926978588
9.059404373
23.78093719
0
0
6.398513317
6.398513317
0
0
6.139560223
24.55824089
7.01664114
6.139560223
24.55824089
0
4.551906586
9.103813171
5.202178955
4.551906586
9.317025185
0
0
4.483618736
3.847645044
6.551925659
13.10385132
6.551925659
0
0
13.33106709
0
0
0
13.33106709
5.932573318
0
0
13.56016827
0
0
25.21548271
0
0
0
0
0
18.22327614
0
0
27.33491516
14.20347404
0
13.14647198
9.182709694
0
0
12.18984604
0
0
13.72017193
11.53734207
11.53734207
0
0
0
0
0
0
0
0
37.60185623
0
0
0
37.60185623
0
0
11.52739334
34.58218002
0
0
0
0
0
0
0
0
0
0
28.51942635
10.04622841
0
0
0
0
0
0
0
0
0
0
13.73405647
0
0
0
0
0
15.48662663
0
0
0
0
0
0
0
0
0
0
0
7.858329773
0
0
21.81016159
0
0
0
0
0
0
0
13.66202831
0
0
0
0
11.89330387
0
0
0
30.9628067
0
7.740701675
0
10.90857315
0
21.8171463
10.90857315
0
0
0
0
0
15.86827087
0
0
0
15.86827087
0
0
11.07705402
0
22.15410805
10.40831566
0
10.40831566
20.81663132
0
0
0
0
9.405851364
18.81170273
0
9.600187302
0
0
0
0
8.61384964
0
52.91365433
0
0
0
0
0
0
0
15.3969698
15.3969698
7.698484898
7.698484898
0
5.03211832
0
0
0
0
3.697585106
3.19007349
10.12606621
0
0
0
0
0
0
0
0
6.018119335
0
0
0
0
18.4199543
0
0
0
0
0
0
0
0
0
0
0
0
0
0
0
0
0
0
0
0
0
0
0
0
0
0
0
0
0
0
0
0
3.163953304
0
2.722970247
0
0
0
0
-0.4
6.9
0
0
0
0
0
0
0
1.308844209
0
0
0
0
0
0
0
0
0
2.232010841
0
0
0
0
0
1.01888597
0
0
0
2.489092588
2.489092588
0
0
0
0
0
3.412390471
3.412390471
0
0
0
0
0
0
0
0
7.140039444
7.140039444
5.019628525
0
0
0
7.830619812
0
0
5.372253895
8.058381081
3.069859505
2.947658539
5.895317078
3.368752956
0
0
0
0
0
1.987409115
1.987409115
0
1.987409115
0
0
0
0
7.830103397
23.49030876
10.67714882
0
2.335626364
5.338574409
7.006878853
15.11244774
3.022489548
0
0
6.044979095
7.39525795
4.930171967
7.39525795
2.465085983
9.860343933
4.930171967
6.784443378
10.17666435
13.56888676
6.784443378
0
3.347155094
3.347155094
3.347155094
0
0
0
5.090968132
4.80813694
5.609492779
0
3.155503511
7.21257925
6.311007023
6.311007023
3.155503511
0
0
0
7.461139679
0
0
4.316797733
12.95039368
0
0
3.895307064
0
11.68592167
7.790614128
3.895307064
4.83145237
2.415726185
0
0
2.415726185
0
0
5.514258862
0
0
0
0
4.81018734
0
0
0
0
0
7.227253437
7.227253437
0
12.85582161
0
25.71164322
0
0
16.80534935
0
0
0
5.601783276
0
0
0
18.92817116
0
3.724763393
0
1.961708784
0
8.008242607
0
8.230838776
11.08643818
19.08210945
9.809818268
11.07484913
0
11.07484913
0
0
7.003804207
13.36067009
6.525632381
5.625545502
6.441249371
0
0
0
0
0
0
0
0
19.91742325
0
6.021666527
0
12.04333305
6.021666527
12.04333305
8.907601357
0
8.907601357
0
0
0
0
0
34.04628754
0
0
0
9.041303635
0
7.911140442
0
0
6.66281271
19.98843765
6.66281271
0
0
9.688633919
19.37726784
0
19.37726784
0
11.59092522
11.59092522
34.77277756
0
0
23.78638458
0
0
11.89319229
0
18.39477539
0
36.78955078
0
6.837921143
0
0
20.51376343
0
0
0
7.589325905
15.17865181
7.589325905
22.76797867
0
0
11.96024418
11.96024418
11.96024418
0
0
0
0
12.36322689
7.572897911
5.113801956
12.15575886
11.79248428
6.511015415
35.43291092
18.35998726
5.721988678
5.473880768
5.597934246
10.17693424
20.35386848
10.17693424
10.17693424
0
10.20391655
0
0
0
10.20391655
8.317858696
0
8.317858696
8.317858696
16.63571739
40.04813004
22.88464546
0
0
10.01203251
0
15.75534725
7.877673626
7.877673626
0
0
9.753400803
4.876700401
0
0
0
0
0
0
0
0
0.341264695
0.697095573
0.530625045
0
0.555595636
0
2.914689779
10.58492661
0
0
0
0
0
0
0
0
0
0
0
0
0
0
0
0
0
0
0
0
0
0
0
8.795145988
0
0
0
0
2.418172836
0
0
0
0
0
3.160087824
0
0
0
0
0
0
0
0
0
0
0
0
0
0
0
0
1.485428095
0
-0.4
6.9
0
0
0
0
0
0
0
0
0
1.345043778
0
0
0
0
0
0
0
0
0
0
0
0
0
0
3.692017078
0
0
0
3.093811274
5.414169788
3.093811274
0
0
2.422507763
2.422507763
0
6.3110075
3.15550375
3.15550375
6.3110075
0
0
0
0
0
0
0
0
0
0
0
0
0
0
0
0
0
0
1.79864943
6.295272827
10.6784153
6.101952553
6.101952553
5.339207649
0
8.421946526
9.625082016
16.84389305
0
0
4.091087818
6.136632442
6.136632442
6.136632442
0
0
0
0
10.11184216
5.055921078
0
8.859500885
4.429750443
0
4.429750443
1.635430813
4.96401453
2.296016693
0
0
0.474595666
6.327318668
0
0
0
6.327318668
11.37214851
7.581432819
0
0
7.581432819
7.877179146
3.938589573
3.938589573
3.938589573
0
0.440842718
0
0.984548688
28.50782776
3.86472106
6.462685108
3.231342554
9.694026947
0
0
4.369149685
8.73829937
13.10745049
8.73829937
4.369149685
12.86776066
4.581286907
2.190257072
0
0
8.08976078
0
0
0
0
0
5.16213131
0
15.48639393
5.16213131
14.58815289
7.294076443
14.58815289
7.294076443
0
0
13.69377995
13.69377995
13.69377995
0
0
1.437030911
1.203998923
6.338472366
1.405959964
1.833185434
8.0395298
8.0395298
0
16.0790596
8.0395298
0
8.379851341
0
16.75970268
0
0
0
12.25888634
12.44652271
0
9.010989189
18.02197838
0
0
27.03296661
0
0
0
0
21.1937294
6.421249866
0
4.439835548
8.292585373
6.127707005
8.41587162
14.72777557
0
0
0
0
0
0
40.64536667
20.32268333
0
14.07445812
14.07445812
0
0
0
0
4.957575798
6.0751791
0
0
0
4.718274117
0
4.993125916
0
0
0
0
0
0
0
0
0
0
16.33905792
0
0
0
0
0
0
0
0
0
0
0
4.680346489
0
0
0
0
0
0
0
0
0
0
26.23915863
0
0
0
0
0
0
0
0
8.702742577
8.702742577
0
0
0
4.178813934
6.277674675
9.719050407
6.863842964
7.847094059
32.24619293
0
10.74873066
0
10.74873066
14.40016174
36.00040436
14.40016174
14.40016174
21.60024261
9.593454361
0
9.593454361
0
0
0
10.69028282
16.03542519
5.345141411
5.345141411
0
0
20.10287857
0
10.05143929
5.453953266
7.349298
0
0
0
0
3.35065341
3.138830423
0
2.541874886
0
18.66605377
9.333026886
0
0
0
11.14992237
11.14992237
5.574961185
0
0
9.73102951
0
5.551677704
0
0
0
0
0
0
0
0
0.633843601
0
0
0.760612488
3.669520855
0
0
3.602802753
0
5.84295702
0
0
0
0
0
0
0
0
4.698727608
0
0
0
0
0
0
5.382670879
10.76534176
0
0
0
0
0
0
0
0
0
0
0
2.103696346
0
0
0
0
0
0
0
0
0
0
0
-0.4
6.9
0
0
0
0
0
0
0
0
0
0
0
0
0
0
0
0
0
0
0
0
0
0
0
0
0
0
0
0
0
0
0
0
0
0
0
0
0
0
0
0
0
0
4.652671814
4.652671814
0
0
0
0
0
0
0
0
0
0
0
0
0
0
7.624297142
0
0
0
0
6.024075985
7.506244183
0
7.506244183
0
2.859521627
12.78208351
4.260694027
8.521388054
8.521388054
8.521388054
3.981163502
11.94349098
4.549901485
7.962327003
7.962327003
3.236559629
0
9.70967865
0
3.236559629
0
2.885304928
5.770609856
3.297491074
2.885304928
5.770609856
0
0
2.776837587
5.553675175
11.10735035
0
0
4.96536541
0
9.93073082
4.812215805
2.105344296
0
2.105344296
0
0.681915522
1.344347835
13.88185215
3.896659613
8.153761864
10.09295559
0
0
8.831336021
15.13943386
7.85602951
0
16.39518929
4.781930923
10.58856106
12.64662266
9.635523796
4.215540886
0
12.64662266
0
0
23.33695412
10.20991707
10.20991707
6.181516171
12.36303234
6.181516171
0
0
0
0
0
5.255504608
0
0
5.868525028
2.934262514
0
0
3.397731543
0
3.397731543
3.397731543
7.766244411
0
0
0
6.192130089
6.192130089
6.192130089
20.38113022
18.3794136
0
38.03264236
0
0
0
0
0
0
0
10.19907379
6.469315529
0
12.74059105
21.55396271
0
20.33037567
40.37838364
0
9.390234947
14.55397797
7.763300896
8.028562546
3.094709873
28.62432861
0
9.541441917
32.71351624
0
0
0
0
7.890305519
0
21.72208786
0
7.240695953
0
0
0
18.98196793
0
0
0
0
9.495551109
0
0
0
0
0
0
12.22616291
12.22616291
6.113081455
0
0
25.41650009
11.11971855
0
0
0
0
0
0
0
0
0
7.1889925
7.1889925
0
0
0
0
0
8.794319153
0
17.58863831
26.38295937
8.794319153
14.85919952
0
0
0
14.85919952
0
0
7.177834034
0
7.177834034
14.35566807
15.19054794
0
0
13.29172897
0
0
0
17.6382122
0
17.6382122
19.22618103
0
32.95916748
0
10.98638916
14.68426132
0
15.73313522
0
0
0
30.18431664
0
0
0
0
13.94911098
0
0
0
15.01007652
6.56690836
6.56690836
6.56690836
0
0
6.836949825
0
6.836949825
6.836949825
3.630341291
0
0
1.709089279
1.638368368
12.54607105
0
25.09214211
0
0
0
0
0
0
0
0
1.650691509
0
0
0
0
3.056574583
0
0
0
2.741927385
0
0
0
0
0
0
0
0
0
0
0
0
0
0
0
0
0
0
5.558493137
0
4.849006653
0
0
0
0
1.323788285
0
0
0
0
0
0
0
0
0
0
0
0
0
0
0
0
0
3.507440329
0
0
0
0
3.37420392
3.37420392
0
-0.4
6.9
0
0
0
0
2.939582825
0
0
0
0
0
0
0
1.403297067
1.60376811
0
0
0
0
2.346054077
2.346054077
0
0
0
3.008017778
0
0
0
0
0
0
0
0
0
1.976170778
0
0
0
0
0
0
0
0
0
0
0
0
0
0
4.833649158
12.39519882
3.110764265
5.260584354
0
0
5.260584354
5.260584354
0
0
0
0
0
0
0
0
0
0
0
0
0
0
0
0
0
0
0
0
12.76387501
0
0
1.961157084
1.961157084
0
0
0
0
0
0
0
6.932226658
19.41023445
6.014747143
12.02949429
0
0
0
0
10.09725666
5.04862833
0
5.769861221
0
3.351982117
3.351982117
6.703964233
16.75991058
21.29268456
0
0
8.517073631
8.517073631
0
0
12.78266716
0
36.52190399
0
0
8.172158241
7.150638103
2.383546114
12.02830791
0
0
13.7466383
0
2.816851377
0
2.816851377
0
2.816851377
0
0
12.61234379
11.30138302
0
0
11.24115753
0
0
0
3.244156837
0
0
0
0
0
11.68520546
5.84260273
0
0
0
6.280351639
0
6.280351639
0
0
0
0
0
0
0
9.897176743
9.897176743
19.79435349
9.897176743
0
12.60273647
0
0
6.301368237
6.301368237
0
0
0
15.89824009
15.89824009
36.38459015
0
0
0
0
14.61687279
0
0
0
0
11.44529057
22.89058113
22.89058113
0
0
0
0
19.66940689
0
5.736910343
0
0
0
0
0
0
0
0
0
0
12.13818455
0
0
0
0
0
0
0
0
0
0
0
0
0
0
0
0
0
0
0
0
0
0
8.919941902
0
0
0
0
0
0
0
0
16.86664963
8.433324814
0
0
8.433324814
8.898505211
0
8.898505211
0
8.898505211
0
22.06445694
22.06445694
0
0
19.05353737
0
9.526768684
9.526768684
0
0
0
12.62040138
12.62040138
0
10.71723366
0
0
10.71723366
10.71723366
9.354465485
0
9.354465485
18.70893097
9.354465485
7.262412071
0
14.52482414
14.52482414
14.52482414
17.87891579
8.939457893
8.939457893
0
0
9.060264587
18.12052917
0
18.12052917
9.060264587
0
0
0
0
0
0
0
0
14.69607639
7.348038197
0
14.89679527
14.89679527
0
0
17.02490997
0
0
0
0
0
0
0
0
4.602646351
0
0
0
8.103774071
12.15566063
0
3.829274178
3.829274178
3.829274178
3.829274178
3.829274178
0
3.15851903
0
0
3.15851903
0
3.796429873
0
0
3.796429873
0
2.589920044
0
0
0
2.843286991
0
2.843286991
0
0
0
3.451413155
3.451413155
0
3.451413155
11.67288208
5.83644104
0
0
0
5.690937042
0
5.690937042
5.690937042
0
0
0
0
0
0
0
-0.4
6.9
0
0
0
0
0
0
0
0
0
0
0
0
0
0
0
0
0
0
0
2.309553862
0
0
0
0
0
0
0
6.204505444
3.102252722
0
0
0
0
0
0
9.345775604
0
0
0
0
6.675013065
8.273634911
4.136817455
4.136817455
0
0
0
3.054827213
3.054827213
6.109654427
3.054827213
0
0
0
8.99169445
4.495847225
2.674684525
2.674684525
5.349369049
5.840159893
2.920079947
0
2.920079947
5.840159893
6.272492886
3.136246443
6.272492886
0
6.272492886
6.063873291
0
0
0
12.12774658
10.28643417
6.8576231
3.000210047
3.000210047
3.000210047
3.221016884
10.22322559
0
5.741811752
3.361060858
13.69543171
0
0
5.217308044
4.565144062
5.217308044
5.082406044
13.27072906
0.909813523
15.46683121
7.435372353
4.342259884
4.962582588
8.684519768
4.342259884
13.02677917
0
0
6.272441387
12.54488277
0
0
0
0
0
13.75182629
0
0
0
0
5.869233131
0
0
17.67996025
0
8.839980125
0
0
9.952646255
9.952646255
4.976323128
8.064227104
0
0
4.608129978
16.12845421
0
9.597483635
19.19496727
0
0
14.67887115
7.339435577
22.01830482
14.67887115
0
0
10.86841679
5.434208393
10.86841679
10.86841679
10.16854191
0
20.33708382
0
0
0
0
6.552062511
13.10412502
6.552062511
0
0
0
17.18136024
8.590680122
0
0
0
22.70910645
0
0
0
11.11072731
11.11072731
0
11.11072731
0
50.54540253
0
0
0
0
15.8096838
0
0
0
10.60970306
31.82910919
0
10.60970306
10.60970306
0
15.67278576
0
0
0
4.923100948
9.846201897
16.8792038
0
0
0
0
0
0
0
10.81666183
0
0
0
10.81666183
0
0
0
0
0
0
21.70373154
0
0
0
0
0
0
0
0
0
0
0
0
31.44941902
0
0
0
0
0
0
17.0238781
0
0
0
17.0238781
0
0
0
0
0
0
0
0
0
0
0
14.34121704
14.34121704
0
0
0
0
26.04338264
0
0
0
0
0
0
0
0
0
0
0
13.76510906
0
26.12978745
0
0
13.06489372
26.12978745
0
28.59872627
7.149681568
7.149681568
0
0
50.61813736
30.37088013
10.12362766
0
0
10.53971577
0
0
21.07943153
0
0
0
22.98977852
0
0
0
0
12.68758583
0
0
0
0
0
21.83304977
0
0
0
0
5.621958256
0
0
0
0
0
0
0
0
0
0
0
0
0
7.567157745
0
0
0
0
0
7.314572334
0
0
4.255608559
0
0
0
0
6.639582634
0
6.639582634
0
0
0
0
0
0
0
0
0
0
0
0
0
0
0
0
0
0
0
0
0
0
0
0
0
0
0
-0.4
6.9
0
0
0
0
0
0
0
0
0
0
0
0
0
0
0
0
0
0
0
0
0
0
0
0
0
0
0
0
0
0
0
0
0
0
0
0
1.832255483
0
0
0
3.664510965
2.461719513
0
0
0
0
0
0
0
0
0
0
0
3.17137742
0
0
0
0
0
0
4.271770954
4.271770954
0
0
4.271770954
0
5.549582958
0
3.83185482
1.849861145
0
0
6.356813908
0
0
0
0
0
0
0
6.806099892
0
0
0
7.406638145
6.152778149
6.152778149
9.229167938
0
0
0
0
7.454313755
6.522524357
9.783784866
3.727156878
3.930114985
8.983119965
4.491559982
11.79034424
3.930114985
2.097645044
4.195290089
4.195290089
0
0
6.89013195
18.08659554
0
6.028865337
0
0
0
2.858566761
2.858566761
0
0
0
0
6.206656933
5.43082428
0
0
0
3.478134871
6.956269741
0
8.639917374
17.27983475
0
15.11985302
0
8.485531807
0
8.485531807
0
0
5.559413433
12.70723152
11.11882687
19.06084633
13.50230503
4.500768185
0
0
10.28747082
25.36867905
8.456226349
0
0
0
0
15.97426319
15.97426319
0
0
7.987131596
0
26.12039566
0
26.12039566
13.06019783
0
0
0
12.12222195
0
11.16446495
0
11.16446495
11.16446495
0
15.20959473
0
0
0
0
14.6954689
0
0
0
0
0
11.87448597
0
0
11.87448597
0
0
0
0
0
0
6.364786148
0
5.774503708
0
0
20.31363487
0
0
17.35754776
0
0
0
14.30270386
0
0
0
0
0
12.1448679
0
0
0
0
0
0
0
0
0
0
0
0
0
0
0
0
0
0
0
0
0
0
0
0
0
0
50.55844116
0
0
0
0
0
0
0
0
0
0
0
0
0
13.99229717
0
0
20.58756256
41.17512512
0
0
0
0
0
12.11109734
12.11109734
25.31840515
25.31840515
0
12.65920258
0
0
0
2.708622456
12.75587559
13.08945084
9.382990837
0
0
0
0
0
9.239613533
4.619806767
9.239613533
0
21.82788086
5.456970215
0
0
0
0
23.41708183
0
13.3811903
11.70854092
17.36302185
8.681510925
0
0
0
0
0
0
12.03444672
0
0
0
0
0
0
0
4.228832245
0
4.228832245
4.228832245
4.228832245
4.581977367
4.581977367
0
0
0
0
0
5.141472816
5.141472816
0
5.918073177
0
0
0
0
0
0
0
0
0
0
0
0
0
0
0
0
0
0
8.16307354
11.32002163
0
0
0
0
0
0
0
0
0
0
0
0
0
0
0
0
0
0
0
0
-0.4
6.9
0
0
0
0
0
0
0
0
0
0
0
0
0
0
0
0
0
0
0
0
0
0
0
0
0
0
0
0
0
0
0
0
5.290336132
2.645168066
0
0
0
0
0
0
0
0
0
3.405216217
3.405216217
3.405216217
0
0
0
0
0
0
0
0
0
0
0
1.880097151
1.880097151
9.032136917
3.010712385
3.010712385
3.010712385
0
4.347803116
0
4.347803116
7.608655453
4.347803116
0
8.151758194
4.075879097
4.075879097
8.151758194
0
0
5.472436428
5.472436428
0
0
0
0
0
0
3.426881075
10.28064346
13.7075243
3.916435957
3.916435957
7.832871914
2.644689798
5.289379597
5.289379597
5.289379597
7.934069157
4.429141998
7.750998974
0
1.937749743
1.937749743
0
10.60882282
0
4.339972973
8.519206047
2.381552935
0
1.024067879
28.60245132
0
0.457850605
0.782161415
12.72443008
0.457850605
0
4.381694794
5.886712551
2.49566102
0
0
0
12.83327198
9.777730942
8.555514336
0
6.619087219
3.30954361
6.619087219
3.30954361
0
0
3.249972343
0
0
0
0
0
3.459417105
3.459417105
0
0
0
3.175091267
6.350182533
3.175091267
2.550826073
0
11.74259567
0
5.321550846
5.541450024
20.34470367
0
10.17235184
0
30.51705551
9.74994278
0
9.74994278
9.74994278
29.24982834
0
0
0
0
0
0
7.226790428
0
0
0
22.39548492
0
0
0
0
0
10.51935387
10.51935387
10.51935387
10.51935387
9.232758522
18.46551704
18.46551704
9.232758522
9.232758522
0
0
9.317566872
0
0
0
0
0
0
0
7.858273029
0
0
0
0
0
0
0
0.509834766
1.311911225
3.777114391
4.539630413
0
0
5.408544064
3.333791256
0
6.911567688
6.911567688
0
6.911567688
18.74247551
0
0
0
0
0
0
0
0
0
32.83272934
0
0
0
0
0
0
5.562368393
11.12473679
5.562368393
0
0
0
0
0
0
0
5.633351803
11.26670361
16.90005493
0
0
15.60608482
0
6.827661514
6.827661514
0
0
5.548600197
16.64580154
5.548600197
20.29121399
0
20.29121399
10.14560699
10.14560699
38.00096512
0
12.66698742
0
0
21.35762596
0
10.67881298
21.35762596
0
0
0
0
19.0800209
0
0
5.495358944
10.99071789
16.48607826
10.99071789
0
0
17.56945419
8.784727097
0
2.794002771
4.460879326
0
0
2.381252289
11.10311317
0
33.30934143
0
0
19.58396339
9.791981697
0
0
0
0
0
0
0
0
0
0
0
0
0
0
0
0
3.735662222
3.735662222
3.735662222
0
0
5.008822441
5.008822441
0
0
0
0
0
4.326828957
0
30.37048149
0
7.592620373
0
7.026351452
14.0527029
0
0
0
0
0
0
0
0
0
0
0
0
0
0
0
0
0
0
0
0
0
0
0
0
0
0
0
0
0
-0.4
6.9
0
0
0
0
0
0
0
0
0
2.996109962
2.859298944
1.429649472
0
0
1.429649472
0
0
0
0
0
0
0
0
0
0
0
0
0
0
0
0
0
0
0
0
0
0
0
0
0
0
5.358000755
0
0
0
0
0
0
0
6.013196468
0
0
0
0
0
0
0
0
3.715293646
6.03867197
0
0
6.03867197
6.03867197
0
0
0
7.228295326
3.614147663
12.84280205
0
0
0
0
0
0
2.481141806
2.835590601
4.962283611
4.575932503
0
0
0
0
0
0
4.224749565
4.224749565
4.828285217
6.337124825
7.834982395
12.80493259
5.086891174
8.712031364
0
0
0
7.144208431
0
0
0
3.555136919
0
0
1.990876794
10.15822601
3.339690447
0
0
0
5.787173748
11.5743475
13.22782612
11.5743475
0
5.883460522
5.14802742
0
0
7.722041607
5.374106884
16.12232018
0
5.374106884
5.374106884
0
3.449436903
0
3.449436903
0
14.35780144
5.469638824
9.571867943
4.785933971
0
0
0
0
0
3.507429361
5.469515324
16.40854454
0
0
16.40854454
0
6.796525002
0
6.796525002
0
0
11.57074833
0
0
0
13.22371387
0
0
0
26.0788517
13.03942585
0
0
0
0
0
0
17.41673279
0
0
0
0
0
14.04356098
0
14.04356098
0
21.88087654
0
0
0
0
0
0
6.853143692
6.853143692
0
0
0
14.48205471
0
9.426976204
0
0
0
0
0
8.354856491
0
8.354856491
9.548408508
0
0
0
0
0
0
0
0
17.28195
0
0
0
0
0
0
0
0
0
0
0
0
0
0
0
0
0
0
0
0
10.81162357
10.81162357
0
10.7765007
10.7765007
10.7765007
0
0
22.4398613
0
0
0
0
0
65.32407379
16.33101845
0
0
0
0
0
0
0
0
0
0
11.02141762
0
0
0
0
0
16.93437576
0
17.50362396
17.50362396
8.751811981
0
0
7.900550842
7.900550842
15.80110168
0
0
12.65293503
4.217644691
4.217644691
0
0
6.017877102
6.017877102
6.017877102
0
18.49603462
18.49603462
9.248017311
18.49603462
18.49603462
8.494754791
16.98950958
8.494754791
16.98950958
16.98950958
6.135575771
0
0
6.135575771
0
26.7027092
0
0
8.900902748
0
0
0
0
6.011354446
6.011354446
3.005677223
5.375204563
2.687602282
0
0
0
0
0
0
4.17490387
0
0
5.49179554
2.74589777
0
2.74589777
0
0
0
0
0
0
0
0
0
0
0
0
0
0
0
0
0
0
0
0
0
0
0
0
0
0
0
0
0
0
0
0
0
0
0
0
0
0
0
0
0
-0.4
6.9
0
4.944225788
0
0
0
0
0
0
0
0
0
0
0
0
0
0
0
0
0
0
0
0
0
0
0
0
0
0
0
0
0
0
0
0
0
0
0
0
0
0
0
0
0
0
0
0
0
0
0
0
0
0
0
0
0
0
0
5.098999023
5.827427387
0
2.726774454
8.180323601
8.180323601
0
3.919231892
11.7576952
3.919231892
7.838463783
3.919231892
3.358829498
0
3.358829498
6.717658997
15.35464954
0
5.033740044
5.752846241
2.516870022
0
0
0
4.216501713
4.216501713
0
0
0
5.698174
2.849087
0
5.698174
3.061702728
2.67898941
8.036968231
0
8.036968231
0
5.145506859
5.880579472
2.572753429
0
2.189622164
5.004850864
7.507276058
2.189622164
4.379244328
4.809346676
24.9791584
16.58733749
4.024147034
0
0
0
1.993212223
37.9706955
1.096266627
0
0
5.233375549
15.70012665
5.233375549
17.12413788
17.12413788
0
0
0
7.545603752
0
0
7.545603752
0
7.037896156
0
7.037896156
14.07579231
7.037896156
3.290199041
0
3.290199041
0
0
0
10.43741894
15.65612888
20.87483788
0
4.527599335
0
0
4.527599335
4.527599335
0
0
7.195639133
7.195639133
0
14.39127827
34.40903473
9.83115387
17.20451736
0
0
0
8.93044281
17.86088562
0
8.93044281
8.534672737
17.06934547
0
17.06934547
0
0
0
9.17261219
18.34522438
9.17261219
0
11.13435173
0
0
0
9.354795456
9.354795456
18.70959091
18.70959091
0
0
0
0
0
0
0
0
12.41046429
0
0
0
0
0
14.36382866
21.54574394
11.03221893
11.03221893
0
0
0
6.039374828
0
0
0
6.039374828
18.11812401
6.466679573
0
0
6.466679573
0
0
0
12.11083412
0
0
6.334706783
0
5.767420292
0
8.112206459
5.345306396
21.38122559
0
0
16.03591919
0
0
20.84823799
20.84823799
31.27235603
22.17819405
0
0
11.08909702
11.08909702
0
9.702911377
9.702911377
0
9.702911377
9.702911377
15.19112587
0
0
0
0
20.88214874
20.88214874
0
0
10.44107437
16.34122467
0
0
0
8.170612335
16.16913033
0
0
0
0
0
0
11.24237251
11.24237251
0
0
8.46158123
0
0
0
8.767978668
17.53595734
0
0
0
0
5.735229969
0
5.735229969
5.735229969
0
0
0
10.34738541
0
9.934425354
0
0
9.934425354
19.86885071
0
0
9.204282761
18.40856552
0
0
14.79572773
0
0
0
4.931909084
0
10.09587574
0
0
5.04793787
0
0
0
4.458214283
0
0
0
0
0
0
0
0
0
0
0
0
0
0
0
0
0
0
3.020692825
0
0
8.887170792
0
4.443585396
0
4.443585396
2.677722216
2.677722216
0
0
0
0
0
0
0
0
0
0
6.342645645
0
0
0
0
0
0
0
0
-0.4
6.9
0
0
0
0
0
0
2.612421751
0
0
0
0
0
0
0
0
2.324611187
0
0
0
0
1.565587878
0
0
0
0
3.357712984
2.937998533
0
0
0
0
0
0
4.752434254
4.752434254
0
0
0
7.159833908
3.579916954
7.159833908
3.111476898
3.555973768
6.222953796
3.111476898
6.222953796
4.521449566
0
3.956268311
0
0
0
0
0
0
0
1.822584152
0
5.467752457
1.822584152
8.332456589
0
0
8.332456589
0
0
0
3.636730909
0
10.91019249
5.023411751
0
11.48208427
10.0468235
15.0702343
2.98867631
0
2.98867631
0
3.415629864
0
3.503009558
3.503009558
3.503009558
0
0
0
0
0
0
0
0
5.558032036
5.558032036
0
11.11606407
0
0
3.363399506
6.726799011
6.726799011
10.20222569
8.92694664
0
0
17.85389328
7.612507343
11.41876125
0
0
3.806253672
0
2.955219984
5.910439968
0
0
0
10.11923218
0
0
5.059616089
0
0
12.65397835
15.52444649
4.808033466
0
0
0
0
13.35861588
0
0
0
7.853235722
15.70647144
0
0
0
0
8.373265266
4.850549698
19.40219879
4.850549698
0
0
0
15.86222649
12.26648521
10.01345634
9.581057549
0
0
11.03939629
11.03939629
11.03939629
11.03939629
0
27.65551758
0
18.43701172
18.43701172
23.98536491
11.99268246
0
0
0
0
0
0
0
0
0
0
14.92999744
0
0
0
33.42419815
0
11.14139938
0
0
7.249444485
7.249444485
14.49888897
0
0
7.771920204
0
15.54384041
0
0
20.67486191
20.67486191
10.33743095
0
0
14.10471821
0
0
0
0
0
0
0
0
0
0
0
0
0
0
0
0
18.23253441
0
0
0
0
0
0
0
0
0
0
0
0
0
10.39097214
0
0
10.39097214
7.48567915
0
0
7.48567915
0
0
0
0
0
10.19665718
30.58997345
0
0
0
0
12.02870941
0
0
23.18660927
0
0
0
0
0
0
10.10030365
0
0
0
0
0
9.054590225
0
0
0
18.10918045
11.01151752
0
22.02303505
0
0
0
7.558104515
7.558104515
7.558104515
0
5.772548199
17.31764603
0
5.772548199
0
0
0
21.3803196
0
0
16.69109154
8.345545769
0
0
8.345545769
13.11916542
0
0
0
0
11.85682678
11.85682678
0
0
0
0
0
0
0
0
0
0
0
0
0
0
0
0
0
0
0
0
0
0
0
0
0
0
0
0
0
0
0
0
14.31478786
0
9.696313858
0
0
4.848156929
4.848156929
0
0
0
0
0
0
0
0
0
0
0
0
0
0
0
0
0
0
0
6.79874897
0
0
0
0
0
0
-0.4
6.9
0
0
0
0
0
1.866167784
0
0
0
1.866167784
0.894294083
0
1.788588166
1.022050381
1.788588166
1.637465119
0
0
0
1.637465119
2.252256632
0
0
0
0
0
0
0
0
0
0
0
0
0
0
0
0
0
0
0
0
0
0
0
0
0
0
0
0
0
0
0
0
0
0
0
0
6.796299934
3.398149967
2.508168936
5.016337872
0
0
0
0
0
0
0
0
0
4.769617558
0
2.384808779
0
0
0
0
0
1.981146932
3.4174366
15.62256718
13.6697464
0
3.4174366
10.47264385
0
0
0
10.47264385
2.618160963
0
3.479759216
10.43927765
10.43927765
0
0
0
3.997808933
0
0
10.31416416
31.13100243
0
1.077197313
1.804305792
13.54638958
0
4.515462875
5.160529137
4.515462875
5.560745716
5.560745716
0
0
5.560745716
2.072790623
3.054639339
14.40044308
10.80033207
5.400166035
7.600260258
6.650227547
6.650227547
0
6.650227547
0
0
8.242946625
0
0
0
6.48301506
0
0
0
0
0
16.87679482
0
11.25119591
5.705440521
17.11632156
0
0
0
7.072271347
8.082596779
0
7.072271347
0
7.072271347
25.33654213
9.65201664
42.22756958
16.89102745
8.445513725
0
0
0
7.442883492
7.442883492
20.95641708
0
0
20.95641708
0
0
0
0
22.25379372
0
0
5.581551552
11.1631031
0
0
0
0
0
16.11155891
0
0
0
0
0
0
0
0
0
0
0
0
38.59765244
0
0
0
0
0
0
0
0
0
0
0
31.49233246
0
0
0
0
0
0
0
0
0
0
0
0
0
0
0
0
0
0
0
0
0
11.60586357
0
0
0
0
0
0
0
8.725651741
26.17695618
0
0
0
20.20024681
0
0
0
0
0
0
0
11.82962418
11.54164696
5.770823479
5.770823479
0
5.770823479
11.63646221
0
17.45469284
5.818231106
0
0
29.9897747
44.9846611
0
0
0
0
5.004966259
10.00993252
0
4.73473835
4.73473835
9.4694767
4.73473835
0
0
0
8.588677406
17.17735481
8.588677406
8.311193466
4.155596733
4.155596733
4.155596733
8.311193466
0
0
5.651321888
11.30264378
0
0
0
18.84531212
0
0
6.408637524
0
6.408637524
0
0
7.858936787
15.71787357
0
7.858936787
15.71787357
7.858936787
8.541734695
0
0
0
0
0
0
9.029712677
0
0
0
0
0
0
0
0
0
6.097013474
0
0
0
0
0
0
0
6.195082664
0
6.195082664
6.195082664
0
3.050175905
0
0
0
0
0
3.61560607
0
1.807803035
5.423408985
7.920107841
3.960053921
0
0
0
0
0
0
0
0
0
0
0
0
0
0
0
0
0
0
0
-0.4
6.9
0
0
0
0
6.154754639
0
0
0
0
0
0
0
0
0
0
0
0
0
0
0
0
0
0
0
0
0
0
0
0
12.02488708
0
9.489789009
0
0
1.897957802
0
0
0
0
0
3.611417532
3.725065947
3.725065947
0
0
0
0
0
0
0
0
0
0
0
0
0
0
0
0
0
2.760433435
2.760433435
0
0
0
0
0
0
0
0
0
7.663033962
3.831516981
0
0
0
0
0
4.511594296
0
0
0
0
0
0
0
0
0
5.453266144
5.453266144
8.00044632
5.333630562
5.333630562
2.666815281
10.66726112
3.897986174
3.897986174
7.795972347
11.69395828
7.795972347
2.470844507
9.883378029
2.470844507
2.823822498
0
0
0
4.027302265
7.047778606
0
17.30411911
9.888069153
8.652059555
0
0
0
15.00929928
10.00619888
5.717827797
15.00929928
5.9491539
5.9491539
0
13.59806633
0
7.823135853
13.84489346
10.6538763
0
4.683588505
6.930263042
0
0
0
0
0
0
0
27.29169464
9.097231865
0
0
8.542250633
0
0
0
0
9.761211395
0
5.57783556
4.880605698
24.45844078
9.579256058
14.28831196
9.740402222
4.261426449
0
0
0
0
0
0
6.97168684
0
13.94337368
0
0
0
24.84204292
0
0
27.64618111
6.911545277
0
0
0
11.86138821
11.86138821
0
0
0
0
13.87751484
0
0
0
0
11.00243473
11.00243473
11.00243473
0
10.67682076
0
5.338410378
0
0
0
0
0
0
15.55576897
0
0
0
0
0
0
0
0
0
0
0
0
0
0
0
0
0
0
0
0
11.36607647
30.64500618
0
20.43000603
0
0
0
0
12.21876144
0
0
0
0
0
0
0
0
0
0
0
0
0
0
0
0
0
0
0
0
0
16.55570984
0
9.151908875
0
0
9.151908875
0
0
0
0
19.49105453
0
17.01901054
0
17.01901054
0
0
22.78499413
7.594997883
0
7.594997883
0
7.308715343
0
0
7.308715343
8.352818489
0
16.40053177
0
0
0
8.142022133
16.28404427
0
0
0
0
1.736453414
29.76040649
10.70239925
0
0
0
14.93781376
0
7.468906879
0
0
0
0
0
0
0
0
0
0
0
4.924796104
0
0
0
0
0
0
0
0
0
0
0
0
3.890115499
0
0
6.393208027
0
0
0
2.063509464
4.127018929
2.063509464
2.063509464
0
0
0
0
0
0
0
0
6.082425594
0
0
0
2.976236343
0
0
0
0
0
0
0
0
0
0
0
0
4.153745651
0
0
2.983677387
2.983677387
2.983677387
0
-0.4
6.9
5.084281445
0
0
0
5.084281445
0
0
0
0
0
0
0
0
0
0
0
0
0
0
0
0
0
0
0
0
0
0
0
0
8.14367485
4.071837425
0
3.433960676
6.867921352
0
0
0
0
0
0
0
0
0
0
0
6.345410347
4.273355007
8.546710014
0
0
0
0
0
0
0
0
0
4.197009563
6.295514584
0
0
5.24810648
5.997836113
15.74431801
3.416504145
3.90457654
3.90457654
13.66601658
10.24951267
3.982185602
7.964371204
11.94655704
0
0
12.33875275
0
8.225834846
4.112917423
8.225834846
0
4.142747402
4.734569073
4.142747402
0
4.612369537
4.612369537
0
0
4.612369537
5.271279335
8.981871605
19.64784241
3.929568768
0
0
8.397872925
16.79574585
0
0
0
0
0
6.534489155
8.576517105
5.71767807
0
0
8.724682808
0
9.555604935
10.32737255
0
3.012150049
6.024300098
0
5.087497711
8.468006134
13.15385914
0
0
4.414284706
4.414284706
0
0
0
4.317423344
0
8.634846687
8.634846687
8.634846687
0
0
11.40232658
13.03123093
6.515615463
6.034863472
0
0
13.79397488
6.034863472
0
0
0
0
0
6.020586014
10.53602409
5.268012047
5.268012047
0
6.020586014
0
15.86706257
18.13378716
0
0
0
0
0
15.96260834
0
14.8475132
0
0
0
22.27126884
0
10.37060165
18.14855194
9.07427597
0
0
9.679132462
8.469240189
25.40772057
0
6.552529335
6.552529335
0
6.552529335
13.10505867
10.73588371
42.94353485
0
0
18.78779602
0
18.42462921
0
0
36.84925842
17.92242241
17.92242241
0
17.92242241
8.961211205
10.02081108
10.02081108
0
20.04162216
0
0
7.829434872
7.829434872
15.65886974
0
0
7.965456963
7.965456963
0
0
0
0
0
0
0
0
0
0
0
0
0
16.18749809
0
0
0
0
0
20.49214363
11.70979691
0
20.49214363
0
38.79901505
0
9.699753761
9.699753761
12.79958248
0
0
0
25.59916496
25.59916496
0
13.80445766
6.902228832
0
0
13.26580334
0
0
0
13.26580334
0
0
17.92292404
0
8.961462021
0
26.48077965
0
0
0
21.77901649
10.88950825
21.77901649
0
21.77901649
11.75783157
0
11.75783157
11.75783157
11.75783157
5.889901638
0
0
17.66970444
11.77980328
0
0
7.576208115
15.15241623
0
6.055286884
6.055286884
6.055286884
6.055286884
0
7.26223135
7.26223135
14.5244627
0
0
0
0
8.105382919
8.105382919
16.21076584
0
0
33.41739655
14.62011051
14.62011051
0
0
2.809348106
8.428044319
5.618696213
0
0
0
0
2.979769945
8.93930912
0
0
0
0
0
0
0
4.85733223
4.85733223
0
4.701114655
4.701114655
0
0
0
4.456895828
3.899783611
0
0
0
0
0
0
0
0
0
9.636712074
0
0
0
0
0
0
0
0
0
0
0
0
0
0
0
0
0
0
0
0
0
0
0
0
-0.4
6.9
0
5.799917221
0
0
0
0
0
0
0
0
0
0
0
0
0
0
0
0
0
2.080670357
0
0
0
0
0
0
0
0
0
0
0
0
0
0
0
0
0
0
0
0
0
0
0
0
0
0
0
0
0
0
0
8.436783791
0
0
0
0
0
0
0
0
0
0
0
0
0
0
0
0
0
0
0
0
0
0
0
5.577719212
0
11.15543842
16.7331562
22.31087685
0
0
0
0
9.818344116
5.713626385
11.42725277
11.42725277
0
5.713626385
0
4.885838509
2.442919254
2.442919254
4.885838509
7.32875824
0
2.853124619
0
0
0
14.09513474
0
0
0
3.523783684
0
5.542150021
0
0
16.62645149
3.744821548
14.97928619
0
0
0
4.134943962
0
8.269887924
8.269887924
4.134943962
14.75933743
0
0
14.75933743
0
3.247817755
9.743453979
3.247817755
6.495635509
6.495635509
0
4.943777561
4.943777561
4.943777561
4.943777561
0
0
0
0
0
7.539253235
7.539253235
7.539253235
7.539253235
0
15.68514347
0
0
0
0
7.842571735
19.32227135
12.88151455
0
0
12.88151455
9.141277313
0
0
18.28255463
0
0
18.2516098
0
9.125804901
0
29.27693176
0
9.758976936
9.758976936
29.27693176
0
7.24215889
0
0
7.24215889
0
0
0
0
15.27235413
0
0
0
14.45575047
0
23.00122261
7.667074203
7.667074203
7.667074203
0
0
0
0
10.83922482
0
0
0
0
0
0
0
0
0
0
0
0
0
11.21064568
11.21064568
0
0
47.32237244
0
9.464474678
0
0
0
0
3.187473297
9.562418938
0
0
0
18.84914207
0
0
0
0
0
0
0
0
0
16.55519485
0
0
0
8.32359314
0
0
0
8.32359314
0
0
0
0
11.05030441
0
0
0
0
36.19252014
8.867605209
5.067203522
4.433802605
4.433802605
4.433802605
0
0
0
0
30.31666946
0
5.687783241
0
5.687783241
11.37556648
0
6.804163456
6.804163456
0
0
14.4424963
7.22124815
7.22124815
0
0
9.678732872
19.35746574
0
0
0
0
0
0
13.96036911
0
6.26455307
12.52910614
12.52910614
0
0
0
7.292104244
0
7.292104244
0
0
11.02719688
11.02719688
11.02719688
0
22.05439377
5.058447361
0
0
5.058447361
0
0
0
0
0
0
0
0
0
0
9.884428024
0
0
7.134111881
0
0
6.22159338
0
0
0
0
0
0
0
0
0
0
0
0
0
0
0
0
0
0
0
5.891487598
0
0
0
0
0
0
0
0
0
0
0
0
0
0
0
0
0
0
0
7.527523518
-0.4
6.9
0
0
0
0
0
0
0
0
0
0
0
0
0
0
0
0
0
0
0
0
0
0
0
0
0
0
0
0
0
0
0
0
0
2.737617731
2.737617731
0
0
0
0
0
0
0
0
0
0
0
0
0
0
0
0
0
0
0
1.576264739
0
1.742052794
1.742052794
1.742052794
8.861645699
4.430822849
0
8.861645699
4.430822849
0
0
3.506901264
0
0
0
2.467593193
7.402779579
9.870372772
0
7.679133892
1.919783473
0
5.7593503
1.919783473
2.860886335
2.860886335
4.291329861
0
2.860886335
9.167226791
6.111485004
3.055742502
3.055742502
0
6.111485004
16.73250389
12.5493784
25.09875679
0
8.366251945
4.318963528
0
2.159481764
0
0
2.637979031
7.913937569
2.637979031
2.637979031
0
8.966265678
2.988755226
8.966265678
2.988755226
0
4.026830673
4.026830673
0
4.026830673
12.08049297
7.520312309
0
0
7.520312309
3.760156155
0
5.253482819
10.50696564
15.76044846
0
0
0
0
17.9072113
0
0
4.065268517
8.130537033
8.130537033
16.26107407
4.120455742
0
0
4.120455742
12.36136627
0
0
0
13.08887577
6.544437885
0
16.59454918
8.29727459
8.29727459
8.29727459
8.29727459
0
14.29200935
0
0
14.29200935
0
0
11.17218685
5.586093426
0
0
0
11.63077259
0
0
0
0
16.49274445
0
0
0
12.68745518
19.03118324
12.68745518
0
0
33.92332458
16.96166229
0
0
0
6.655350208
6.655350208
0
6.655350208
0
0
0
0
0
15.85609341
0
0
0
0
0
0
0
0
0
3.547324896
3.547324896
0
0
0
0
0
0
0
0
0
0
0
0
0
0
0
0
0
0
0
0
0
0
6.299484253
0
0
0
0
0
0
0
0
0
4.221717358
7.762513161
0
0
0
0
0
7.007032394
0
0
0
0
0
0
0
20.97729874
10.48864937
0
0
35.91247559
0
0
0
0
16.01060867
16.01060867
0
0
9.454913139
9.454913139
9.454913139
0
28.36474037
0
16.04855919
0
0
6.113736629
0
0
0
9.757430077
0
0
5.754470348
0
0
0
0
4.997776508
0
0
4.997776508
0
22.56409264
0
0
0
0
10.8962574
0
10.8962574
0
0
0
0
0
0
0
0
0
0
0
0
6.950886726
0
0
6.950886726
0
0
0
0
0
0
0
0
0
0
0
6.628859997
6.628859997
0
0
0
11.1840353
0
0
0
0
4.42637682
4.42637682
2.21318841
0
0
0
0
0
0
0
0
0
0
0
0
0
0
0
0
0
0
0
0
0
0
0
0
0
3.841132164
0
0
-0.4
6.9
3.806786776
0
0
0
0
1.847726464
1.847726464
0
1.847726464
0
1.762284636
0
0
0
0
0
0
0
0
0
0
0
0
3.524305344
0
0
0
0
0
0
0
0
0
0
0
0
0
0
0
0
0
0
0
0
0
0
0
0
0
0
0
0
0
5.112452507
2.556226254
2.556226254
2.123414278
0
2.123414278
0
3.640624523
3.640624523
0
0
4.8239007
2.41195035
7.235851765
2.41195035
7.235851765
0
3.254776716
3.254776716
0
3.254776716
10.98840618
3.662802219
3.662802219
3.662802219
0
0
2.930963039
1.46548152
0
1.46548152
0
3.417009592
6.834019184
10.25102901
0
3.417009592
0
0
5.540447712
5.540447712
0
5.044487953
15.13346481
15.13346481
15.13346481
5.044487953
6.443664551
0
9.665496826
0
9.665496826
6.323759079
0
0
25.29503632
0
0
0
2.48423028
0
0
6.072500706
6.072500706
0
3.036250353
9.108751297
8.041511536
12.0622673
8.041511536
8.041511536
0
18.65673447
3.731347084
3.731347084
7.462694168
0
9.242925644
9.242925644
0
9.242925644
0
13.70799828
13.70799828
6.853999138
6.853999138
0
0
8.208824158
8.208824158
0
0
0
13.66535854
13.66535854
0
4.555119038
0
0
8.808995247
17.61799049
8.808995247
0
44.89853668
0
0
14.96617889
14.96617889
0
0
10.89352036
12.4497385
0
12.60781384
0
0
25.21562767
0
9.628017426
0
0
9.628017426
0
0
44.13633728
0
0
0
0
11.76509094
30.88336182
0
20.58890915
0
0
4.99990654
9.99981308
4.99990654
0
17.71603203
0
0
5.905344009
7.234407425
7.234407425
0
0
0
0
9.046663284
9.046663284
0
0
0
0
7.103422642
0
0
7.103422642
0
0
0
0
30.90430641
0
0
0
33.11670685
0
0
0
0
0
0
0
0
0
0
0
9.914068222
0
0
0
9.914068222
0
0
0
0
0
0
0
11.39958286
11.39958286
0
0
26.12012863
0
13.06006432
0
0
0
0
0
0
0
0
0
0
0
0
9.344102859
0
9.344102859
21.3579483
0
0
0
0
0
0
0
13.49940777
0
0
0
0
0
0
23.56756401
0
0
5.867385864
0
11.73477173
11.73477173
0
20.85095596
20.85095596
10.42547798
0
7.835893154
15.67178631
7.835893154
0
15.67178631
0
10.55165482
21.10330963
0
0
0
0
0
0
7.600857258
11.40128613
4.158797264
0
3.638947487
3.638947487
7.277894974
0
0
0
3.323769331
0
9.727103233
0
0
0
0
0
0
0
0
0
0
0
0
0
5.08422184
1.661140203
0
1.661140203
3.322280407
6.644560814
2.199054241
0
0
4.398108482
0
0
0
0
0
0
0
0
0
0
0
0
0
0
0
0
0
0
0
0
0
0
-0.4
6.9
0
0
0
0
0
0
0
0
0
0
0
0
3.727482796
0
0
0
0
0
0
0
0
0
5.654362202
1.88478744
0
0
0
0
0
0
0
0
0
0
0
0
0
0
0
0
7.144685268
3.454028368
0
0
5.181042671
1.727014184
2.641489029
5.282978058
0
0
0
5.909763336
0
5.909763336
0
2.954881668
5.615830898
0
0
3.050341368
0
3.050341368
0
0
0
0
0
8.632876396
0
0
0
3.693989277
0
0
0
0
4.163303852
4.758061409
4.163303852
0
0
0
0
4.446612835
0
5.673360348
0
5.673360348
8.510041237
2.836680174
7.703176022
3.851588011
7.703176022
0
3.851588011
7.14814949
7.14814949
7.14814949
0
0
12.58094788
4.193649292
0
4.792742252
25.16189575
0
0
8.131983757
4.065991879
8.131983757
0
0
0
1.267861009
0
0
14.44065189
0
7.220325947
0
0
0
0
0
10.92434597
0
0
0
0
0
17.13554573
8.567772865
0
0
0
5.329542637
5.329542637
0
5.329542637
0
2.194344282
0
2.194344282
6.583032608
4.388688564
0
0
12.87567711
9.656756401
0
6.437838554
12.60055542
16.8007412
4.200185299
8.400370598
4.200185299
11.65420628
23.30841255
0
11.65420628
23.30841255
0
0
0
0
0
0
20.19019508
60.57058716
0
0
0
12.30048847
0
6.150244236
0
0
0
0
5.873654842
0
0
0
0
0
0
0
0
0
0
0
0
0
0
5.490919113
5.490919113
33.60044861
11.20014954
0
0
0
4.00656414
0
0
0
0
0
8.404652596
0
0
0
4.202326298
0
0
0
0
0
0
0
0
0
12.26051331
22.27918053
0
0
0
0
0
0
0
21.42617035
7.142056942
0
0
0
0
0
0
0
0
0
0
8.460424423
0
0
0
18.21389961
9.106949806
0
0
0
28.32536316
0
0
5.381900311
16.14570045
0
5.381900311
8.885392189
0
8.885392189
35.54156876
0
0
9.612683296
0
9.612683296
9.612683296
14.03295708
0
0
0
42.09886932
0
0
0
0
5.818294525
0
0
0
18.54576111
6.181920528
0
0
0
63.0396347
0
43.362957
8.672592163
0
8.672592163
0
4.298449516
4.298449516
0
0
0
0
0
9.593871117
9.593871117
9.593871117
9.593871117
0
0
8.135993958
0
0
4.7473526
0
0
4.7473526
4.7473526
8.11623764
4.05811882
4.05811882
4.05811882
0
0
0
6.778872013
6.778872013
0
0
0
0
6.194701672
0
0
0
0
1.782671094
1.782671094
0
3.547636509
3.547636509
3.547636509
0
0
0
0
0
0
0
0
10.37227058
5.186135292
0
0
0
0
0
0
0
0
0
0
0
0
0
0
0
0
0
-0.4
6.9
0
0
0
0
0
0
0
0
0
0
0
0
0
0
0
0
0
0
0
0
3.37127924
3.37127924
3.37127924
0
0
0
0
0
0
0
0
2.498351812
2.498351812
0
0
0
0
0
0
0
0
0
0
0
2.712082148
8.136246681
4.51163578
0
0
0
4.51163578
1.043522358
1.043522358
0
0
3.130567074
2.88142705
2.88142705
5.762854099
5.762854099
8.644511223
0
8.644511223
0
0
0
0
0
0
0
0
0
0
0
6.421547413
18.40833664
0
0
0
0
6.867467403
6.867467403
2.289155722
0
4.578311443
2.633802176
0
2.633802176
5.267604351
7.901406288
2.633802176
8.059188843
5.372792244
0
5.372792244
5.372792244
3.997580528
3.997580528
7.995161057
0
0
0
2.143053055
2.143053055
2.143053055
2.143053055
0
0
4.641423702
0
0
0
5.631524563
2.815762281
0
0
0
12.73386574
7.640318871
7.640318871
2.546772957
2.956846714
0
0
0
0
11.15418625
0
2.788546562
2.788546562
0
8.146558762
8.146558762
0
16.29311752
8.146558762
0
0
0
6.803460598
3.401730299
0
3.725166321
11.17549896
0
3.725166321
23.04066467
0
0
4.608132839
4.608132839
9.216265678
0
0
15.2109642
15.2109642
0
0
15.65206623
0
15.65206623
0
0
0
7.498992443
14.99798489
0
0
0
0
0
0
0
0
0
0
0
0
0
11.94186497
0
11.94186497
0
0
0
7.720198154
0
25.47190094
0
0
25.47190094
16.98126793
0
7.276978493
0
7.276978493
0
0
0
0
0
0
0
0
0
0
0
0
0
9.95808506
0
0
0
0
12.41755199
0
0
0
0
0
0
0
0
0
0
0
29.76152229
0
0
0
0
0
0
0
0
0
0
0
0
0
0
11.8615675
11.8615675
11.8615675
4.89069891
0
9.78139782
4.89069891
0
0
18.71084213
0
0
0
12.66130543
0
12.66130543
12.66130543
0
11.81512165
0
0
35.44536591
11.81512165
6.48732996
0
0
5.676413059
0
16.6973362
0
8.348668098
16.6973362
8.348668098
9.132519722
0
18.26503944
9.132519722
9.132519722
0
0
0
14.92060471
14.92060471
17.65739822
0
0
0
0
0
7.131618023
0
0
14.26323605
0
0
5.935157299
0
5.935157299
0
0
0
20.73814392
0
10.36907196
0
0
0
0
0
0
6.280975819
0
0
0
0
0
0
0
4.549351692
0
0
6.532016277
0
6.532016277
3.341630936
0
0
3.341630936
3.341630936
7.546550751
0
0
0
0
0
0
0
0
0
0
0
3.082175732
0
0
4.030945301
12.09283733
4.030945301
0
0
0
0
0
0
0
0
7.471360207
0
0
7.471360207
0
3.029515266
3.029515266
0
3.029515266
3.029515266
-0.4
6.9
0
0
0
0
0
0
0
0
0
0
0
0
0
0
0
0
0
0
0
0
0
0
0
0
0
0
0
5.899077415
0
0
0
0
0
3.109375238
0
0
0
0
3.286530018
6.573060036
0
2.199934721
4.399869442
2.199934721
0
0
0
0
0
0
0
0
3.03910327
0
0
6.078206539
5.18006134
2.59003067
0
6.837227821
0
6.837227821
0
0
3.0012815
0
9.003844261
6.002563
9.003844261
5.649386883
11.29877377
11.29877377
5.649386883
5.649386883
0
6.488636494
6.488636494
6.488636494
12.97727299
2.842187643
0
0
5.684375286
0
9.36607933
0
0
0
0
9.36607933
4.868406296
0
0
2.434203148
0
0
8.247678757
0
0
0
0
9.24187851
0
18.48375702
0
0
0
5.612674236
6.314258099
8.419011116
8.931534767
8.931534767
13.39730167
0
8.931534767
0
0
0
15.77414608
7.88707304
0
0
9.540560722
19.08112144
9.540560722
0
6.338572502
6.338572502
12.677145
6.338572502
0
0
0
0
0
5.208427429
5.208427429
10.41685486
5.208427429
0
0
15.18275452
0
0
0
15.67791367
10.45194244
0
0
10.45194244
20.90388489
0
0
0
11.63548851
11.63548851
0
0
8.703533173
0
17.40706635
18.76852989
0
9.384264946
9.384264946
18.76852989
0
0
4.260854721
0
0
0
0
26.27350807
0
0
5.313469887
0
0
0
5.313469887
0
0
0
0
10.66288853
0
0
0
0
0
0
0
9.143368721
0
0
0
10.37329292
0
0
10.37329292
0
5.831901073
0
0
11.66380215
0
0
0
0
0
0
0
0
0
0
0
0
0
0
0
0
0
14.72866344
0
0
0
0
0
0
0
0
0
0
0
0
0
0
0
9.443094254
28.32928276
0
0
8.023874283
0
0
0
8.023874283
0
0
0
0
8.378909111
3.81184268
0
0
0
0
0
0
0
18.7336216
0
0
0
21.59171486
10.79585743
10.79585743
0
33.61517715
0
0
0
0
9.663901329
0
0
9.663901329
12.63687229
0
25.27374458
0
25.27374458
14.91685486
0
0
0
0
0
0
0
22.38451958
11.19225979
0
0
0
0
0
0
0
0
20.67803001
10.33901501
0
18.85642433
0
12.57094955
12.57094955
6.285474777
0
0
0
0
0
0
0
0
0
0
0
0
0
0
0
0
0
0
0
6.892700195
6.488577843
3.244288921
0
0
3.244288921
11.25647068
0
0
0
0
5.680357456
2.840178728
0
0
5.680357456
0
0
0
0
0
0
0
0
0
0
0
0
0
0
0
0
0
0
0
0
0
-0.4
6.9
0
0
0
0
2.25934124
0
3.355568647
0
0
0
0
0
0
1.550961137
1.550961137
0
0
0
0
0
0
0
0
0
0
0
0
0
5.734976292
5.734976292
0
0
0
0
0
0
1.835503936
0
1.835503936
1.835503936
1.835503936
1.709072709
0
0
3.418145418
3.418145418
3.76987052
1.88493526
1.88493526
1.88493526
0
2.701360941
2.701360941
0
0
0
1.40302515
0
1.40302515
9.30090332
0
4.65045166
4.65045166
4.65045166
7.994355202
7.994355202
7.994355202
11.99153328
0
0
0
0
6.24907732
0
0
0
0
4.397022247
8.794044495
8.15087986
5.433920383
0
0
0
2.88993454
5.77986908
2.88993454
0
0
5.77986908
0
11.25762177
3.752540588
3.752540588
7.505081177
2.233333588
0
0
2.233333588
0
0
3.318408012
3.318408012
6.636816025
0
5.012169838
2.506084919
5.012169838
5.012169838
0
0
0
0
5.533085823
8.299628258
0
8.961494446
13.44224167
8.961494446
8.961494446
0
3.907670498
7.815340996
3.907670498
0
7.163115978
7.163115978
7.163115978
3.581557989
14.32623196
7.405372143
0
14.81074429
7.405372143
14.81074429
23.37858009
0
5.844645023
17.53393555
11.68929005
6.829619884
0
6.829619884
0
6.829619884
0
0
11.27763462
0
5.63881731
0
0
0
22.57169914
0
0
0
14.03376102
28.06752205
14.03376102
0
11.16612339
0
0
0
22.33224678
0
0
8.62019062
0
17.24038124
0
9.764341354
9.764341354
9.764341354
9.764341354
0
0
0
7.821952343
0
0
0
0
0
30.47701263
0
0
0
0
0
0
0
0
0
0
0
0
0
0
0
0
0
0
0
0
0
0
29.20776176
0
0
29.20776176
39.88755417
19.94377708
9.971888542
0
0
0
0
0
0
0
0
0
0
0
10.49559307
0
0
4.333851814
0
0
0
0
0
0
0
16.73551178
8.36775589
0
0
0
8.36775589
28.5990696
0
28.5990696
0
0
0
27.72901344
13.86450672
0
0
0
14.55330276
0
0
14.55330276
0
0
0
0
0
0
26.83175087
0
0
13.41587543
0
13.30158138
0
0
6.650790691
0
0
22.62098312
0
0
0
0
0
26.44076538
8.813588142
19.25073051
0
12.83382034
6.416910172
6.416910172
0
0
8.981131554
35.92452621
0
0
0
0
0
0
0
0
0
19.33163452
0
0
3.175323009
3.175323009
0
3.175323009
3.175323009
2.477802753
0
2.477802753
0
0
0
0
0
0
0
0
0
0
0
0
0
0
0
0
0
0
0
0
0
0
2.926233768
5.852467537
2.926233768
0
0
0
0
0
0
0
0
0
1.210709929
0
0
0
0
0
0
0
0
0
0
0
0
0
0
0
0
0
0
-0.4
6.9
0
0
0
0
0
0
0
0
0
0
0
0
0
0
0
0
0
0
0
0
0
0
0
0
0
0
0
0
3.664737701
3.664737701
0
0
0
0
0
0
4.995412827
4.995412827
2.497706413
4.995412827
4.995412827
0
0
0
0
0
0
0
0
0
2.665688038
0
0
5.716552734
0
0
0
0
0
0
0
0
0
0
0
0
2.130521774
2.130521774
2.130521774
0
0
0
0
0
10.93553352
0
7.290355206
0
0
1.860616684
0
9.30308342
3.721233368
0
11.72209358
0
0
0
17.58314133
0
12.3141098
18.4711628
0
12.3141098
24.6282196
0
23.89711571
0
0
0
0
0
3.435466051
0
6.870932102
2.893187046
5.786374092
8.679561615
0
0
8.429590225
12.64438534
0
0
4.214795113
8.866436005
5.91095686
2.95547843
5.91095686
2.95547843
0
18.31573296
0
18.31573296
6.10524416
0
0
4.061998367
0
4.061998367
29.84880447
0
0
11.93952179
5.969760895
0
0
0
0
4.73853159
10.72788429
0
3.57596159
0
10.72788429
0
9.295315742
0
0
0
0
0
29.02546883
14.51273441
14.51273441
7.256367207
14.93350601
7.466753006
0
0
7.466753006
5.400850773
0
5.400850773
0
0
0
0
0
0
27.17385483
0
0
10.89597225
10.89597225
10.89597225
0
0
19.23982239
0
0
0
0
0
0
0
0
0
0
0
0
0
0
0
0
0
29.27389717
9.757965088
0
0
19.51593018
25.52718544
0
12.76359272
0
38.29077911
14.61241722
29.22483444
0
0
0
0
0
0
0
0
0
0
0
0
11.88117504
0
17.56619263
0
17.56619263
0
0
0
0
0
0
13.30603123
7.69790411
0
0
0
0
7.536514759
15.07302952
7.536514759
7.536514759
15.07302952
22.60954475
17.98178101
8.990890503
17.98178101
17.98178101
17.98178101
11.27426147
11.27426147
11.27426147
22.54852295
0
14.32084274
14.32084274
0
0
14.32084274
12.74989128
25.49978256
0
38.24967194
12.74989128
9.86572361
9.86572361
9.86572361
19.73144722
19.73144722
0
0
32.04333496
0
0
0
6.606460571
0
0
6.606460571
0
0
0
0
0
11.74968815
0
11.74968815
0
0
0
5.524538994
16.57361794
16.57361794
0
0
0
14.88689899
7.443449497
7.443449497
13.67186356
27.34372711
0
0
0
0
0
3.975852251
0
3.975852251
0
0
0
0
0
0
0
0
3.395125628
0
6.790251255
3.037556171
0
0
0
3.037556171
3.724202394
0
0
0
3.724202394
0
0
0
0
0
0
18.10092545
6.033641815
0
0
0
0
0
0
0
0
0
0
0
0
0
0
0
0
0
0
0
0
0
0
0
0
0
0
0
0
-0.4
6.9
0
0
0
0
0
0
0
0
0
0
0
0
0
0
0
0
0
0
0
0
0
0
0
0
0
0
0
0
0
0
0
0
0
0
0
0
0
0
4.044350147
4.044350147
0
0
0
0
0
0
0
0
0
0
0
0
0
0
0
0.995328546
0
0.884723306
1.769446611
1.769446611
0
6.535591125
2.178530455
6.535591125
4.357060909
5.062767029
1.687589049
1.687589049
1.687589049
3.375178099
4.004999638
8.009999275
4.004999638
0
0
4.857106209
4.857106209
7.28565979
0
0
5.313160896
5.313160896
5.313160896
2.656580448
0
8.626200676
0
4.313100338
4.313100338
0
12.93930054
6.003432751
6.003432751
6.003432751
0
6.003432751
4.723995686
4.723995686
0
0
4.723995686
0
0
6.559765816
9.839648247
0
0
11.56181717
0
0
0
0
15.57962799
7.789813995
0
7.789813995
0
10.0155592
10.0155592
0
0
0
0
11.75425911
0
7.836172581
0
0
2.86861968
2.86861968
2.86861968
14.58962727
0
14.58962727
0
0
5.381906033
2.690953016
5.381906033
8.072859764
5.381906033
4.557221413
4.557221413
0
13.67166424
18.22888565
0
0
23.46624565
15.64416409
0
7.822082043
0
0
17.62424088
0
0
6.075461864
0
0
6.075461864
6.075461864
0
0
30.52357864
20.34905243
0
0
13.1090374
0
0
0
9.878829956
9.878829956
0
29.63648987
0
0
10.10750294
20.21500587
20.21500587
20.21500587
7.237408638
7.237408638
3.618704319
3.618704319
0
0
0
0
0
0
0
0
0
13.4084444
13.4084444
0
0
6.284894943
25.13957977
0
0
17.33033943
0
0
17.33033943
13.77952957
34.44882202
0
0
6.889764786
13.77952957
0
0
18.47339821
0
0
0
0
28.707798
0
0
0
0
0
0
0
0
0
0
0
0
0
7.405745029
0
0
22.21723366
0
9.592492104
19.18498421
19.18498421
0
0
4.844076633
9.688153267
0
14.53222847
4.844076633
0
0
0
5.169826508
10.33965302
29.23048973
0
0
0
0
0
0
24.58745193
0
8.195816994
0
14.43326855
14.43326855
0
0
10.18969727
30.5690918
10.18969727
0
0
11.05358028
0
11.05358028
0
11.05358028
17.65569687
0
0
0
5.885232925
8.516359329
0
0
17.03271866
0
19.25448799
28.88173294
0
0
0
8.871991158
0
0
0
0
0
0
0
18.73643112
0
0
0
0
2.491151094
2.491151094
0
0
0
0
0
12.49679947
0
0
0
0
0
0
0
0
9.167221069
0
0
0
0
0
0
0
0
0
0
0
0
13.6004982
13.6004982
6.8002491
6.8002491
0
0
0
0
0
0
9.08672905
4.543364525
2.271682262
0
4.460705757
2.230352879
0
0
0
0
0
0
0
0
0
0
0
0
0
0
-0.4
6.9
0
0
0
0
0
0
0
0
0
0
0
0
0
0
0
0
0
0
0
0
0
0
0
0
0
0
0
0
0
3.369801998
3.369801998
0
0
0
0
0
0
6.404221058
6.404221058
0
0
5.259981632
0
2.629990816
0
2.629990816
0
2.218756676
4.437513351
0
0
0
1.882139206
0
1.882139206
5.646417618
4.87417078
2.43708539
0
0
3.590520144
0
0
0
11.22775936
11.22775936
11.22775936
5.613879681
5.613879681
12.66376019
8.44250679
12.66376019
0
0
0
0
3.915100813
3.915100813
3.915100813
6.364446163
0
0
3.182223082
6.364446163
6.524539948
13.0490799
0
0
0
13.0490799
6.113451481
15.28362846
0
9.170176506
0
9.072768211
9.072768211
0
4.536384106
0
0
10.84364319
16.26546478
0
0
9.202395439
0
0
9.202395439
0
0
3.544755697
0
7.089511395
0
0
3.895970821
0
0
0
7.94661808
7.94661808
7.94661808
3.97330904
11.91992664
8.61463356
4.30731678
4.30731678
8.61463356
12.92194939
0
0
0
7.364417553
0
0
5.242783546
0
10.48556709
0
0
0
0
2.689953566
13.44976807
0
0
0
17.01458359
0
0
0
0
0
9.459311485
9.459311485
0
0
14.08565998
14.08565998
21.12849045
49.47119522
0
0
0
12.36779881
12.08503342
0
0
18.12755203
0
6.655189514
6.655189514
0
6.655189514
6.655189514
16.78844643
0
41.97111893
0
8.394223213
0
0
0
49.67362976
0
18.7453022
0
0
37.4906044
0
0
0
0
0
0
0
0
0
0
0
11.59498978
0
0
11.59498978
0
0
7.861078739
0
0
0
0
0
0
4.960513115
0
0
8.092315674
0
0
0
4.046157837
0
9.594227791
0
0
0
0
5.798053741
0
0
11.59610748
0
0
0
0
6.72852087
0
0
11.03670406
0
0
11.03670406
0
0
0
0
7.632353306
0
0
12.38817596
24.77635193
0
14.22868061
7.114340305
14.22868061
0
7.114340305
0
0
0
0
28.2426796
0
0
0
0
0
0
0
0
0
0
0
0
0
4.097564697
8.195129395
0
6.216128349
18.64838409
0
0
0
0
18.942976
0
9.471487999
6.629563808
0
0
6.629563808
0
14.50075912
0
0
0
7.250379562
0
6.437639713
12.87527943
6.437639713
0
0
3.86249423
3.86249423
11.58748245
3.86249423
0
0
0
0
0
0
6.265786171
6.265786171
6.265786171
0
6.265786171
0
0
0
0
0
0
0
0
0
0
0
0
0
0
0
0
0
0
0
0
0
0
0
0
0
4.329973221
8.659946442
0
4.329973221
0
0
0
0
0
0
4.685492516
4.685492516
0
0
0
0
0
0
0
0
0
-0.4
6.9
2.39242363
0
0
0
0
0
0
0
3.137494564
3.137494564
0
0
0
0
2.824716806
0
0
0
0
0
0
0
0
0
0
0
6.556988716
0
0
0
0
0
0
0
0
0
0
0
0
0
0
5.543532372
11.08706474
0
16.63059807
0
0
4.354726315
4.354726315
2.177363157
6.532090187
5.079913616
5.079913616
3.386608839
0
1.69330442
4.262103558
2.131051779
0
0
2.648361206
5.296722412
2.648361206
0
0
0
4.90214777
24.51073837
14.70644474
0
15.0994873
0
5.033162594
10.06632519
4.153208256
0
4.153208256
8.306416512
4.153208256
1.570362926
0
0
0
0
0
0
0
0
5.230248451
5.230248451
5.743606091
2.871803045
8.615408897
0
0
2.100585938
0
0
0
6.301758289
0
0
0
8.871566772
5.914378166
1.872926116
7.491704464
0
1.872926116
5.618778706
2.971136332
5.942272663
5.942272663
5.942272663
0
4.179385662
0
4.179385662
0
4.179385662
11.62937355
11.62937355
0
3.876457691
11.62937355
0
0
0
4.253656387
0
0
5.038887501
5.038887501
0
5.038887501
14.24909973
0
0
0
0
12.35393047
0
4.117976665
0
0
18.10297394
6.034325123
0
0
12.06865025
0
0
4.956199646
4.956199646
14.86860085
4.956199646
13.11075592
13.11075592
26.22151184
26.22151184
0
0
19.59279251
19.59279251
0
9.796396255
7.099968433
0
7.099968433
0
0
0
20.82353973
0
0
0
0
0
10.54563522
0
0
25.7917614
0
0
12.8958807
12.8958807
0
8.581103325
17.16220665
8.581103325
8.581103325
0
0
5.385615349
0
0
0
0
0
0
0
0
0
0
0
0
0
0
0
0
0
0
0
0
0
0
0
0
4.8711133
0
4.8711133
4.8711133
0
0
0
0
0
0
21.25431633
0
0
31.88147545
9.041857719
0
0
27.12557602
0
9.072406769
0
0
0
0
0
0
0
14.10518456
0
14.10518456
0
0
0
12.02357197
24.04714394
14.28816032
9.525440216
0
4.762720108
23.81360054
0
14.06720734
14.06720734
14.06720734
14.06720734
0
0
17.67602158
17.67602158
0
0
15.12181759
7.560908794
0
0
5.18779707
5.18779707
10.37559414
0
10.37559414
0
16.44331932
0
8.22165966
24.66498184
0
7.213700294
7.213700294
7.213700294
0
0
9.981556892
0
0
29.94467163
0
0
0
14.81981182
0
6.387994766
6.387994766
0
0
19.16398239
12.77598953
13.35987186
0
6.679935932
0
0
0
0
8.371002197
8.371002197
0
5.503746033
11.00749207
11.00749207
0
0
0
8.104070663
4.052035332
0
4.052035332
3.435417891
6.870835781
0
0
0
0
4.626918793
0
0
0
0
0
0
0
0
6.828132153
0
0
0
0
0
0
0
0
0
0
0
0
0
0
0
0
1.773840904
0
0
0
0
13.23676586
0
0
0
-0.4
6.9
0
0
0
0
0
0
0
0
0
0
0
0
0
0
0
0
0
0
0
0
0
0
0
0
0
6.363482952
0
0
0.636348307
0
0
5.269660473
2.634830236
5.269660473
0
0
0
0
0
0
7.902128696
9.09397316
4.54698658
13.64096069
4.54698658
0
0
0
0
0
0
0
15.36400509
7.682002544
0
15.36400509
2.240719318
4.481438637
2.240719318
0
0
5.165269852
0
0
0
7.014134407
10.52120113
3.507067204
7.014134407
0
6.410749435
0
0
6.410749435
3.796369076
0
3.796369076
7.592738152
0
11.5944109
0
0
3.864803791
7.729607582
0
0
3.575853825
7.151707649
3.575853825
3.575853825
2.698757887
2.698757887
5.397515774
2.698757887
0
0
0
0
4.66748333
0
0
4.941626549
1.647208929
0
0
0
9.084765434
4.542382717
0
0
7.13104105
0
7.13104105
3.565520525
3.565520525
0
4.599720001
9.199440002
13.79915905
4.599720001
0
6.575906277
6.575906277
13.15181255
0
0
0
13.87285042
4.624283314
4.624283314
7.130491257
21.39147377
0
0
0
0
5.235378265
5.235378265
2.617689133
0
0
0
6.725157261
0
0
11.71317673
5.856588364
11.71317673
0
0
0
0
0
14.34906578
9.566043854
9.566043854
0
13.09702492
6.548512459
13.09702492
0
26.25889969
13.12944984
0
0
0
12.58403206
0
12.58403206
0
0
9.972748756
0
0
9.972748756
0
18.82567596
18.82567596
0
0
9.412837982
0
7.579127312
15.15825462
0
7.579127312
12.39874744
0
0
6.199373722
30.99686813
8.393280983
0
0
0
16.78656197
0
0
25.06749535
0
25.06749535
8.972367287
0
0
0
0
0
0
0
0
0
0
0
0
0
22.53624916
0
0
0
0
0
0
0
16.60658264
0
0
0
0
0
0
0
0
0
7.850857735
0
0
0
42.55831146
42.55831146
0
0
10.63957787
10.63957787
0
0
0
0
0
0
0
26.8480587
0
0
0
13.79842567
13.79842567
0
0
6.014162064
18.04248619
0
0
12.02832413
0
0
13.8911972
20.83679771
0
0
23.93165398
7.977217674
7.977217674
7.977217674
13.78943634
0
6.89471817
0
0
0
5.815302372
11.63060474
17.44590759
17.44590759
0
12.77737427
38.3321228
0
0
11.66125488
0
11.66125488
0
11.66125488
0
22.81565475
7.60521841
15.21043682
15.21043682
37.58812332
0
0
0
0
0
13.67795658
0
0
0
0
0
0
0
0
0
0
0
0
0
0
0
0
0
0
0
0
0
0
0
0
0
0
0
0
0
0
0
0
0
0
0
0
0
0
0
0
0
0
0
0
0
0
0
0
0
6.198073864
0
0
0
0
0
0
0
0
0
0
-0.4
6.9
0
0
0
0
0
0
0
0
0
0
0
0
0
0
0
0
0
0
0
0
5.88171339
2.940856695
0
0
0
0
0
0
0
0
0
0
0
0
0
0
0
0
0
0
0
0
0
0
0
0
0
0
13.44662094
8.964413643
0
7.895918369
3.947959185
7.895918369
0
0
0.930309117
0.930309117
2.79092741
0.930309117
0
5.592419624
5.592419624
5.592419624
5.592419624
5.603639126
2.801819563
0
5.603639126
2.801819563
0
0
0
0
0
0
2.24703455
2.24703455
2.24703455
0
0
0
0
1.619804859
3.239609718
4.083867073
0
0
0
8.167734146
0
0
5.215286732
15.64586067
0
0
6.265472412
3.132736206
9.398208618
15.66368103
3.132736206
0
7.23860836
9.651477814
2.412869453
0
3.886054516
7.772109032
0
1.943027258
3.886054516
0
0
0
6.881558895
13.76311779
0
0
0
0
4.305991173
0
3.015207291
3.015207291
6.030414581
0
0
0
6.654367924
3.327183962
0
6.617063522
0
13.23412704
19.85119057
6.617063522
8.484480858
4.242240429
4.242240429
0
0
5.059028149
0
0
2.529514074
2.529514074
4.188800812
0
4.188800812
12.56640148
12.56640148
8.377601624
13.07962418
19.61943817
6.539812088
0
6.539812088
0
0
0
0
0
0
0
0
8.538679123
0
10.19416046
30.58248138
0
0
20.38832092
23.3935833
0
0
23.3935833
0
8.474484444
8.474484444
25.42345238
8.474484444
0
8.238912582
16.47782516
24.71673775
0
0
0
22.08092308
0
0
0
0
0
0
0
23.52270508
0
0
0
0
0
0
0
0
0
0
0
0
4.349923134
0
0
8.699846268
0
0
0
0
0
0
0
0
0
0
0
0
0
0
0
0
0
22.92932129
0
0
12.87304688
12.87304688
0
0
0
0
0
26.0013752
0
0
0
0
0
0
0
0
9.513120651
19.0262413
9.513120651
0
9.513120651
0
0
0
0
0
6.257791519
0
0
6.257791519
6.257791519
8.311137199
8.311137199
8.311137199
0
8.311137199
0
62.18677902
0
10.36446381
0
0
0
0
14.6761198
9.784080505
15.21833611
0
0
7.609168053
7.609168053
3.455996037
0
0
3.455996037
6.911992073
0
16.72158623
5.573862553
16.72158623
0
23.98161316
23.98161316
23.98161316
0
0
0
10.54876328
10.54876328
10.54876328
0
0
1.422954202
1.422954202
0
0
0
0
0
0
4.585771084
4.585771084
3.037175179
3.037175179
0
3.037175179
0
0
0
0
6.684346676
0
2.107632637
4.215265274
4.215265274
0
4.215265274
4.967124939
0
0
0
0
0
0
0
0
3.197909117
0
0
5.238535881
0
0
5.439186096
5.439186096
0
0
0
0
0
0
0
0
0
0
0
0
0
0
0
0
0
0
0
-0.4
6.9
0
0
0
0
0
0
0
0
0
0
0
0
0
0
0
0
0
0
0
0
0
4.99818325
0
0
4.99818325
0
0
0
0
0
0
0
0
0
0
0
0
4.611633778
0
0
0
0
0
4.150176525
0
0
0
0
0
0
0
8.05095768
4.02547884
0
0
12.07643604
1.629901767
3.259803534
3.259803534
2.106761932
2.106761932
6.320285797
6.320285797
4.213523865
0
0
2.3735075
7.120522499
0
0
0
4.125010014
0
4.125010014
0
0
0
0
3.451454401
3.974249601
1.987124801
1.987124801
1.987124801
0
8.832725525
0
8.832725525
0
4.416362762
0
0
0
0
0
0
5.502236366
0
2.751118183
2.751118183
0
0
0
8.610809326
2.152702332
0
0
7.889945507
11.83491802
3.944972754
0
0
2.018706322
4.037412643
0
0
9.665026665
0
0
7.248770237
0
3.45100975
0
0
13.804039
3.45100975
6.366491318
0
6.366491318
0
0
6.411644936
0
3.205822468
0
3.205822468
0
4.748499393
4.748499393
4.748499393
0
0
5.731636047
5.731636047
0
0
2.417231321
7.13615942
3.179971695
3.625847101
2.417231321
0
10.11781502
10.11781502
0
0
0
10.14297104
0
10.14297104
10.14297104
0
0
0
0
0
13.20264053
0
0
9.906779289
0
0
0
0
0
0
0
0
0
0
12.41269684
0
0
0
13.84237766
13.84237766
0
0
0
0
0
0
0
5.639836788
5.639836788
0
5.639836788
0
0
0
0
0
0
0
0
23.6850853
0
0
0
0
0
0
0
0
0
0
0
0
0
0
0
0
0
0
0
0
0
0
0
0
0
0
0
0
0
0
0
0
0
0
0
33.41584015
0
0
0
0
0
0
12.90796947
0
9.587234497
28.76170158
0
0
0
0
0
0
0
0
0
0
10.64665604
10.64665604
10.14826584
10.14826584
40.59306335
0
0
0
23.37534714
0
0
0
0
0
33.30913925
0
0
14.65913486
0
7.329567432
0
0
3.924328566
0
0
3.924328566
0
0
12.4365387
6.218269348
0
0
0
0
0
0
0
0
7.245438576
0
14.49087715
7.245438576
0
9.233884811
0
0
0
0
0
0
1.716566682
1.716566682
0
0
2.088086367
0
4.176172733
2.088086367
0
0
0
6.793778419
10.19066811
0
5.282691956
10.56538391
5.282691956
5.282691956
2.923736572
0
0
0
0
0
0
0
0
0
0
0
0
0
0
0
0
0
8.000528336
0
0
0
0
0
0
0
0
0
0
0
0
0
0
0
8.018498421
0
-0.4
6.9
4.360812664
0
0
0
0
0
0
0
0
0
0
0
0
0
0
1.379018664
1.379018664
1.379018664
0
0
0
0
0
0
0
0
0
0
0
3.527362823
5.291044235
0
0
0
0
0
0
0
3.129529476
6.259058952
0
0
2.268982649
4.537965298
4.537965298
0
5.480638981
0
2.74031949
0
0
0
0
0
0
6.926968575
0
3.474269629
3.474269629
0
0
0
0
5.01781559
5.490615368
2.745307684
8.235922813
0
5.490615368
0
0
4.92026186
0
2.46013093
7.467171192
9.956227303
4.978113651
0
4.978113651
0
7.925650597
0
2.641883373
2.641883373
4.721111298
14.16333485
14.16333485
0
0
9.442222595
0
0
5.307143211
0
5.307143211
2.947428703
2.947428703
0
2.947428703
0
6.962876797
0
6.962876797
0
0
2.954086304
5.908172607
8.862258911
2.954086304
5.908172607
2.413199186
4.826398373
2.413199186
2.413199186
0
3.522763968
0
3.522763968
0
10.56829166
9.138391495
0
0
0
9.138391495
9.617722511
8.0147686
1.602953672
0
0
5.09708786
5.09708786
5.09708786
2.54854393
5.09708786
0
0
0
7.154267311
3.577133656
6.572623253
0
3.286311626
0
0
9.360785484
9.360785484
0
9.360785484
0
0
21.89341545
0
0
10.94670773
21.89341545
30.13579369
0
0
0
0
0
16.85041046
0
0
0
3.522638321
7.045276642
10.56791496
3.522638321
0
0
11.45014954
0
22.90029907
0
0
5.614706993
11.22941399
5.614706993
0
9.885434151
0
9.885434151
29.65630341
9.885434151
0
0
0
0
0
0
0
0
0
0
37.56805038
0
0
0
0
0
0
0
0
0
0
0
0
0
0
4.476633072
0
9.734689713
0
0
0
0
0
0
0
0
0
0
4.510212898
0
0
0
0
0
24.73371887
0
0
0
0
0
0
34.09360123
0
0
22.72906876
0
0
0
0
0
9.196615219
18.39323044
0
0
0
0
0
0
24.8442955
0
0
0
38.23302841
9.558257103
9.558257103
0
19.11651421
12.73104668
0
12.73104668
0
0
21.58778191
0
0
0
10.79389095
0
0
12.31847668
0
0
0
0
0
0
0
13.89018631
0
0
6.945093155
0
0
11.61163521
5.805817604
11.61163521
0
0
0
0
0
21.71751976
7.082497597
0
0
0
7.082497597
7.082497597
0
0
0
6.891955376
6.891955376
0
0
3.666668415
7.33333683
3.666668415
3.791776896
0
0
0
0
0
0
8.386872292
0
0
0
0
0
0
0
4.669393539
0
0
0
0
0
0
0
0
0
0
0
0
0
0
5.646723747
5.646723747
0
0
0
0
0
0
0
0
0
0
0
0
0
0
0
0
0
0
0
-0.4
6.9
0
0
0
0
0
0
0
0
0
0
0
0
0
0
0
0
0
0
0
0
0
1.547757268
0
0
1.547757268
4.433148861
0
0
0
0
0
0
0
3.745867729
3.745867729
0
1.654390216
1.654390216
0
0
0
6.298997879
2.09966588
0
0
4.19933176
4.555139065
0
9.11027813
0
0
0
0
0
0
0
0
0
0
0
0
0
2.329430819
4.658861637
0
0
0
6.585924625
0
0
10.88528728
5.442643642
5.442643642
0
7.744579315
12.90763187
5.163053036
0
5.163053036
12.44195461
12.44195461
0
0
24.88390923
0
3.621974945
7.24394989
0
0
7.24394989
0
0
0
2.619040012
0
0
0
7.137777805
14.27555561
0
10.67632961
7.117553711
0
0
0
0
2.361256361
2.361256361
2.361256361
4.722512722
3.341108084
10.02332401
6.682216167
3.341108084
0
3.714337111
0
7.428674221
3.714337111
3.714337111
2.256756306
2.256756306
4.513512611
6.770268917
6.770268917
0
0
0
0
0
0
2.361136913
2.361136913
7.083411694
2.361136913
0
4.763504505
19.05401802
0
9.52700901
0
0
17.06059456
0
0
0
0
0
0
0
6.048356533
0
23.80834389
15.87222958
0
15.87222958
0
17.66417122
0
8.832085609
8.832085609
0
0
16.51255417
0
0
0
0
20.91895866
0
20.91895866
0
0
0
0
0
0
7.758607864
0
0
0
0
21.5328846
0
0
0
0
0
0
6.888849258
20.66654778
0
4.239074707
4.239074707
4.239074707
8.478149414
0
0
0
0
0
0
0
0
0
0
0
0
0
0
0
0
0
0
0
0
0
0
0
0
0
0
0
0
19.63658905
0
0
0
0
0
0
0
0
0
18.61510277
0
0
0
0
0
0
0
0
0
0
0
0
10.30696678
0
0
0
0
0
13.91011429
0
0
13.91011429
0
9.382620811
0
0
0
0
5.646895409
0
0
11.29379082
16.94068718
0
0
16.9186573
0
8.459328651
0
0
11.30040646
5.650203228
0
16.20475769
24.30713654
16.20475769
8.102378845
0
0
0
0
12.90599251
0
0
0
0
12.17481995
0
14.69363117
7.346815586
0
14.69363117
7.346815586
0
0
0
18.01569748
9.00784874
0
0
12.78626251
0
0
0
0
8.967140198
0
0
8.967140198
0
0
0
0
0
6.639533043
0
0
0
0
0
0
0
0
0
0
0
0
0
0
0
0
0
0
0
0
0
0
0
0
0
0
0
0
0
0
0
0
0
0
0
0
0
0
0
0
0
0
0
0
0
-0.4
6.9
0
0
1.470066547
1.470066547
2.940133095
0
0
0
0
0
0
0
0
0
0
0
0
0
0
0
0
0
0
0
0
0
0
0
0
0
0
0
0
0
0
0
0
0
0
0
0
0
0
0
0
0
0
0
0
0
0
0
0
0
0
0
0
0
5.09606123
5.09606123
0
0
0
0
13.35789967
6.403514385
0
3.201757193
0
6.403514385
12.75097752
8.50065136
12.75097752
21.25162697
0
0
23.32393456
15.54929066
0
15.54929066
0
0
13.73887539
13.73887539
0
6.861580849
20.58473969
6.861580849
0
6.861580849
6.861580849
4.636246204
6.954369545
0
2.318123102
4.636246204
4.286141872
4.286141872
0
6.429213047
2.143070936
3.059902191
0
0
6.119804382
6.119804382
0
6.800209522
0
0
3.400104761
0
0
3.410959959
3.410959959
0
3.905197382
0
7.810394764
0
0
0
4.19184494
0
0
4.19184494
7.154545307
7.154545307
3.577272654
3.577272654
7.154545307
0
7.346525192
0
0
7.346525192
16.30988884
10.87325954
5.436629772
0
0
7.015734196
21.04720306
14.03146839
0
0
6.654374599
0
0
3.3271873
3.3271873
0
0
6.937125683
0
0
13.87425137
9.09559536
9.09559536
0
18.19119072
9.09559536
0
19.28244591
0
0
6.427482128
0
0
0
0
0
0
0
0
0
0
0
19.02539635
0
0
0
0
7.840400219
0
0
0
0
0
0
6.104830265
6.104830265
0
0
0
0
0
6.495063782
0
0
6.495063782
6.495063782
0
3.948799133
3.948799133
19.74399567
3.948799133
0
0
0
0
1.659101725
1.659101725
0
0
0
0
0
0
0
0
0
0
0
0
0
0
0
0
0
0
0
8.443027496
0
0
0
0
0
0
36.71282196
0
0
18.35641098
18.35641098
9.965802193
0
9.965802193
0
0
0
14.04379654
0
0
21.06569481
0
10.44076252
20.88152504
10.44076252
10.44076252
7.045961857
0
0
0
21.13788605
0
0
56.26922226
0
0
14.40301037
14.40301037
0
14.40301037
14.40301037
10.12000275
25.30000687
0
0
0
0
6.036925793
10.56461906
5.282309532
0
25.37530899
0
0
12.6876545
0
10.39894962
0
10.39894962
0
0
0
12.94501686
6.47250843
0
0
0
0
0
0
0
0
0
8.113318443
8.113318443
0
0
0
0
0
0
0
0
0
0
0
0
0
0
0
0
0
4.288933754
4.288933754
4.288933754
4.288933754
0
0
5.649871826
2.824935913
0
5.649871826
0
0
0
0
0
0
0
3.972040176
0
0
2.609386206
5.218772411
2.609386206
0
5.218772411
0
0
6.118114948
0
0
0
0
0
0
0
0
0
0
0
0
0
-0.4
6.9
0
0
0
0
0
0
0
0
0
0
0
0
0
0
0
0
0
0
3.96952033
0
7.378833771
3.689416885
3.689416885
0
0
0
0
0
0
0
7.363872051
5.27257061
0
0
0
0
0
0
0
0
0
0
0
0
0
0
0
0
0
0
0
0
0
0
3.376774788
10.13032341
4.742258549
0
0
4.304630756
0
4.304630756
4.304630756
0
12.54309368
0
0
0
0
7.190455914
0
0
0
0
0
0
0
0
7.461357594
4.852180481
4.852180481
2.42609024
4.852180481
0
2.635193825
2.635193825
0
5.27038765
7.905581951
0
11.74615765
0
11.74615765
3.915385962
0
0
0
16.71267319
11.14178181
0
3.364544153
6.729088306
0
3.364544153
10.0936327
8.103861809
0
12.15579224
8.103861809
8.103861809
5.093116283
0
0
0
15.27934837
0
0
0
0
0
-0.4
6.9
0
0
0
0
0
0
0
0
0
0
0
0
0
0
0
0
0
0
0
0
0
0
0
0
6.266465664
0
0
0
0
0
0
0
0
0
0
0
1.533081055
1.533081055
0
0
0
0
0
0
0
0
0
0
0
0
0
0
0
5.026146889
5.026146889
7.539220333
6.645421982
0
2.215140581
3.988884211
0
0
0
7.977768421
0
2.733337402
2.733337402
5.466674805
5.466674805
8.596485138
4.298242569
0
0
8.596485138
0
3.474841356
1.737420678
1.737420678
1.737420678
0
6.022594452
6.022594452
6.022594452
0
0
0
0
0
3.795866728
0
0
0
0
4.755931377
9.511862755
1.544246793
0
0
3.088493586
4.632740498
0
0
0
5.900076389
5.900076389
8.806294441
0
5.870862484
0
5.870862484
0
6.382577419
0
0
0
1.623079419
0
3.246158838
1.623079419
3.246158838
6.450452328
6.450452328
0
3.225226164
6.450452328
5.594286442
0
11.18857288
0
5.594286442
30.90359879
0
23.17769623
0
0
6.246246338
18.73873711
0
0
0
0
0
0
0
6.192090988
0
2.952169418
0
2.952169418
2.952169418
0
4.510734081
0
0
0
0
25.41631889
0
12.70815945
0
25.41631889
0
0
0
0
25.56692314
8.393416405
8.393416405
0
8.393416405
4.196708202
0
0
11.805089
0
0
4.85123539
4.85123539
14.55370426
4.85123539
14.55370426
7.68205452
0
3.84102726
0
11.52308178
0
0
13.7232151
0
4.574405193
8.553061485
8.553061485
0
8.553061485
8.553061485
30.23968887
0
0
0
0
0
0
3.663449049
7.326898098
3.663449049
0
11.47791672
0
0
0
0
0
0
0
0
0
0
0
0
0
0
0
0
18.44607735
0
0
0.361277938
1.210275412
1.735066414
3.736883879
7.004472256
20.77160645
13.84773922
6.92386961
6.92386961
0
0
0
0
0
10.33246803
0
8.254554749
0
8.254554749
24.76366425
8.254554749
0
0
19.69386292
0
0
12.97475815
0
12.97475815
0
0
4.149777889
4.149777889
12.44933414
0
0
15.54737568
15.54737568
15.54737568
0
15.54737568
19.65882111
9.829410553
0
0
9.829410553
12.52870464
6.264352322
6.264352322
6.264352322
12.52870464
4.739904881
4.739904881
9.479809761
0
0
5.613265038
11.22653008
0
0
11.22653008
13.76056671
0
0
0
0
0
5.939267159
0
5.939267159
0
0
0
5.48063612
10.96127224
0
0
1.948458552
1.948458552
0
0
3.896917105
3.843032598
3.843032598
0
0
0
0
0
0
0
2.541498423
0
0
0
6.427914143
0
0
0
0
0
0
0
0
0
0
0
0
0
0
4.814929962
0
0
0
0
0
0
0
0
0
0
0
0
0
0
0
0
0
0
0
0
0
0
0
0
3.21362257
0
0
