19790101
-99
-99
-99
-99
-99
-99
-99
-99
-99
-99
-99
-99
-99
-99
-99
-99
-99
-99
-99
-99
-99
-99
-99
-99
-99
-99
-99
-99
-99
-99
-99
-99
-99
-99
-99
-99
-99
-99
-99
-99
-99
-99
-99
-99
-99
-99
-99
-99
-99
-99
-99
-99
-99
-99
-99
-99
-99
-99
-99
-99
-99
-99
-99
-99
-99
-99
-99
-99
-99
-99
-99
-99
-99
-99
-99
-99
-99
-99
-99
-99
-99
-99
-99
-99
-99
-99
-99
-99
-99
-99
-99
-99
-99
-99
-99
-99
-99
-99
-99
-99
-99
-99
-99
-99
-99
-99
-99
-99
-99
-99
-99
-99
-99
-99
-99
-99
-99
-99
-99
-99
-99
-99
-99
-99
-99
-99
-99
-99
-99
-99
-99
-99
-99
-99
-99
-99
-99
-99
-99
-99
-99
-99
-99
-99
-99
-99
-99
-99
-99
-99
-99
-99
-99
-99
-99
-99
-99
-99
-99
-99
-99
-99
-99
-99
-99
-99
-99
-99
-99
-99
-99
-99
-99
-99
-99
-99
-99
-99
-99
-99
-99
-99
-99
-99
-99
-99
-99
-99
-99
-99
-99
-99
-99
-99
-99
-99
-99
-99
-99
-99
-99
-99
-99
-99
-99
-99
-99
-99
-99
-99
-99
-99
-99
-99
-99
-99
-99
-99
-99
-99
-99
-99
-99
-99
-99
-99
-99
-99
-99
-99
-99
-99
-99
-99
-99
-99
-99
-99
-99
-99
-99
-99
-99
-99
-99
-99
-99
-99
-99
-99
-99
-99
-99
-99
-99
-99
-99
-99
-99
-99
-99
-99
-99
-99
-99
-99
-99
-99
-99
-99
-99
-99
-99
-99
-99
-99
-99
-99
-99
-99
-99
-99
-99
-99
-99
-99
-99
-99
-99
-99
-99
-99
-99
-99
-99
-99
-99
-99
-99
-99
-99
-99
-99
-99
-99
-99
-99
-99
-99
-99
-99
-99
-99
-99
-99
-99
-99
-99
-99
-99
-99
-99
-99
-99
-99
-99
-99
-99
-99
-99
-99
-99
-99
-99
-99
-99
-99
-99
-99
-99
-99
-99
-99
-99
-99
-99
-99
-99
-99
-99
-99
-99
-99
-99
-99
-99
-99
-99
-99
-99
-99
-99
-99
-99
-99
-99
-99
-99
-99
-99
-99
-99
-99
-99
-99
-99
-99
-99
-99
-99
-99
-99
-99
-99
-99
-99
-99
-99
-99
-99
-99
-99
-99
-99
-99
-99
-99
-99
-99
-99
-99
-99
-99
-99
-99
-99
-99
-99
-99
-99
-99
-99
-99
-99
-99
-99
-99
-99
-99
-99
-99
-99
-99
-99
-99
-99
-99
-99
-99
-99
-99
-99
-99
-99
-99
-99
-99
-99
-99
-99
-99
-99
-99
-99
-99
-99
-99
-99
-99
-99
-99
-99
-99
-99
-99
-99
-99
-99
-99
-99
-99
-99
-99
-99
-99
-99
-99
-99
-99
-99
-99
-99
-99
-99
-99
-99
-99
-99
-99
-99
-99
-99
-99
-99
-99
-99
-99
-99
-99
-99
-99
-99
-99
-99
-99
-99
-99
-99
-99
-99
-99
-99
-99
-99
-99
-99
-99
-99
-99
-99
-99
-99
-99
-99
-99
-99
-99
-99
-99
-99
-99
-99
-99
-99
-99
-99
-99
-99
-99
-99
-99
-99
-99
-99
-99
-99
-99
-99
-99
-99
-99
-99
-99
-99
-99
-99
-99
-99
-99
-99
-99
-99
-99
-99
-99
-99
-99
-99
-99
-99
-99
-99
-99
-99
-99
-99
-99
-99
-99
-99
-99
-99
-99
-99
-99
-99
-99
-99
-99
-99
-99
-99
-99
-99
-99
-99
-99
-99
-99
-99
-99
-99
-99
-99
-99
-99
-99
-99
-99
-99
-99
-99
-99
-99
-99
-99
-99
-99
-99
-99
-99
-99
-99
-99
-99
-99
-99
-99
-99
-99
-99
-99
-99
-99
-99
-99
-99
-99
-99
-99
-99
-99
-99
-99
-99
-99
-99
-99
-99
-99
-99
-99
-99
-99
-99
-99
-99
-99
-99
-99
-99
-99
-99
-99
-99
-99
-99
-99
-99
-99
-99
-99
-99
-99
-99
-99
-99
-99
-99
-99
-99
-99
-99
-99
-99
-99
-99
-99
-99
-99
-99
-99
-99
-99
-99
-99
-99
-99
-99
-99
-99
-99
-99
-99
-99
-99
-99
-99
-99
-99
-99
-99
-99
-99
-99
-99
-99
-99
-99
-99
-99
-99
-99
-99
-99
-99
-99
-99
-99
-99
-99
-99
-99
-99
-99
-99
-99
-99
-99
-99
-99
2.141383886
0
0
0
0
0
0
0
0
0
0
0
0
0
0
0
0
1.545380235
0
0
0
0
1.806284785
0
0
3.376040697
2.250694275
0
0
0
0
0
0
0
2.117211819
0
0
0
0
0
2.251040936
0
0
0
0
2.792035103
0
0.898637474
0.475749254
0
13.37383938
0
0
0.919092655
4.804347992
0.501323223
0
1.561484456
0
0
0
1.12629509
19.70480156
0
0.364796549
1.276787877
0
12.67667866
1.969901085
1.848157525
5.704409599
5.082433701
2.399050951
35.50595093
23.75815201
0
1.818805814
1.818805814
0
0
0
0
6.092535973
3.118798018
3.872103691
1.996553421
10.22477531
11.55581093
0
0
18.08432961
1.477478027
0.827387691
0
1.950271249
7.56846571
3.087137222
0
1.344398499
3.236514807
8.393262863
0
0
0
0
0
0
0.53415513
2.029789448
5.23472023
1.364099979
4.106812
0.740096807
0
0.594979823
0.213850588
0
0.278005719
16.70173073
11.12022972
10.87619972
37.47626877
21.37949753
0
0
4.132275581
2.67271018
2.919130564
3.810034275
5.572885513
2.946504593
5.467402935
0
0
1.636947036
0
0
3.607596397
10.74990749
5.174532413
10.82441044
16.04394531
12.89120483
2.45213151
5.394689083
10.95159054
4.387041092
0
4.611196518
1.921331882
2.753908873
0
0
9.555484772
0
6.147584915
0
6.599719048
3.076895714
2.809339523
4.147120476
12.86134434
0
6.143589497
5.311046124
0
0
5.895973682
4.144450188
10.23777962
7.474811554
14.75518799
5.9404006
0
20.92553902
10.73104572
10.65328407
8.795152664
0
8.547403336
0
7.688400745
0
0
15.0794611
0
10.78537941
0
33.10815048
5.897326946
4.452679634
6.947445869
0
0
13.7638092
0
14.7282753
0
0
0
0
0
0
11.41084671
0
0
0
18.00991631
0
0
0
0
8.675581932
0
0
8.98373127
5.997055531
8.990634918
0
7.471527576
6.076429367
0
8.71353054
12.91187
0
0
0
0
0
20.10779381
15.17224407
0
0
0
0
0
0
0
0
0
0
0
19.59500694
11.97590733
4.250378132
7.618601799
0
5.052336693
12.70343018
3.972342253
14.01410103
2.984297752
9.598146439
4.858961582
4.523860931
0
0
24.74160957
9.586452484
5.157137394
9.939966202
8.546709061
5.614625454
6.492584705
41.60411072
0
13.43050957
3.82054615
0
7.273739338
10.71919441
0
7.04404211
0.786597311
0.500853837
1.444770575
0
0
7.765707493
0
7.765707493
0
0
0
10.13273239
5.044433594
22.98506927
4.868975163
0
0
0
0
0
0
0
5.290543556
5.53951025
7.780211926
10.94525528
0
10.26117706
0
5.472628117
22.40356636
8.59823513
0
0
0
0
0
0
0
4.876027107
0
0
0
0
2.30853796
0
1.677270412
0
0
0
0
0
0
0
0
0
0
0
1.962455869
0
0
0
0
0
0
0
0
0
0
0
0
0
0
15.12780762
0
0
0
0
0
0
0
0
0
0
0
0
0
0
0
0
0
0
0
0
0
2.534972191
0
0
0
0
0
0
0
0
0
0
0
4.155043602
0
0
0
0
3.650711775
1.49547267
0
0
0
0
0
0
0
0
0
0
0
0
0
2.490240097
0
0
0
0
0
0
0
0
9.317144394
0
3.143897295
2.660220861
14.26845646
1.45102942
4.111249924
24.37870216
7.077688217
0
0
7.077688217
4.715631485
4.126177788
4.715631485
7.443747997
0
0
0
0
0
0
0
0.294525474
1.396268845
7.063187599
0
1.136604905
0
0.893046737
8.872235298
11.57248211
14.85135174
21.60196877
2.314496517
0
13.67641068
0
0
0
0
0
0
0
2.783576965
0
0
0
5.749252319
5.749252319
0
4.066070557
5.421427727
6.099105835
1.355356932
21.68571091
11.38745785
0
0
0
1.988286138
0
0
1.592684746
0
6.754518032
0
15.77581978
2.300640345
2.300640345
0
3.981408596
3.981408596
0
18.20072556
4.550181389
9.937674522
4.968837261
4.968837261
0
4.968837261
4.651025295
12.20894051
8.139293671
8.139293671
0
5.723151684
5.723151684
0
0
0
0
0
0
12.0027647
0
0
0
5.246981144
0
5.246981144
1.806025028
6.676820278
1.094560623
3.338410139
8.373390198
5.691714764
0
13.09406281
0
29.1938839
0
0
0
0
7.835347652
5.262546539
0
0
0
15.57309628
0
0
4.400783062
13.98720264
4.12047863
0
0
0
0
0
0
11.79626274
11.79626274
0
13.48144436
0
0
0
0
19.45283127
22.84576225
0
0
0
0
0
17.78974342
0
0
10.1655674
0
0
0
10.14097404
0
11.58968449
14.02125263
0
0
0
0
0
0
0
0
0
0
0
0
0
0
0
0
0
0
0
0
0
10.37751102
20.75502205
0
0
0
31.89369583
0
0
0
0
0
13.57220745
0
0
0
19.79479408
0
0
0
0
3.627494335
4.301402569
1.592873216
1.705728531
0
17.07863998
0
0
0
0
4.58833456
2.543307543
3.083111525
6.52955246
2.647115946
0
0.516815364
0.776789129
0.563798547
7.216621876
0
0
2.01656127
6.329088211
0
0
5.026058197
0
0
7.115542889
0
0
10.20348549
0
0
2.83690691
11.44219208
2.235138655
0
6.980511189
41.83142853
0
0
6.198502064
5.961401463
12.61369801
0
0
22.07397079
12.61369801
0
9.173620224
9.173620224
0
5.242068768
0
0
0
0
0
13.19604111
0
0
0
13.91203213
0
0
0
6.37523222
0
0
0
0
0
6.999475002
0
0
0
8.13138485
0
0
0
0
0
0
0
0
0
0
0
8.151325226
0
0
0
0
0
0
0
0
0
0
0
0
0
0
0
0
0
0
0
2.598438501
0
4.073169231
3.564023018
0
0
0
3.166594505
0
0
0
0
-0.2
7.1
0
0
0
2.678271532
2.678271532
0
0
0
0
0
0
0
0
0
0
0
0
0
0
0
0
0
0
0
0
0
0
0
0
0
0
0
0
0
0
0
0
0
0
0
0
0
0
0
0
0
9.345622063
0
0
4.153608799
0
0
0
0
0
0
0
0
0
0.566034913
0.566034913
0.566034913
0.566034913
0.566034913
0
0
0
0
0
0
0
0
0
0
0
0
0
0
0
11.6204052
0
0
0
0
0
4.902383327
9.804766655
4.902383327
19.60953331
4.902383327
6.095715523
0
12.19143105
0
0
0.941315472
11.9893856
2.477146149
0
0
8.529893875
0
0
0
0
13.05061531
4.350204945
8.700409889
17.40081978
8.700409889
0
0
9.145141602
0
0
4.656525612
9.313051224
4.656525612
0
0
0
0
0
0
0
5.452074051
0
0
0
0
0
0
0
7.901546478
7.901546478
24.25672722
0
0
13.03234005
3.766572475
0
0
0
8.418700218
5.612467289
12.04435158
14.61001396
2.636929274
0
7.411908627
10.61898518
15.49955273
15.49955273
46.49866104
0
7.749776363
0
0
5.421655178
15.62712097
33.68964767
8.428490639
13.37413025
0
16.78732109
26.95723152
0
7.586987495
3.034794807
4.586678505
13.96695328
0
0
0
0
0
0
0
0
0
0
0
0
0
16.98324013
16.98324013
0
0
0
0
0
0
10.30266285
27.04448891
0
0
0
0
0
0
0
0
0
0
0
0
0
0
0
0
0
0
0
0
0
0
0
0
0
0
0
0
0
0
0
0
0
0
0
0
0
0
0
0
0
0
8.028661728
0
0
0
30.68237114
0
0
0
7.599721909
0
7.599721909
7.599721909
0
0
0
0
0
23.29188728
7.763962269
17.74620056
0
0
16.12097549
0
0
8.793259621
10.78802586
0
27.86064529
0
13.93032265
13.93032265
0
0
15.95312786
0
15.95312786
2.585626125
0
0
8.618754387
0
0
0
0
7.9818573
7.9818573
0
0
19.37532234
0
0
0
5.603827
0
5.603827
12.80874825
0
0
9.972949028
0
0
0
0
0
0
0
0
0
0
0
0
0
0
0
0
0
0
0
0
0
0
13.15929794
7.056336403
0
0
0
0
0
9.097057343
0
0
0
0
13.27420902
0
0
6.637104511
0
0
13.20873928
0
0
0
0
0
0
0
8.555199623
3.742899418
0
0
0
0
0
3.109155416
3.109155416
0
0
3.84768486
0
0
0
0
0
0
0
0
0
-0.2
7.1
0
0
0
0
0
0
0
0
0
0
0
0
0
0
0
0
0
0
0
0
0
0
0
0
0
0
0
0
0
0
5.542757988
0
0
0
0
0
0
0
0
0
0
0
0
0
0
0
0
0
0
0
0
0
0
0
0
3.849858284
4.397185326
0
0
0
0
0
0
3.49895072
6.99790144
0
0
0.989968657
12.67159939
0.593981206
4.983920574
1.045015574
0
0
19.45336533
2.545711756
9.228203773
0
4.136781216
26.41175842
0
10.34082031
28.20223427
0
0
0
6.826017857
0
0
0
0
0
0
20.02643776
8.571656227
2.64221549
0
0
0
9.358679771
4.679339886
7.183340549
3.591670275
10.77501202
0
0
0
6.001891136
0
5.479988098
0.91333127
8.033215523
21.08718872
7.029062748
0
14.0581255
4.090593815
0
0
2.272552252
0
0
0
2.72528553
4.542141914
0
0
3.47055006
0
3.47055006
0
0
2.132305622
20.78998184
0
2.132305622
41.2551918
15.74887085
0
0
0
1.536736131
0
0
0
6.442470074
0
0
0
0
0
54.02471161
0
0
0
0
7.420814514
0
23.09154892
0
8.021274567
0
3.452910423
2.1418612
6.555248737
0
1.373480558
22.6362896
0
11.3181448
0
22.6362896
0
0
0
0
0
5.226154804
12.06532001
0
0
10.0974474
6.523765564
0
0
6.523765564
6.523765564
0
0
0
0
26.29091454
0
0
0
19.83574295
6.611914635
14.02607346
14.02607346
21.03911018
21.03911018
0
23.28816986
11.64408493
13.30752659
11.64408493
11.64408493
0
0
2.728828192
0
9.577136993
5.011597157
38.98057556
27.3035717
0
12.87904358
0
6.553644657
0
0
0
11.1376152
0
5.853213787
5.44872427
0
6.614608288
0
10.94880104
0
0
21.89760208
26.52397919
0
0
0
0
6.511188507
7.088130474
5.082573414
12.08828354
13.79163265
0
0
0
2.810301781
0
10.67914677
0
0
12.40161324
5.441524506
9.491031647
0
6.742312431
13.48462486
13.48462486
0
0
49.38737106
4.271765232
11.11183071
0
24.6690979
0
8.223032951
0
0
0
22.19698143
5.549245358
11.09849072
0
7.265303612
14.20825672
10.88555717
5.703139305
8.257154465
5.77809
5.77809
0
11.55618
0
0
13.15390587
0
6.576952934
6.576952934
15.13197899
0
13.24048042
0
0
12.77460575
0
0
0
0
0
0
17.11251259
17.11251259
0
0
5.617348194
0
0
0
2.808674097
0
0
0
0
9.150290489
0
0
4.047450066
4.047450066
4.047450066
0
11.4277277
11.4277277
0
0
0
0
0
4.004416466
0
0
3.84078002
0
0
0
0
0
0
0
0
0
0
0
0
0
0
0
0
0
0
0
0
0
0
0
0
0
0
0
6.098135471
0
5.479281425
0
0
0
0
-0.2
7.1
0
0
0
0
0
0
0
0
0
0
0
0
0
0
3.314454794
3.24583292
0
0
0
0
0
0
0
0
0
0
0
0
0
5.208090305
0
0
0
0
0
0
0
0
0
0
0
0
0
0
0
0
0
0
0
0
0
0
0
0
0
3.300701857
9.974606514
0
0
0
0
0
7.022255898
7.022255898
5.550348759
0
0
4.856554508
5.550348759
3.230645418
4.541190147
1.401978374
4.906923771
0
15.65407562
0
0
0
0
0
2.670691252
4.673709393
2.670691252
7.010564804
5.096518993
0
10.19303799
0
5.096518993
10.19303799
6.589409351
0.307416677
1.563815236
11.80212784
15.0099535
6.47533083
0
6.47533083
0
6.47533083
0
21.86310005
1.20247066
9.947710991
0
4.547689438
5.197359562
5.197359562
0
4.547689438
0
0
4.90253973
1.63417995
1.867634416
5.786650181
2.531659126
12.65829659
0
2.89332509
10.78044605
21.56089211
5.390223026
0
0
9.268276215
8.929707527
13.07715511
0
2.87782073
6.50449276
0
0
0
7.433706284
1.081941009
1.431980729
40.73189545
4.009545803
0
0
0
0
8.906945229
0
0
0
7.799326897
0
0
0
21.95187378
0
7.31729126
0
0
0
0
0
11.745224
13.42311382
22.02988625
22.02988625
0
0
0
0
0
0
0
38.53953171
9.831986427
0
0
9.831986427
9.831986427
0
6.782595634
0
0
0
33.52582932
0
0
16.76291466
0
15.75835514
15.75835514
23.63753128
0
23.63753128
0
0
9.521458626
47.60729218
0
0
0
8.918673515
0
0
0
0
0
0
0
8.596162796
8.092248917
13.87242794
7.321559906
0
13.57600784
5.405995846
4.904010773
0
4.041625977
4.479254246
0
7.453140736
0
13.43768311
18.66956711
19.03159714
0
21.75039864
9.515798569
19.03159714
15.2388649
15.2388649
0
0
0
0
4.662597656
4.662597656
4.662597656
9.325195313
0
0
16.63201714
0
0
0
12.06648827
10.63670349
7.495518684
8.751994133
4.181027412
11.41888332
0
0
22.83776665
11.41888332
0
24.17818451
21.67297363
16.13820839
4.748245239
2.630041361
3.812082052
0
13.6377964
11.31804276
0
0
0
21.98123169
83.46075439
0
6.006494522
17.03269768
9.095546722
0
10.38191319
0
0
5.932522297
5.932522297
0
0
0
2.027693033
1.915043712
0
11.72555733
0
0
0
13.96959496
6.984797478
0
0
6.984797478
0
0
0
0
0
0
10.68772602
10.68772602
10.68772602
21.37545204
12.21454525
0
0
0
3.903419256
0
11.2079916
11.2079916
0
0
0
2.336799383
2.336799383
0
0
0
0
0
0
6.673484802
0
0
0
0
20.28205109
0
0
0
0
0
4.572957039
0
0
10.79320621
0
0
0
0
0
0
0
0
0
0
0
0
0
0
0
0
0
0
0
0
0
0
0
0
0
0
0
0
-0.2
7.1
0
0
0
0
0
0
0
0
0
0
0
0
0
0
0
0
0
0
0
0
0
0
0
0
0
0
0
0
4.810623169
0
0
0
0.749715388
0
0
4.052032948
0
10.16819286
0
0
0
0
3.281350613
3.281350613
0
6.562701225
0
8.457479477
9.665690422
0
2.819159985
0
0
0
0
4.19728756
7.644677639
7.644677639
3.82233882
0
3.926953793
4.487947464
3.926953793
3.926953793
16.01187706
16.01187706
16.01187706
8.00593853
0
1.89924252
0.75969702
0
0
1.709318399
28.67905045
0
0
0
0
3.087184906
3.087184906
0
9.261555672
9.261555672
1.227166295
11.30746078
4.382736206
0
0
0.525928378
19.41546822
0
7.39636898
0
0
6.248891354
0.918954492
0
0.367581844
0
0.939631283
0
2.818893909
1.526900887
3.406163454
0
0
5.535295963
4.879799843
2.767647982
0
0
12.30022335
12.30022335
10.76269436
0
11.34684753
5.673423767
0
0
0
24.09306717
8.031023026
14.05428886
21.08143425
0
4.8260355
9.652070999
0
4.8260355
8.783823967
3.585234404
0
1.882247925
0
6.181197643
18.54359245
6.181197643
0
0
12.79603291
0
12.79603291
0
19.19404793
0
7.017589092
0
7.017589092
0
0
39.51552963
0
0
0
0
0
22.18487358
0
0
16.90275955
0
0
11.08941936
0
16.34230042
7.734958172
0
0
0
10.7388258
19.62160873
0
0
0
0
0
0
0
0
0
31.54461098
31.54461098
0
0
15.77230549
8.831744194
0
8.831744194
8.831744194
10.09342194
0
14.26431942
0
0
0
0
0
0
0
22.29571915
7.256509781
0
0
0
0
0
0
0
0
0
10.24601173
31.0511837
0
0
0
0
0
11.28526974
0
0
0
0
0
0
0
0
0
0
0
0
0
0
23.80965805
0
0
0
0
8.96618557
0
0
8.96618557
0
0
0
0
10.0867691
10.0867691
0
0
27.20027161
0
9.066757202
0
10.47145939
0
20.94291878
20.94291878
0
0
0
0
0
15.0775528
0
0
0
30.15510559
0
0
0
12.1067934
24.21358681
10.78975391
0
21.57950783
21.57950783
0
8.91396904
0
0
8.91396904
17.82793808
0
7.85414505
0
0
0
0
0
0
43.00201797
0
0
0
0
0
0
0
12.89780235
12.89780235
12.89780235
6.448901176
0
4.602408886
0
0
0
4.602408886
0
6.924984932
9.976672173
0
0
0
0
0
2.187342405
0
0
0
0
0
0
0
10.73312855
0
0
0
0
0
4.750695705
0
0
0
0
0
0
0
0
0
0
0
0
0
0
0
0
0
0
0
0
0
0
0
0
0
0
3.017522097
0
4.456634521
0
0
0
0
-0.2
7.1
0
0
0
0
0
0
0
1.817883611
0
0
0
0
0
0
0
0
0
1.932691574
0
0
0
0
0
1.431850195
0
0
0
2.787750483
0
0
0
0
0
0
6.886581421
0
0
0
0
0
0
0
0
6.53249836
6.53249836
6.53249836
0
5.711123466
0
0
3.172845602
0
0
3.035090923
6.070181847
6.937351227
5.810604095
8.715906143
0
0
0
0
0
0
0
2.024647474
2.024647474
4.049294949
0
0
0
0
0
28.22802162
13.64278126
0
0
6.236700535
5.457112789
12.32943344
0
0
3.08235836
3.08235836
10.00584793
2.501461983
7.504385948
2.501461983
5.002923965
2.501461983
7.584751606
7.584751606
15.16950321
7.584751606
0
0
8.564757347
0
0
0
0
0
14.63001823
0
2.7431283
6.608767986
7.55287838
6.608767986
7.55287838
3.304383993
0
0.324697733
0.649395466
4.22107029
0.324697733
0
7.009669304
0
0
0
0
4.125934601
12.3778038
12.3778038
4.125934601
0
4.602929115
0
0
0
0
0
6.493565083
0
0
0
9.27370739
4.636853695
0
0
0
0
0
0
9.797794342
0
15.79616356
0
31.59232712
0
0
6.272922039
6.272922039
0
0
6.272922039
0
0
0
19.09942245
0
3.320235968
0
0
0
11.80275536
0
6.687099934
7.451339245
27.19420624
11.52728462
11.55664635
0
11.55664635
0
0
9.122861862
15.05272388
8.74965477
0
0
0
0
1.739021063
0
0
0
0
16.27423859
16.27423859
0
0
0
10.01964951
5.009824753
10.01964951
0
0
8.615586281
0
0
14.1426897
0
0
14.1426897
0
0
0
5.816968918
0
3.525435448
11.34749508
0
7.381044865
18.45261192
7.381044865
0
0
7.893149376
15.78629875
0
15.78629875
0
19.29336739
9.646683693
19.29336739
0
0
19.1827507
0
19.1827507
9.591375351
0
16.52530861
0
24.78796005
0
6.233146667
0
0
18.69944191
0
0
7.390784264
7.390784264
14.78156853
7.390784264
22.17235374
0
0
11.12314796
11.12314796
11.12314796
8.571368217
0
0
8.571368217
25.7141037
10.02730465
0
14.03822613
9.442378998
6.643089771
59.14352798
27.27244759
0
3.017853022
0
10.05058861
0
10.05058861
20.10117722
0
0
0
14.22227097
0
12.44448566
0
0
15.79551697
7.897758484
15.79551697
30.33017159
23.10870361
0
20.22011566
10.11005783
7.031127453
14.06225491
0
7.031127453
0
0
8.513437271
8.513437271
0
0
0
0
0
0
0
0
0.226057887
0.855542123
0.490371794
0
0.58079493
0
2.854674578
9.907399178
0
0
0
0
0
0
0
0
0
0
0
0
0
0
0
0
0
0
0
0
0
0
0
7.030153751
0
0
0
0
4.951932907
0
0
0
0
0
0
0
0
0
0
0
0
0
0
0
0
0
0
0
0
0
0
0
0
-0.2
7.1
0
0
0
0
0
0
0
0
0
0
0
0
0
0
0
0
0
1.216544986
0
0
0
0
0
0
2.124082804
0
0
0
2.71232152
4.746562958
2.71232152
0
0
0
0
0
3.662675858
3.662675858
0
10.98802662
0
0
0
0
0
0
0
0
0
0
0
0
0
3.193835497
0
0
0
0
1.670890927
5.012672424
3.84343791
4.392500877
13.17750168
3.84343791
3.84343791
0
11.56701088
11.56701088
0
5.78350544
3.2665236
6.533047199
4.899785519
6.533047199
0
0
3.904062748
0
7.808125496
3.904062748
8.364005089
4.77943182
4.182002544
0
4.182002544
1.701812983
5.990081787
5.135426998
0
0
0.314872891
5.875592709
0
0
0
5.875592709
20.45420837
0
0.944040477
0
1.573400617
9.311794281
4.655897141
0
4.655897141
0
0.549358785
2.746793985
0.659230649
25.49025154
0
6.704096794
3.352048397
3.352048397
0
0
7.727201939
7.727201939
7.727201939
3.863600969
3.863600969
3.814346552
3.814346552
17.43701172
0
4.35925293
8.204492569
0
0
0
0
0
6.217630863
0
12.43526173
0
10.05193806
8.795445442
17.59089088
17.59089088
0
0
16.47554398
0
8.237771988
8.237771988
0
7.969493389
0
0
0
6.973306179
7.316839218
14.63367844
0
14.63367844
14.63367844
8.147145271
16.29429054
0
16.29429054
0
0
0
9.430621147
7.35415411
7.440673828
17.70163918
17.70163918
0
0
26.55245972
8.739631653
0
0
0
26.21889496
0
0
8.564986229
14.57092285
9.243918419
0
15.5240984
15.5240984
0
0
0
0
18.95147705
47.37869263
9.475738525
0
13.37803459
13.37803459
0
0
6.127194405
0
7.143815041
0
0
0
0
0
0
2.296181679
0
0
8.258097649
0
0
0
0
0
0
0
12.07505798
0
0
0
0
0
0
0
0
0
0
0
6.195399761
6.893079281
0
0
0
0
0
0
0
0
0
22.09556389
0
0
0
0
0
0
12.02268314
10.51984787
0
16.8314991
0
0
0
0
5.405267239
8.341462135
4.671218395
6.4729743
30.88163567
0
0
0
0
16.01991081
32.03982162
16.01991081
16.01991081
24.02986717
8.049318314
16.09863663
8.049318314
0
0
0
6.776996136
6.776996136
13.55399227
6.776996136
0
0
17.05681801
0
8.528409004
3.501373768
4.540243149
0
0
3.347467661
0
0
4.957988739
0
2.160119772
0
9.062197685
9.062197685
0
0
0
0
9.643107414
4.821553707
4.821553707
0
5.960702419
0
11.02730083
0
0
0
0
0
0
0
0
0
0
0
1.507297873
0.384777576
0.288583189
0.529069126
0
0
0
0
0
0
0
0
0
0
8.513743401
4.2568717
0
0
0
0
0
6.656457901
13.3129158
6.656457901
0
0
0
0
0
0
0
0
0
0
0
0
0
0
0
0
0
0
0
0
0
0
0
-0.2
7.1
0
0
0
2.545140743
2.545140743
0
0
0
0
0
0
0
0
0
0
0
0
0
0
0
0
0
0
0
0
0
0
0
0
0
0
0
0
0
0
0
0
0
0
0
0
0
9.187590599
0
0
0
0
0
0
0
0
0
0
0
0
0
0
0
7.353022575
2.548579216
0
0
0
5.097158432
8.577202797
0
3.267505884
6.535011768
3.267505884
5.313519955
13.94799042
9.298659325
9.298659325
9.298659325
7.675170422
3.837585211
8.771623611
3.837585211
0
3.093644381
0
9.28093338
0
6.187288761
0
2.912068129
6.65615654
3.32807827
5.824136257
2.912068129
0
0
5.052594185
5.052594185
7.578891277
0
3.885914087
0
0
7.771828175
2.584046125
2.261040211
0
2.261040211
0
7.21167326
0
4.120956421
0
8.241912842
9.331586838
0
0
4.082569122
9.331586838
11.45656872
11.45656872
2.864142179
0
0
11.57219219
11.57219219
5.062833786
0
10.12566757
0
0
15.37879467
10.2525301
10.2525301
6.325761318
6.325761318
6.325761318
0
0
0
0
0
0
5.496559143
0
5.830787659
2.915393829
0
3.331878901
7.347268581
0
3.673634291
3.673634291
8.396879196
0
0
0
0
10.96893978
10.96893978
27.05335236
0
18.03557014
29.92265129
0
0
10.27276897
10.27276897
0
0
0
15.79450893
0
0
10.9542551
19.64272881
8.82930851
9.126925468
29.36489296
0
9.573188782
11.81745243
14.06171703
20.93477631
0
28.16832924
0
9.389443398
32.192379
0
0
0
0
13.18830013
0
13.93383694
6.966918468
0
0
0
0
17.73698235
0
0
0
0
13.22023869
0
0
0
5.39553833
0
0
10.79107666
10.79107666
10.79107666
0
0
20.79022408
18.1914444
0
0
0
0
0
0
0
0
0
11.67323017
5.836615086
0
0
0
12.26534748
12.26534748
0
7.826072216
15.65214443
23.47821617
0
0
0
12.89565659
0
25.79131317
0
0
16.14051628
8.070258141
8.070258141
16.14051628
16.2354393
0
0
14.20601082
0
0
0
18.7254467
0
18.7254467
10.43906784
0
23.86072731
10.43906784
10.43906784
0
13.10876083
15.43300819
0
0
0
23.60440636
0
11.80220318
0
0
11.97027874
0
5.98513937
0
15.65479565
6.848972797
6.848972797
6.848972797
6.848972797
0
13.05881405
6.529407024
6.529407024
6.529407024
4.550749302
0
4.762412548
2.963279009
0
11.55798149
0
23.11596298
11.55798149
0
0
0
0
0
0
0
1.321518779
0
0
0
0
0
0
0
0
4.057966232
0
0
0
0
0
0
0
0
0
0
0
0
5.277096272
0
0
0
0
0
4.430233002
0
6.885492325
0
0
0
0
0
0
0
0
0
0
0
0
0
0
0
0
0
0
0
0
0
0
6.028821468
0
0
0
0
0
0
0
-0.2
7.1
4.073149204
0
0
0
0
0
0
0
0
0
0
0
2.090198517
0
0
0
0
0
2.174701691
3.262052298
0
0
0
0
0
0
0
0
0
0
0
0
0
2.051190853
0
0
0
0
0
0
0
0
0
0
0
0
0
0
2.865615845
10.92515945
0.741989851
9.744099617
0
0
4.330710411
0
0
0
0
0
0
0
0
0
0
0
0
0
0
0
0
0
0
0
0
0
9.867285728
0
0
2.245615721
0
0
0
0
0
0
0
0
3.656924248
13.29790592
0
13.92902088
0
0
0
0
8.271024704
2.757008314
0
3.150866747
0
3.394916534
6.789833069
7.759809494
10.1847496
0
3.791563511
23.63875961
13.90240192
0
4.342501163
4.59064436
13.52378941
19.97550583
0
0
0
5.991747379
10.48555756
2.621389389
9.119976997
0
0
18.23995399
0
0
0
3.880949259
0
4.435370445
0
0
15.40153027
14.21679592
0
0
12.11687469
0
0
0
3.079472065
0
0
0
3.079472065
0
6.536565304
6.536565304
0
6.536565304
0
12.28485584
0
18.42728233
0
0
0
0
0
0
0
10.47119427
10.47119427
10.47119427
10.47119427
0
12.23503399
0
0
6.117516994
12.23503399
0
0
0
16.131464
16.131464
33.52919769
0
0
0
0
15.03707981
0
0
0
0
0
23.28103447
34.92155075
11.64051723
0
0
4.775080681
16.3717041
0
4.775080681
0
0
0
0
0
0
0
0
9.521805763
9.521805763
17.24236679
0
0
0
0
0
0
0
0
0
8.387475967
0
0
11.63748837
5.818744183
0
0
0
0
0
0
0
6.187339783
6.187339783
0
0
0
0
0
0
0
0
13.51359272
13.51359272
0
0
13.51359272
18.66384315
0
18.66384315
0
9.331921577
0
46.79953384
23.39976692
0
0
10.38814449
31.16443634
10.38814449
0
0
11.4762392
0
11.4762392
22.95247841
0
0
0
11.51157379
11.51157379
11.51157379
10.85340691
0
0
10.85340691
10.85340691
7.95315361
0
7.95315361
7.95315361
0
15.36769772
7.683848858
7.683848858
0
0
20.08621788
0
0
10.04310894
10.04310894
0
0
0
0
0
0
0
0
15.357687
0
0
0
0
0
0
18.94003105
0
0
0
0
0
0
0
0
5.465269566
0
0
0
0
10.21889973
0
3.909950256
7.819900513
0
3.909950256
7.819900513
0
4.372831821
0
0
0
0
4.532475948
0
0
0
2.173166752
2.173166752
0
0
0
0
0
0
0
0
0
3.660415411
7.320830822
3.660415411
0
9.238530159
8.083713531
0
0
0
0
0
15.00895405
5.002985001
0
0
0
0
0
0
0
-0.2
7.1
0
0
0
0
0
0
0
0
0
0
0
0
0
0
0
0
0
0
0
0
0
0
0
0
0
0
0
7.867724419
0
0
0
0
0
0
4.234500408
4.234500408
0
0
0
0
3.849382877
6.537802219
5.720576286
0
0
0
0
3.187195539
3.187195539
0
0
0
0
0
8.352311134
4.176155567
4.855875015
4.855875015
2.427937508
4.895229816
2.447614908
0
0
7.342844963
2.963742733
2.963742733
5.927485466
2.963742733
5.927485466
4.89308691
4.89308691
0
0
4.89308691
11.24048042
7.37656498
0
0
4.917709827
2.63538599
10.54154396
2.63538599
2.63538599
5.27077198
6.631522655
0
0
3.789442062
3.315761328
6.631522655
8.878850937
7.748054504
0
28.75156212
1.633373618
8.803573608
5.030614376
4.401786804
4.401786804
13.20536041
0
5.780593872
11.56118774
17.34178352
0
0
0
0
0
10.89721107
0
0
0
0
0
5.09271574
0
20.37086296
0
5.820246696
0
0
7.718606949
13.50756168
0
4.497616768
0
0
10.28026772
8.995233536
0
9.282313347
18.56462669
9.282313347
0
15.42086029
7.710430145
23.13129044
7.710430145
0
0
12.59639549
7.197940826
12.59639549
12.59639549
9.697628021
0
29.09288406
9.697628021
0
0
11.04814816
5.524074078
16.57222176
0
0
0
0
0
10.87872219
0
0
0
18.78079987
0
18.78079987
0
10.95871258
10.95871258
0
21.91742516
0
34.51014328
17.25507164
0
0
0
17.77641678
5.925472736
0
0
11.00597191
22.01194382
0
11.00597191
11.00597191
0
0
0
13.98564148
0
4.505968094
9.011936188
10.29935551
4.505968094
4.505968094
0
0
9.118368149
9.118368149
9.118368149
9.51066494
9.51066494
0
0
0
0
0
0
0
0
0
0
0
0
0
0
26.08984375
0
0
0
0
0
0
0
0
0
0
0
24.53471184
0
0
0
0
0
18.04615784
0
0
0
0
0
23.73506355
0
0
27.38863754
9.129546165
0
0
26.09861183
13.04930592
0
0
0
0
11.72949886
0
23.45899773
0
0
0
0
20.99435997
0
0
0
0
13.72251415
0
12.33158493
0
12.33158493
24.66316986
36.99475479
0
32.62996674
8.157491684
8.157491684
0
0
46.17934036
34.63450241
0
0
0
14.85532284
0
0
0
0
0
0
19.86657524
0
0
0
0
18.70704651
0
0
0
0
0
22.19518471
0
0
0
0
0
5.645112991
0
0
0
0
6.06408596
0
0
0
0
0
0
0
8.100400925
0
0
0
0
0
0
0
0
4.261100769
4.261100769
8.522201538
0
5.786922932
11.57384586
0
5.786922932
0
0
0
0
0
0
0
0
0
0
0
0
0
0
0
0
0
0
0
0
0
0
0
0
0
0
0
-0.2
7.1
4.612566948
0
0
0
0
0
0
0
0
0
0
0
0
0
0
0
0
0
0
0
0
0
0
0
0
0
0
0
0
0
0.399631083
0
0
0
0
0
2.585153341
0
0
0
5.170306683
3.374972582
0
0
0
0
0
0
0
0
0
0
0
0
0
0
0
0
0
0
13.19077301
0
0
0
0
0
5.071003437
0.579543173
0.579543173
0
0
0
0
0
0
0
0
0
0
0
6.757301331
0
0
0
5.912638664
3.165723324
3.165723324
6.331446648
3.165723324
0
0
0
4.924007893
2.462003946
7.386012077
4.924007893
3.797994375
13.02169514
4.340565205
11.39398289
3.797994375
4.275854588
0
2.137927294
0
0
7.266176224
21.79852676
0
6.357903957
0
2.925990582
0
2.925990582
2.925990582
0
0
0
0
5.828421593
5.099868774
0
3.742288589
0
3.742288589
0
0
8.155180931
16.31036186
0
14.27156544
0
9.957835197
0
0
0
0
9.618886948
10.99301434
9.618886948
19.2377739
17.31423187
0
10.09996891
0
5.771410942
15.43105507
7.715527534
0
0
0
0
15.69822311
0
0
0
7.849111557
12.11443996
24.22887993
0
24.22887993
0
0
0
0
0
0
11.3032608
11.3032608
11.3032608
0
0
0
0
0
0
0
0
13.77767277
0
0
0
0
10.5745554
10.5745554
0
0
10.6337328
10.6337328
0
0
0
0
8.032103539
0
7.377636433
0
21.42803955
0
0
0
0
0
0
0
0
0
0
0
0
0
0
0
0
0
0
0
0
0
0
0
0
0
0
0
0
0
0
0
0
0
0
0
0
0
0
0
14.06870937
34.34049225
0
0
0
0
0
0
0
0
0
0
0
0
7.656389236
7.656389236
0
0
0
46.33649063
0
0
0
20.90496635
10.45248318
0
20.90496635
13.96758366
27.93516731
0
0
0
0
0
2.787526608
19.34871483
17.39744759
0
7.700674534
0
0
0
0
8.049511909
0
8.049511909
0
14.8063364
4.935445309
0
0
0
10.10342693
10.10342693
0
11.54677296
10.10342693
15.15240955
7.576204777
0
0
0
0
0
0
9.648287773
0
0
0
0
0
0
4.921622753
4.572785854
0
9.145571709
4.572785854
4.572785854
9.545657158
0
0
0
0
0
0
0
6.065421581
0
6.610411167
0
0
0
0
0
0
0
0
0
0
0
0
0
0
0
0
0
0
11.63348198
9.27780056
0
0
0
0
0
0
0
0
0
0
0
0
0
0
0
0
0
0
0
0
-0.2
7.1
0
0
0
0
3.479157686
0
0
0
0
0
0
0
0
0
0
0
0
0
1.650396347
0
0
0
0
0
0
0
0
0
0
0
0
0
2.171192646
2.171192646
0
2.171192646
0
0
0
0
0
0
0
1.748864412
3.497728825
1.748864412
0
0
0
0
0
0
0
0
0
0
0
0
2.551843405
3.770092249
1.885046124
0
0
3.770092249
2.738042116
0
5.476084232
2.395786762
4.791573524
0
5.796546936
5.796546936
5.796546936
11.59309387
0
0
0
10.94917583
3.649725199
0
0
0
0
0
2.478444099
7.435332298
7.435332298
4.956888199
2.832507372
5.665014744
4.83001709
4.83001709
2.415008545
4.83001709
7.245026112
3.39878583
6.797571659
0
1.699392915
1.699392915
5.042374134
5.882770061
6.443033218
0
5.882770061
5.650921822
1.046467066
2.651050091
22.25486755
0
0
0.592301011
14.69983578
0
0.269227713
0.631117165
10.90111446
0.745865643
0
0
0
22.63591766
4.311603546
7.545306206
0
6.031688213
0
3.015844107
6.031688213
6.031688213
0
5.17502737
2.587513685
0
0
3.364216805
0
3.364216805
3.364216805
0
0
0
2.809943676
5.619887352
2.809943676
0
0
21.50352097
0
0
8.953926086
0
0
0
0
12.83564568
21.26340866
0
10.63170433
0
31.89511681
0
0
0
0
0
6.07636404
6.07636404
0
0
0
20.67735481
0
0
0
0
0
0
9.639961243
9.639961243
9.639961243
9.831540108
9.831540108
0
19.66308022
0
0
0
15.87386799
0
0
0
0
0
0
0
4.411701202
0
0
0
0
0
0
0.459305823
0.329594493
0.818670213
3.740892887
3.615499973
0
0
9.634366035
3.385612249
0
6.713620186
13.42724037
0
0
16.49761963
0
0
0
0
0
0
4.300540924
0
0
21.25878143
0
0
0
0
4.178226471
8.356452942
4.178226471
12.53467846
12.53467846
11.01704216
11.01704216
11.01704216
0
11.01704216
0
0
0
0
14.67426968
0
0
8.954230309
0
15.6699028
7.834951401
0
0
0
6.903855324
6.903855324
18.4771347
0
18.4771347
9.238567352
9.238567352
13.94678783
0
13.94678783
13.94678783
0
21.14561272
0
10.57280636
10.57280636
10.57280636
0
0
0
21.87261391
0
5.414304733
16.24291611
10.82860947
5.414304733
10.82860947
0
0
0
0
0
0
2.736564398
4.200308323
0
1.20917964
10.06509209
10.06509209
20.13018417
0
0
15.10086823
15.10086823
0
0
0
0
2.056281328
0
0
0
0
0
2.698356152
0
0
0
0
0
1.968802094
1.968802094
3.937604189
0
0
5.124610424
5.124610424
0
0
0
0
0
0
4.96689415
19.8675766
0
4.96689415
4.96689415
14.17019272
14.17019272
0
0
0
0
0
0
0
0
0
0
0
0
0
0
0
0
0
0
0
0
0
0
0
0
0
0
0
0
0
-0.2
7.1
0
0
0
0
0
0
0
0
0
3.94730711
1.857213259
1.857213259
0
0
1.857213259
0
0
0
0
0
0
0
0
0
0
0
0
0
0
0
0
0
0
0
0
0
0
0
0
0
0
6.643629551
0
0
0
0
0
0
0
5.413650036
0
0
0
0
0
0
0
0
2.393762827
0
0
0
5.882630348
5.882630348
0
0
0
8.844514847
2.948171616
9.369253159
4.684626579
0
4.684626579
0
0
0
2.402953148
2.746232271
0
2.044384956
0
0
2.044384956
2.044384956
0
0
1.670327425
3.34065485
3.817891359
3.34065485
2.815953732
23.61767578
3.270139456
12.62637234
0
0
0
7.323535442
0
0
0
0
0
0
3.907656908
18.13136864
0
0
0
0
0
15.31254482
17.5000515
10.20836353
0
2.813802719
4.924154758
2.462077379
0
7.386232376
10.07316303
15.10974503
10.07316303
5.036581516
10.07316303
3.46014452
3.46014452
0
3.46014452
0
5.001187801
5.715643883
10.0023756
10.0023756
0
0
0
0
3.203532696
3.203532696
0
16.41219521
0
0
16.41219521
6.909077644
6.909077644
0
13.81815529
0
0
0
0
8.401221275
0
19.20279312
0
0
0
24.58358765
0
0
0
0
0
0
0
16.10984039
0
0
0
0
0
0
0
24.28279305
0
18.75656319
0
0
0
0
0
0
7.670054436
0
0
0
0
17.12423897
4.281059742
6.801149845
0
13.60229969
0
0
0
7.337467194
0
0
8.385677338
0
0
14.06978798
0
0
0
0
0
0
0
0
0
0
0
0
0
0
0
0
0
0
0
0
0
0
0
0
0
0
10.66870117
10.66870117
0
11.57602882
11.57602882
11.57602882
0
11.32452106
22.64904213
0
0
0
0
16.79534721
16.79534721
33.59069443
0
16.79534721
0
0
0
0
0
0
0
0
11.8555336
0
0
0
0
7.231618404
21.69485664
0
17.25868225
8.629341125
17.25868225
0
0
8.259113312
8.259113312
8.259113312
8.259113312
5.013803005
15.04140949
5.013803005
10.02760601
10.02760601
0
5.921363354
5.921363354
5.921363354
5.921363354
0
16.58479691
16.58479691
0
0
0
12.62839222
0
28.86489487
0
0
0
0
7.002332211
0
27.02487946
0
9.008293152
27.02487946
0
0
0
0
8.58350563
4.291752815
4.291752815
5.689343929
2.844671965
0
0
0
0
0
0
0
0
0
3.687082529
3.687082529
0
0
0
0
0
0
0
0
0
0
0
0
0
0
0
0
0
2.433845282
0
0
0
0
0
0
0
0
0
0
0
0
0
0
0
0
0
0
0
0
0
0
4.325880527
0
0
-0.2
7.1
0
5.841398239
0
0
0
0
0
0
0
0
0
0
0
0
0
0
0
0
0
0
0
0
0
0
0
0
0
0
0
0
0
0
0
0
0
0
0
0
0
0
0
0
0
0
0
0
0
0
0
0
0
0
0
0
0
0
0
8.873947144
5.070827007
2.44775176
2.44775176
4.895503521
4.895503521
0
8.488582611
8.488582611
0
8.488582611
0
6.271579742
0
3.583760023
9.407369614
12.54315948
0
2.25116539
7.718281746
2.25116539
0
0
0
3.995763779
3.995763779
0
0
0
5.08462286
2.54231143
0
5.08462286
6.569872856
2.874319077
6.569872856
2.874319077
5.748638153
1.890059829
3.780119658
7.560239315
1.890059829
3.780119658
0
16.35243607
0
0
1.880530357
8.756504059
16.27095222
14.53207207
2.732526302
0
0
0
0
37.32768631
0
4.91924572
0
9.83849144
9.83849144
4.91924572
20.29341698
27.05789185
0
0
0
4.182009697
0
4.182009697
4.182009697
0
16.16498566
8.082492828
0
8.082492828
8.082492828
3.891175985
0
7.782351971
0
0
0
12.06752491
12.06752491
18.10128784
0
9.282183647
9.282183647
0
9.282183647
4.641091824
0
0
0
21.29589081
0
14.19725895
24.65560722
9.392613411
41.0926857
0
0
0
0
10.24994087
0
10.24994087
9.289142609
18.57828522
0
18.57828522
0
0
0
0
19.48949242
9.744746208
0
9.439561844
0
0
9.439561844
10.26148891
10.26148891
11.72741699
20.52297783
0
0
0
4.160001755
0
4.160001755
0
0
10.51776123
0
0
0
0
0
6.058647633
18.17594147
16.45956039
8.229780197
8.229780197
0
0
5.110170841
0
0
0
5.110170841
10.22034168
5.083018303
0
0
15.24905586
0
9.083786964
0
9.083786964
0
0
4.358447075
0
3.768582344
0
4.86638689
5.19411993
20.77647972
0
0
20.77647972
0
0
18.73397636
18.73397636
28.1009655
29.67614746
9.892049789
9.892049789
9.892049789
9.892049789
0
21.76720619
0
0
10.8836031
10.8836031
12.80630589
0
12.80630589
12.80630589
0
12.13307476
36.39922333
0
0
12.13307476
15.61223221
7.806116104
0
7.806116104
15.61223221
14.87179852
0
14.87179852
0
0
0
11.37259388
11.37259388
22.74518776
0
0
0
0
0
0
8.460679054
16.92135811
0
0
8.460679054
0
5.609548092
5.609548092
5.609548092
0
7.514473915
0
0
7.514473915
0
10.24796391
0
0
20.49592781
20.49592781
0
0
0
18.23259354
9.116296768
0
12.44016933
0
0
0
5.442574024
0
9.263231277
4.631615639
0
0
0
0
0
3.767019033
0
0
0
0
0
0
0
0
0
0
0
0
0
0
0
0
0
2.796228409
2.796228409
0
0
0
0
8.728323936
0
0
5.817649364
0
0
0
0
0
0
0
0
0
0
5.680323601
5.680323601
0
0
0
0
0
0
0
0
-0.2
7.1
0
0
0
0
0
0
2.383874416
0
0
0
0
0
0
0
1.618399501
0
0
0
0
0
1.934596181
0
0
0
0
3.058020592
1.529010296
0
0
0
0
0
2.154998779
0
4.309997559
0
0
0
5.667431355
2.833715677
5.667431355
4.442634583
4.442634583
6.663952351
0
4.442634583
7.358347893
0
0
0
0
0
0
0
0
0
1.620214581
0
4.860643864
1.620214581
3.739255428
0
0
11.21776581
7.478510857
1.667512059
3.183431625
4.850944042
3.486616135
1.061143994
0
0
12.82913685
4.276378632
12.82913685
0
0
2.630336046
2.630336046
3.006098509
4.495886803
2.247943401
2.247943401
4.495886803
0
0
0
0
0
0
0
0
7.061356068
7.061356068
0
7.061356068
0
0
0
7.730461597
15.46092319
13.6570015
9.104667664
0
0
13.6570015
6.042635441
15.86191654
0
0
5.287305355
0
0
6.903188229
0
3.451594114
0
12.29631615
0
4.098772526
4.098772526
4.480250359
4.480250359
4.480250359
4.480250359
15.36085796
4.36852026
0
0
8.73704052
8.73704052
0
0
0
0
17.67235947
2.679860592
0
0
0
8.039581299
4.688381195
9.37676239
4.688381195
0
9.37676239
3.742604733
22.45562744
3.742604733
11.22781372
7.485209465
0
0
0
40.47344208
10.11836052
10.11836052
0
29.34838295
0
9.782794952
9.782794952
12.5579586
25.11591721
0
0
0
0
0
0
0
0
0
0
15.03140354
0
0
0
30.77391243
0
30.77391243
0
7.153666973
7.153666973
7.153666973
14.30733395
0
7.641895771
0
0
15.28379154
0
9.753611565
19.50722313
9.753611565
19.50722313
0
0
10.97547626
0
10.97547626
0
0
0
0
0
0
7.813563824
0
0
0
0
0
0
0
0
18.00434303
0
9.594142914
0
0
0
0
0
3.845695257
7.691390514
0
0
0
9.928278923
0
0
9.928278923
6.736807346
0
6.736807346
6.736807346
0
0
0
0
0
28.64122581
28.64122581
0
0
0
0
22.68612099
0
11.22835732
22.45671463
0
11.22835732
0
0
0
0
0
0
0
0
0
0
8.894914627
0
0
0
26.68474388
11.51285172
0
34.53855133
0
0
0
6.908485413
13.81697083
6.908485413
0
4.742064476
4.742064476
0
4.742064476
4.742064476
0
0
30.31470299
0
0
22.62838173
15.0855875
0
7.542793751
7.542793751
0
9.151623726
9.151623726
0
0
15.57348919
15.57348919
0
0
0
0
0
0
0
0
0
0
0
0
0
0
0
0
0
0
0
0
0
0
0
0
0
0
0
0
0
0
0
0
14.59573746
0
7.373144627
0
0
7.373144627
3.686572313
0
0
0
5.497804165
0
0
0
0
0
0
0
0
0
0
0
0
0
0
0
12.68572807
0
0
0
0
0
0
-0.2
7.1
0
0
0
0
0
1.406485796
0
0
0
2.812971592
0.913950503
0
1.827901006
1.827901006
1.827901006
2.400977612
0
0
0
1.200488806
0
0
0
0
0
0
0
0
0
0
0
0
0
0
0
0
0
0
0
0
0
0
0
0
0
0
0
0
0
0
0
0
0
0
0
0
0
7.225729942
3.612864971
3.503623486
5.25543499
0
0
0
0
0
0
0
0
0
5.451900959
0
0
0
0
0
0
2.136441469
0
3.212452412
11.01412296
12.84980965
0
0
8.7000494
0
0
0
6.525036812
2.17501235
3.534044266
0
8.077815056
10.60213184
0
0
3.236209631
3.236209631
0
0
12.48864937
16.65153122
0
8.32576561
8.32576561
7.352625847
0
3.676312923
8.403000832
7.352625847
4.460018635
4.460018635
0
5.097164631
4.460018635
3.536030054
10.6080904
0
9.282078743
3.094026089
7.44950819
8.513723373
7.44950819
0
0
0
7.504558086
7.504558086
7.504558086
0
0
6.415233135
6.415233135
0
0
0
0
11.15157795
0
11.15157795
10.77003765
10.77003765
0
0
0
11.61637592
11.61637592
0
5.808187962
0
5.808187962
25.9168396
0
25.9168396
0
17.27789307
0
0
0
0
0
20.88449287
0
0
31.32673836
0
0
0
0
30.21188164
0
0
5.538992882
22.15597153
0
0
0
0
8.010467529
8.010467529
0
0
0
0
0
0
0
0
0
0
0
18.093647
36.18729401
0
0
18.093647
0
0
0
0
0
0
0
9.375041962
9.375041962
0
0
0
0
0
0
0
0
18.86656189
0
0
0
0
0
0
0
0
0
0
0
0
26.17102432
0
0
0
0
0
0
0
0
26.40184021
0
0
0
0
0
0
0
0
0
0
0
13.23979378
6.842614651
20.52784348
13.6852293
6.842614651
13.6852293
7.144419193
0
21.43325806
7.144419193
0
12.45814037
24.91628075
24.91628075
0
0
0
0
5.251327038
10.50265408
5.251327038
5.999710083
5.999710083
5.999710083
0
0
0
0
7.057049751
14.1140995
7.057049751
7.882321835
0
3.941160917
0
7.882321835
5.648982525
0
0
11.29796505
5.648982525
0
0
16.34898186
0
0
5.286204815
5.286204815
0
0
0
7.965432644
7.965432644
0
0
7.965432644
15.93086529
4.512086868
0
0
0
0
0
0
0
0
0
0
0
0
6.465566635
0
0
0
0
0
0
0
0
0
0
0
6.861637592
0
6.861637592
6.861637592
0
0
0
0
0
0
0
2.380753994
0
0
7.142261982
8.473546028
8.473546028
4.236773014
0
0
0
0
0
0
0
0
0
0
0
0
0
0
0
0
0
0
-0.2
7.1
0
0
0
0
5.381624699
0
0
0
0
0
0
0
0
0
0
0
0
0
0
0
0
0
0
0
0
0
0
0
0
8.097809792
2.69927001
7.217642307
0
0
0
0
0
0
0
0
3.678248644
3.505980015
7.01196003
0
0
0
0
0
0
0
0
0
0
0
0
0
0
0
0
0
2.687305927
5.374611855
0
0
0
0
0
0
0
0
0
6.282379627
0
0
0
0
0
0
3.288058281
0
0
0
0
0
0
0
0
0
4.961717129
4.961717129
5.760401726
2.880200863
5.760401726
5.760401726
6.583316326
3.85074687
3.85074687
3.85074687
7.70149374
7.70149374
3.252966881
6.505933762
0
3.71767664
0
0
0
0
18.01139641
0
15.86616135
9.066378593
7.933080673
0
0
0
17.12678719
6.524490356
6.524490356
17.12678719
15.70375919
10.46917248
0
5.234586239
0
14.65497398
0
10.45450497
3.920439243
3.82709527
0
0
0
0
0
8.39627552
0
8.39627552
19.19148827
9.595744133
0
0
15.27138424
0
0
0
0
9.202259064
0
13.80338764
4.601129532
13.66645622
7.030883789
27.53056717
6.070843697
21.00794411
0
0
0
0
0
0
13.77051353
0
6.885256767
6.885256767
0
0
28.41941261
0
0
21.41605759
0
0
0
0
0
0
0
0
0
0
13.41653442
0
0
0
0
32.47006226
0
10.82335377
0
8.562206268
8.562206268
4.281103134
0
4.281103134
0
0
0
0
25.39618874
0
0
0
0
0
0
0
0
0
0
0
0
0
0
0
0
0
8.747460365
0
0
0
34.85193253
0
17.42596626
0
0
0
0
18.78713036
0
0
0
0
8.397391319
0
0
0
0
0
0
0
0
0
9.327692986
0
0
0
0
0
0
16.54001236
0
19.84297371
0
0
9.921486855
0
0
0
27.37502861
13.68751431
0
40.74260712
0
0
13.58086967
0
7.344139576
7.344139576
0
7.344139576
0
0
0
0
14.08167744
0
0
0
34.18855667
0
0
21.75627327
21.75627327
0
0
0
0
8.086718559
24.26015663
8.086718559
8.086718559
0
6.445627213
12.89125443
0
0
0
0
0
0
0
0
0
0
0
0
0
4.903109074
0
0
0
0
0
0
0
0
0
0
0
0
7.146480083
0
0
7.008998394
0
0
0
2.472337723
4.944675446
0
0
0
0
0
0
0
0
4.670191288
0
0
0
0
0
4.238058567
0
0
0
0
0
0
0
0
0
0
0
0
0
0
0
0
0
6.747777462
3.373888731
-0.2
7.1
6.946790218
0
0
0
0
0
0
0
0
0
0
0
0
0
0
0
0
0
0
0
0
0
0
0
0
0
0
0
0
6.242222786
6.242222786
0
6.29837656
6.29837656
6.29837656
0
0
0
0
0
0
0
0
0
0
6.552551746
4.068910599
8.137821198
0
0
0
0
0
0
0
0
2.131006479
4.262012959
2.131006479
0
0
3.727219105
11.18165684
11.18165684
3.268268585
0
3.735164165
6.53653717
6.53653717
3.545129538
7.090259075
10.63538837
0
0
8.319660187
4.159830093
8.319660187
8.319660187
4.754091263
0
0
6.441570759
3.220785379
0
0
0
0
0
0
11.69134045
9.562931061
20.91891098
4.183782101
0
4.183782101
4.358847141
21.79423714
0
0
0
0
0
6.935026646
6.935026646
9.102221489
0
0
8.460677147
0
13.46016979
9.894786835
0
0
5.771958828
0
5.122332573
6.423241615
10.12270451
0.447187722
0.487841159
0
0
3.664947033
0
0
4.548157692
0
9.096315384
9.096315384
4.548157692
0
0
16.06428528
8.032142639
8.032142639
4.908417225
0
4.908417225
11.21924019
9.81683445
0
0
0
0
7.071949005
0
11.35020733
11.35020733
5.675103664
5.675103664
0
0
8.74562645
17.4912529
7.652421951
15.3048439
0
13.69725323
0
13.69725323
0
9.79684639
0
0
8.572239876
17.14447975
0
9.956254005
17.42344475
8.711722374
0
0
8.710393906
0
19.90947342
0
0
6.136167049
0
6.136167049
12.2723341
8.869473457
40.54616547
0
0
17.73894691
0
19.66239738
0
0
19.66239738
26.60740662
26.60740662
0
17.73827171
8.869135857
10.05838108
0
0
20.11676216
0
0
0
0
17.98635674
0
0
0
20.8096447
0
6.936548233
0
0
0
0
0
0
0
0
0
0
0
8.146539688
0
0
0
0
0
35.68175888
20.38957977
0
8.92043972
0
27.14550018
0
0
18.09700203
12.31213474
0
0
12.31213474
24.62426949
0
0
0
15.35927963
0
0
13.89474678
0
0
0
13.89474678
0
0
16.44475365
16.44475365
16.44475365
0
28.24836159
0
0
0
11.79519081
11.79519081
35.38557053
0
11.79519081
23.89461899
0
0
23.89461899
23.89461899
5.345628738
10.69125748
0
16.03688622
16.03688622
0
0
7.220229149
14.4404583
0
0
0
6.963232517
6.963232517
6.963232517
0
7.582179546
7.582179546
7.582179546
0
0
0
22.46352386
14.97568417
14.97568417
0
12.83550835
38.50652313
0
0
0
0
0
9.281594276
3.093864679
0
0
0
0
3.069057941
6.138115883
0
0
0
0
0
0
0
5.202428341
5.202428341
0
0
5.697283268
0
0
0
4.897783756
8.571121216
0
0
0
0
0
0
0
0
0
0
0
0
0
0
0
0
0
0
0
0
0
0
0
0
0
4.966351032
0
0
5.923873901
0
0
0
0
0
-0.2
7.1
0
3.89593029
0
0
0
0
0
0
0
0
0
0
0
0
0
0
0
0
0
0
0
1.984605789
0
0
0
3.058888435
0
0
0
0
0
0
0
0
0
0
0
0
0
0
0
0
0
0
0
0
0
0
0
0
0
8.295007706
0
0
0
0
0
0
0
0
0
0
0
0
0
0
0
0
0
0
0
0
0
0
0
10.94208336
0
10.94208336
10.94208336
16.41312599
0
0
3.305677891
0
6.611355782
0
23.55381203
11.77690601
0
0
0
4.661405087
2.330702543
2.330702543
4.661405087
6.992107391
0
0
0
0
0
14.57847214
2.429744959
0
2.776851654
2.429744959
0
4.727523327
9.455046654
0
9.455046654
3.698744059
18.4937191
0
0
0
4.213026524
4.213026524
8.426053047
4.213026524
8.426053047
13.53724384
0
0
6.768621922
6.768621922
8.411063194
4.205531597
4.205531597
4.205531597
8.411063194
5.045537472
0
5.045537472
10.09107494
10.09107494
9.600481033
0
0
0
0
0
0
9.336338043
14.00450516
0
14.38581657
0
0
0
0
7.192908287
15.54293633
5.180978775
10.36195755
0
10.36195755
0
0
0
24.33983803
0
0
14.08865833
0
14.08865833
0
41.82112885
0
10.45528221
10.45528221
10.45528221
3.335815907
6.671631813
0
3.335815907
3.335815907
0
0
0
0
18.11698341
0
0
5.683208466
0
2.841604233
20.88712883
10.44356441
0
10.44356441
0
0
0
8.079994202
8.079994202
0
0
0
0
0
0
0
0
0
0
0
0
0
0
8.316364288
0
8.316364288
39.45079422
0
7.890158176
0
0
0
0
5.719841003
5.719841003
0
0
0
0
0
0
0
0
7.003321648
0
0
0
0
17.89433861
0
0
8.632752419
8.632752419
0
0
0
0
0
0
0
0
10.72373009
6.592464924
13.18492985
6.592464924
0
26.3698597
4.605330467
0
4.605330467
4.605330467
9.210660934
0
25.14069366
0
0
25.14069366
0
5.253578186
0
5.253578186
10.50715637
0
12.24766254
0
0
0
15.06400585
7.532002926
7.532002926
0
0
15.13958836
15.13958836
0
7.569794178
0
0
0
0
5.669838428
0
7.721785069
7.721785069
15.44357014
0
0
3.45732522
6.91465044
0
6.91465044
0
0
0
16.28045082
16.28045082
0
16.28045082
5.844270706
0
0
2.922135353
0
0
0
0
0
0
0
0
0
0
10.42765236
0
0
0
3.871457577
0
5.401006699
0
0
0
0
0
0
0
0
1.680111885
0
0
0
0
0
0
0
0
0
0
12.96821499
0
0
0
0
0
0
0
0
0
0
0
0
0
0
0
0
0
0
0
0
-0.2
7.1
0
0
0
0
4.449681759
0
0
0
0
0
0
0
0
0
0
0
0
0
0
0
2.925376415
0
0
0
0
0
0
0
0
0
0
0
0
0
0
0
0
0
0
0
0
0
0
0
0
0
0
0
0
0
0
0
0
0
0
0
3.148141623
3.148141623
3.148141623
3.669990063
3.669990063
0
7.339980125
3.669990063
0
0
1.452643633
0
1.452643633
0
2.724740744
7.152444363
7.152444363
0
5.806854248
1.935618043
1.935618043
5.806854248
0
2.301888227
2.301888227
2.301888227
0
2.301888227
5.723421097
5.723421097
2.861710548
2.861710548
2.861710548
5.723421097
21.43286896
8.57314682
25.71944046
0
4.28657341
4.306470871
0
0
0
0
4.202127457
6.303191185
4.202127457
0
0
5.912174702
2.956087351
8.868262291
2.956087351
0
5.464985371
5.464985371
0
5.464985371
10.92997074
7.492893219
0
0
11.23933983
0
0
0
12.99471188
12.99471188
0
0
0
0
15.9119091
0
0
4.084277153
8.168554306
8.168554306
16.33710861
0
0
0
0
12.92676258
0
0
0
19.2484951
6.416165352
0
13.28003883
6.640019417
13.28003883
6.640019417
6.640019417
0
0
0
0
20.10057449
0
0
12.64388371
0
0
0
0
11.41225433
0
0
0
0
7.6196661
7.6196661
0
0
0
37.42982101
18.71491051
0
0
18.833992
0
9.416996002
0
0
5.403483391
5.403483391
5.403483391
0
0
0
0
0
0
22.2488308
0
0
0
0
0
0
0
0
0
10.03510094
5.017550468
0
0
0
0
0
0
0
0
0
0
0
0
0
0
0
0
0
0
0
0
14.74390507
0
0
0
0
0
0
0
0
0
0
0
0
0
0
0
16.96772766
0
0
0
0
0
0
0
0
0
0
19.22885704
9.61442852
0
0
37.75380707
0
0
0
0
15.05524445
7.527622223
7.527622223
0
0
19.71149445
9.855747223
0
29.56724167
0
20.49555397
0
0
0
0
0
0
0
0
0
0
0
0
0
0
0
0
0
8.37938118
0
28.69334221
0
0
0
0
14.52003956
0
7.260019779
0
0
5.300962448
0
0
0
0
0
0
0
0
0
11.56775093
0
0
0
11.56775093
0
0
0
0
0
0
0
0
0
0
0
0
0
0
0
0
0
0
0
0
3.480487585
3.480487585
3.480487585
0
0
0
0
0
0
0
0
0
0
0
0
0
0
0
0
0
0
0
0
0
0
0
0
0
5.551885128
0
0
-0.2
7.1
0
0
0
0
0
0
5.945746899
0
0
0
2.338146448
0
0
0
0
0
0
0
0
0
0
0
0
4.142643929
0
0
0
0
0
0
0
0
0
0
0
0
0
0
0
0
0
0
0
0
0
0
0
0
0
0
0
0
2.249922991
4.499845982
2.249922991
2.249922991
2.964077234
0
0
0
3.411539316
1.705769658
0
0
5.063358307
2.531679153
7.595037937
2.531679153
7.595037937
0
0
4.141989231
0
4.141989231
3.947118521
3.947118521
3.947118521
3.947118521
0
0
2.822610378
2.822610378
0
1.411305189
0
7.174963474
7.174963474
10.7624445
0
0
0
0
6.746637344
3.373318672
0
4.529084206
13.58725262
13.58725262
13.58725262
4.529084206
8.38407135
0
8.38407135
0
8.38407135
6.111828804
0
6.111828804
18.33548737
0
0
0
3.928159714
0
0
2.633733749
9.02994442
0
7.901201248
2.633733749
14.5902853
14.5902853
0
9.726857185
0
19.08432961
0
6.361442566
19.08432961
0
11.94274807
5.971374035
0
11.94274807
0
5.420202732
16.26060677
5.420202732
16.26060677
0
0
10.50453186
5.25226593
0
0
4.281918526
12.84575462
8.563837051
4.281918526
4.281918526
0
0
14.55501842
14.55501842
14.55501842
0
38.07103729
0
0
19.03551865
25.38069153
0
0
18.92473793
14.41884804
0
11.71506882
0
0
23.43013763
11.71506882
8.629555702
0
4.314777851
4.314777851
0
0
43.09736633
0
0
0
0
25.44665527
22.26582527
0
11.13291264
0
0
9.298335075
0
0
5.49207449
5.49207449
0
0
5.49207449
5.334516525
5.334516525
0
0
5.334516525
0
11.277771
16.91665649
0
0
0
0
10.25692654
0
0
10.25692654
0
0
0
0
28.83007431
0
0
0
16.36579514
0
0
0
15.88368416
0
0
0
0
0
5.203415394
0
17.12028122
0
0
0
0
0
0
0
0
0
0
3.86042285
0
3.86042285
7.720845699
0
22.03401947
0
11.01700974
11.01700974
0
0
0
0
0
0
0
0
0
0
0
9.502176285
0
9.502176285
10.85963058
0
0
0
0
9.630875587
0
0
8.056283951
8.056283951
0
0
0
0
0
11.57811451
11.57811451
0
5.546533585
0
16.63960075
11.09306717
9.753149033
19.50629807
9.753149033
9.753149033
0
7.983262539
7.983262539
7.983262539
0
15.96652508
0
0
12.14690876
0
12.14690876
0
0
0
2.51271534
7.538146496
10.05086136
5.05179739
0
0
4.420322418
8.840644836
0
0
0
0
0
4.794614792
0
0
0
0
0
0
0
0
0
0
0
0
0
0
0
0
0
2.397190332
9.58876133
4.546798229
0
0
4.546798229
0
0
0
0
0
0
0
0
0
0
0
0
0
0
0
0
0
0
0
0
0
0
-0.2
7.1
0
0
0
0
0
0
0
0
0
0
0
0
2.697892904
0
0
0
0
0
0
0
0
0
5.2872262
1.762408614
0
0
0
0
0
0
0
0
0
0
0
0
0
0
0
0
6.795649052
3.022622347
0
0
4.53393364
1.511311173
5.892106056
2.946053028
0
0
0
2.900149584
0
5.800299168
2.900149584
0
4.941456318
0
0
5.103089809
0
0
0
0
0
0
0
7.229445934
0
0
0
0
0
0
0
0
0
6.787841797
5.090881348
0
0
0
0
4.085363865
0
3.44365859
0
6.887317181
6.887317181
0
0
4.238117695
12.71435261
0
4.238117695
6.111976147
6.111976147
4.074651241
2.037325621
0
13.5298214
3.382455349
0
3.865663052
16.91227531
2.765782356
2.765782356
2.765782356
8.297347069
5.531564713
0
0
0
0
0
0
13.20522785
0
3.301306963
6.602613926
0
0
0
0
8.203210831
0
0
0
0
0
8.782130241
17.56426048
0
0
0
0
13.959445
0
0
0
2.68554306
0
2.68554306
5.371086121
8.056629181
0
3.870721579
15.48288631
3.870721579
0
3.870721579
17.19168663
12.8937645
4.297921658
4.297921658
4.297921658
25.04638481
25.04638481
0
12.52319241
12.52319241
0
10.99796391
0
0
0
0
0
55.61138916
18.53712845
0
12.80653191
12.80653191
0
0
0
0
5.231990814
0
10.46398163
0
0
0
0
0
0
0
0
0
0
0
0
2.398630857
0
2.398630857
2.398630857
23.74233055
11.87116528
11.87116528
0
11.87116528
4.270550728
0
0
0
0
7.279010296
21.83703041
0
0
0
0
0
0
0
0
0
0
0
0
0
13.36325359
10.26308441
0
0
0
10.26308441
0
0
0
27.17435646
0
0
0
11.31394386
0
0
0
0
0
0
0
17.48278236
0
0
0
16.02214813
8.011074066
0
0
0
37.86759567
0
0
0
25.90983772
0
0
11.98064137
0
11.98064137
35.94192505
0
0
14.32042217
0
14.32042217
14.32042217
0
0
0
0
39.50372696
0
0
0
0
4.98098135
5.208375931
0
0
15.62512875
5.208375931
0
14.10385132
0
42.31155014
0
12.6276598
6.313829899
6.313829899
6.313829899
0
2.894608736
0
0
0
2.894608736
7.948988438
0
7.948988438
7.948988438
0
0
0
0
4.804803848
4.804803848
4.804803848
0
0
0
9.478312492
4.739156246
0
6.238571167
0
6.238571167
0
0
8.248497009
8.248497009
0
0
0
0
0
4.779328823
0
0
0
0
0
1.116883278
0
3.620396137
1.810198069
3.620396137
0
0
0
0
0
0
0
0
13.17625046
0
0
0
0
0
0
0
0
0
0
0
0
0
0
0
0
0
0
-0.2
7.1
0
0
0
0
0
0
0
0
0
0
0
0
0
0
0
0
0
0
0
0
4.142351627
4.142351627
4.142351627
0
0
0
0
0
0
0
0
0
3.163668156
0
0
0
0
0
0
0
0
0
0
0
2.578825474
5.157650948
3.925879002
0
0
0
3.925879002
0
0
0
0
4.592680931
3.891889572
3.891889572
3.891889572
5.837834358
7.629928589
2.543309212
5.086618423
0
0
0
0
0
0
0
0
0
0
0
3.512652397
13.83515549
0
0
0
0
3.708941221
5.563411713
3.708941221
0
1.854470611
0
0
1.920292497
3.840584993
7.681169987
3.840584993
11.30749512
3.769165277
3.769165277
3.769165277
3.769165277
7.786067963
3.893033981
7.786067963
0
0
0
2.90038991
2.90038991
0
5.800779819
0
0
2.986791611
2.986791611
2.986791611
0
10.75116444
0
0
0
0
16.78253937
13.42603111
6.713015556
3.356507778
2.598276138
0
0
0
0
12.98383236
3.24595809
3.24595809
0
0
9.000763893
0
0
18.00152779
9.000763893
0
0
0
8.64365387
4.321826935
0
7.14631319
7.14631319
0
7.14631319
26.17520523
0
0
0
0
20.94016457
0
0
22.15420914
14.76947308
0
0
23.82530594
0
0
0
0
0
7.938929081
15.87785816
0
0
0
0
0
0
0
0
0
0
0
0
0
6.945487499
0
13.890975
0
0
0
0
0
19.65823364
0
0
39.31646729
9.829116821
0
0
0
10.89996815
10.89996815
0
0
0
0
0
0
0
0
0
0
0
0
0
0
0
31.9230938
0
0
8.576199532
0
0
0
0
0
0
0
0
0
0
24.51277733
0
0
0
0
0
0
0
0
0
0
15.48238182
11.62961864
0
0
11.62961864
11.62961864
0
7.120949268
0
7.120949268
7.120949268
0
0
12.76099682
0
0
0
0
0
29.15335274
14.57667637
0
0
0
10.88763046
32.66288757
10.88763046
8.072742462
0
0
7.063649654
0
15.51079273
0
7.755396366
15.51079273
7.755396366
0
0
17.43231201
8.716156006
8.716156006
5.269287109
5.269287109
5.269287109
5.269287109
10.53857422
14.35920048
0
0
0
0
0
0
0
0
9.111774445
0
0
5.672649384
0
5.672649384
0
0
0
17.7902813
0
8.895140648
0
0
6.62029171
0
0
0
6.583591461
0
0
0
0
0
0
0
0
4.717000961
0
4.717000961
4.717000961
4.717000961
0
0
0
8.631017685
2.877006054
8.096546173
0
0
0
0
0
0
0
0
0
0
0
4.794335365
0
0
0
14.63447189
0
0
0
0
0
0
0
0
0
4.192514896
4.192514896
0
4.192514896
4.80848217
0
0
0
10.73467731
0
-0.2
7.1
0
0
0
0
0
0
0
0
0
0
0
0
0
0
0
0
0
0
0
0
0
0
0
0
1.758203268
0
0
2.762095213
5.524190426
0
0
0
0
2.411769152
2.411769152
0
0
0
0
7.822083473
0
0
5.603559494
2.801779747
0
0
0
0
0
3.243685722
0
3.617005825
4.133720875
0
0
7.23401165
1.859373927
0
3.718747854
4.700428963
2.350214481
4.700428963
2.350214481
0
5.414504051
2.707252026
8.1217556
2.707252026
5.414504051
10.5176096
10.5176096
10.5176096
5.258804798
0
0
4.857112885
4.857112885
9.714225769
14.57133865
2.968430996
0
0
4.452646255
1.484215498
0
0
0
0
0
12.84675884
2.090555191
0
2.090555191
4.181110382
2.090555191
2.000573397
2.000573397
0
0
2.000573397
0
0
0
22.78226852
11.39113426
0
0
6.213747025
2.330154896
16.31108475
4.484253883
8.968507767
17.93701553
0
0
0
0
0
19.10955238
9.554776192
0
0
12.24139977
12.24139977
6.120699883
0
7.886003017
0
15.77200603
7.886003017
0
0
0
0
0
0
5.503837585
11.00767517
0
0
0
11.60174084
0
0
0
12.02054596
18.03081894
0
0
12.02054596
12.02054596
0
0
15.73990154
0
15.73990154
0
0
0
0
22.90435982
15.77838993
0
15.77838993
7.889194965
15.77838993
0
0
10.56080914
0
0
0
0
15.69578075
15.69578075
0
8.572611809
0
0
0
0
0
0
0
0
15.9299221
0
0
0
0
0
0
0
8.42220211
0
0
9.222079277
9.222079277
0
0
9.222079277
2.635258436
2.635258436
5.270516872
2.635258436
5.270516872
0
0
0
0
0
0
0
0
0
0
0
0
0
0
0
0
0
0
0
0
0
0
0
0
0
0
0
0
0
0
0
0
0
18.53793335
37.0758667
0
0
13.29550362
0
0
0
13.29550362
0
0
6.810551643
0
6.810551643
0
0
0
11.47339535
0
0
0
10.81280994
10.81280994
0
0
0
16.00784111
32.01568222
0
0
46.2996788
0
0
0
0
8.655535698
0
0
8.655535698
0
8.123969078
8.123969078
0
16.24793816
0
0
0
0
13.2137785
0
8.29022789
0
16.58045578
8.29022789
0
3.535461664
0
0
0
0
0
0
11.27646542
0
0
10.70116425
0
10.70116425
10.70116425
5.350582123
0
0
0
0
0
1.742606401
0
0
0
0
0
0
0
0
0
0
0
0
0
5.977529526
3.24680233
6.49360466
0
0
3.24680233
11.28430367
0
0
0
0
5.125542641
0
0
0
5.125542641
0
0
0
0
0
0
0
0
0
0
0
0
0
0
0
0
0
0
0
0
0
-0.2
7.1
0
0
0
0
2.462801695
0
2.103688478
0
0
0
0
1.081220508
0
0.540610254
0.540610254
0
0
1.246016502
0
0
0
0
0
0
0
0
0
3.426123381
3.426123381
3.426123381
0
0
0
0
0
0
1.463653684
0
1.463653684
0
1.463653684
2.02323103
0
0
4.046462059
2.02323103
6.093856812
2.031285524
0
2.031285524
0
1.584786177
3.169572353
0
0
0
1.575811148
0
1.575811148
6.985230923
3.492615461
3.492615461
3.492615461
3.492615461
8.790924072
13.18638611
0
8.790924072
0
0
0
0
4.150650978
2.075325489
0
0
0
5.241055012
10.48211002
8.052586555
8.052586555
0
0
0
3.454860687
3.454860687
0
0
0
6.909721375
0
10.20196915
6.8013134
3.4006567
3.4006567
2.700715303
0
0
2.700715303
0
0
2.927182913
5.854365826
5.854365826
0
5.773532391
2.886766195
5.773532391
5.773532391
0
0
0
0
6.231450558
12.46290112
0
5.901740551
11.8034811
11.8034811
5.901740551
0
4.212308407
8.424616814
4.212308407
0
8.07096386
12.10644627
8.07096386
4.03548193
20.17740822
10.35675812
0
15.53513718
5.178379059
10.35675812
16.83063126
0
11.22041988
11.22041988
16.83063126
0
0
12.86689472
0
6.433447361
0
0
8.743719101
0
13.1155777
0
0
0
21.31373596
0
0
0
0
0
31.34332848
15.67166424
7.960220814
0
0
0
23.88066292
0
0
8.701828003
0
17.40365601
0
15.82660198
15.82660198
15.82660198
0
0
0
0
6.648322105
0
0
0
0
0
22.69272232
0
8.048131943
0
0
0
0
0
0
0
0
0
10.22455692
0
0
0
0
0
0
0
0
0
0
8.128416061
8.128416061
8.128416061
16.25683212
18.75635719
37.51271439
9.378178596
0
0
0
0
0
0
0
0
0
0
0
13.62362766
0
0
6.059824944
0
0
0
0
0
0
0
16.84929276
8.424646378
0
0
0
8.424646378
30.25423241
0
20.16948891
10.08474445
0
9.296351433
18.59270287
18.59270287
0
9.296351433
0
16.41187096
0
5.47062397
16.41187096
0
0
0
0
0
0
28.33089447
9.443631172
9.443631172
9.443631172
0
6.516119957
6.516119957
6.516119957
6.516119957
0
0
0
14.3074379
0
0
0
0
20.49027634
10.24513817
26.79051781
0
6.697629452
0
0
6.627357483
0
6.627357483
39.76414871
0
0
7.834181309
0
0
0
0
0
0
11.64555359
0
0
3.588629246
3.588629246
0
0
3.588629246
2.224955559
0
2.224955559
0
0
0
0
0
0
0
0
0
0
0
0
0
0
0
0
0
0
0
0
0
0
0
12.38583183
0
0
0
0
0
0
0
0
0
0
0
0
0
0
0
0
0
0
0
0
0
0
0
0
0
0
0
0
0
-0.2
7.1
0
0
0
0
0
0
0
0
0
0
0
0
0
0
0
0
0
0
0
0
0
0
0
0
0
0
0
0
2.729285479
5.458570957
0
0
0
0
0
0
2.365430593
4.730861187
4.730861187
4.730861187
4.730861187
0
0
0
0
0
0
0
0
0
3.036068678
0
0
4.130180359
0
0
0
0
0
0
0
0
0
0
0
0
3.4532547
0
3.4532547
0
0
0
0
0
3.939188242
0
7.878376484
3.939188242
0
2.861770153
2.861770153
11.44708061
2.861770153
2.861770153
10.25366592
0
0
0
15.38049889
0
9.778481483
19.55696297
0
9.778481483
24.44620514
0
22.63625145
0
0
0
2.003601313
0
6.010804176
2.003601313
4.007202625
3.42333293
3.42333293
13.69333172
0
0
5.678534985
11.35706997
0
0
5.678534985
11.06932545
3.689775229
3.689775229
7.379550457
3.689775229
0
24.32127571
0
24.32127571
6.080318928
0
2.028981209
2.028981209
0
4.057962418
21.50725365
0
0
21.50725365
0
0
0
0
0
3.070629835
13.77154541
0
4.590515137
0
4.590515137
0
7.98084259
0
0
0
0
0
28.63110924
0
19.08740616
0
0
10.86121178
0
0
10.86121178
3.517004728
0
7.034009457
0
0
0
0
0
0
22.91241646
0
0
14.02497578
14.02497578
0
0
0
13.04141331
0
0
0
0
0
0
0
0
0
0
0
0
0
6.019609928
0
0
0
16.28723526
0
0
0
32.57447052
11.89651966
0
23.79303932
0
35.68955994
0
28.97368431
0
0
0
0
0
0
0
0
0
0
0
0
0
0
0
0
36.18394852
0
0
0
0
0
0
19.92839432
0
0
0
0
0
0
12.29273987
12.29273987
0
24.58547974
36.87822342
10.07298088
0
30.21894264
20.14596176
20.14596176
0
0
12.61233139
37.83699417
0
0
20.62392998
0
0
20.62392998
11.34493256
11.34493256
0
22.68986511
11.34493256
22.25641251
11.12820625
22.25641251
22.25641251
22.25641251
0
0
32.0879097
0
0
0
0
0
0
9.644414902
0
0
0
0
0
12.59780407
0
6.298902035
6.298902035
6.298902035
0
5.814742565
17.44422722
11.62948513
0
0
0
15.96706486
0
15.96706486
20.27928734
20.27928734
0
0
0
0
0
6.721987247
0
3.360993624
0
0
0
0
0
0
0
0
0
0
4.939835072
2.735518217
0
0
0
2.735518217
4.590143204
0
0
0
4.590143204
0
0
0
0
0
0
12.69118309
6.345591545
6.345591545
0
0
0
0
0
0
0
0
0
0
0
0
0
0
0
0
0
0
0
0
0
0
0
0
0
0
0
-0.2
7.1
0
0
0
3.089983225
3.089983225
0
0
0
0
0
0
0
0
0
0
0
0
0
0
0
0
0
0
0
0
0
0
0
0
0
0
0
0
0
0
0
0
0
2.655655146
2.655655146
0
0
0
0
0
0
0
0
0
0
0
0
0
0
0
0
1.756703496
0
1.756703496
0
0
4.348438263
2.174219131
6.522657394
2.174219131
2.199021339
0
0
2.199021339
4.398042679
4.545489311
6.818234444
2.272744656
0
0
1.660449862
1.660449862
4.981349468
1.660449862
0
5.940783501
5.940783501
5.940783501
2.97039175
0
4.009657383
0
4.009657383
8.019314766
0
12.02897167
5.95042944
2.97521472
5.95042944
0
5.95042944
3.422854424
3.422854424
3.422854424
0
3.422854424
7.102797031
0
7.102797031
3.551398516
0
0
15.16263485
0
0
0
0
0
15.97969151
0
7.989845753
0
7.532431126
7.532431126
3.766215563
0
0
3.480111361
10.44033337
0
3.480111361
0
0
3.123816252
3.123816252
0
12.7983532
4.266117573
17.06447029
0
0
5.846768856
0
8.770153046
8.770153046
2.923384428
4.861440182
4.861440182
0
14.58432102
19.44576073
0
0
23.52250099
11.7612505
0
17.64187622
0
0
18.48721504
0
0
0
0
0
16.06245995
0
0
0
35.44833374
17.72416687
0
0
7.468665123
0
0
0
0
6.042806625
6.042806625
18.12841988
0
0
14.27937984
21.41906929
14.27937984
28.55875969
5.343537331
0
5.343537331
5.343537331
0
0
0
0
0
0
0
0
0
12.08254528
12.08254528
0
0
14.80698586
14.80698586
0
9.250300407
18.50060081
0
9.250300407
0
13.30417252
39.91251755
0
0
6.652086258
13.30417252
10.0433321
0
10.0433321
0
0
0
17.17614937
17.17614937
0
0
0
6.914802551
0
6.914802551
0
0
0
0
0
0
0
6.938696384
0
0
20.81608772
0
0
26.91522217
8.971740723
0
0
11.05906963
11.05906963
0
11.05906963
0
0
0
0
0
15.84482956
34.55765152
0
0
0
0
0
10.85389519
10.85389519
0
10.85389519
0
26.0464344
8.682145119
0
0
11.07280827
33.21842575
11.07280827
0
0
14.58089733
0
7.290448666
0
7.290448666
21.17871094
0
0
0
7.059570789
8.063734055
0
4.031867027
8.063734055
4.031867027
26.27488899
26.27488899
0
0
0
0
0
0
0
0
0
4.886372566
0
9.772745132
0
4.886372566
0
0
0
0
0
0
0
0
0
8.383094788
0
0
0
0
0
0
0
0
0
5.004272461
3.327268124
0
0
0
0
0
0
0
0
0
0
11.50151157
11.50151157
11.50151157
0
0
0
0
0
0
0
9.350028038
0
2.33750701
2.33750701
4.814801216
0
0
0
0
0
0
0
0
0
0
0
0
0
0
0
-0.2
7.1
0
0
0
0
0
0
0
0
0
0
0
0
0
0
0
0
0
0
0
0
0
0
0
0
0
0
0
0
0
4.125948906
4.125948906
0
0
0
0
0
0
7.251448154
3.625724077
7.251448154
0
10.73060036
0
0
0
0
0
2.312311649
4.624623299
0
0
0
4.805131435
0
2.402565718
4.805131435
6.403970242
3.201985121
0
0
3.382235527
0
0
0
6.576715946
13.15343189
19.73014832
0
0
10.17257977
6.781719208
10.17257977
0
3.390859604
0
0
5.945957184
2.972978592
2.972978592
6.060694695
0
0
3.030347347
6.060694695
4.851384163
9.702768326
0
9.702768326
0
9.702768326
10.22889137
12.78611374
0
5.114445686
2.557222843
5.684943676
11.36988735
5.684943676
5.684943676
0
0
6.578703403
19.73611069
0
0
9.508798599
4.7543993
4.7543993
9.508798599
0
2.561654806
2.561654806
0
5.123309612
0
0
0
0
0
0
9.572179794
4.786089897
9.572179794
4.786089897
14.35826969
10.28177929
10.28177929
5.140889645
15.42266941
15.42266941
0
0
0
6.625675678
0
0
2.716714859
2.716714859
5.433429718
0
0
0
0
4.092047691
12.27614212
0
0
0
7.006418228
7.006418228
0
0
0
0
17.15869522
0
0
7.194471359
7.194471359
7.194471359
28.77788544
42.08016586
0
0
0
8.416033745
15.60877419
0
0
23.41316032
0
6.939930916
0
0
6.939930916
6.939930916
14.08268261
0
28.16536522
7.041341305
7.041341305
0
0
0
51.36491013
0
24.86877441
0
0
24.86877441
0
0
0
0
0
0
0
6.109776974
0
0
0
0
0
0
0
19.16210175
0
0
0
0
0
12.21545506
0
0
8.450546265
0
0
13.80660534
0
0
0
6.90330267
0
0
8.060168266
0
0
4.799234867
9.598469734
4.799234867
0
9.598469734
0
0
0
5.625618458
5.625618458
0
0
21.74080849
0
0
0
0
0
0
7.299413681
0
0
0
10.90209198
21.80418396
0
7.73505497
7.73505497
15.47010994
0
15.47010994
45.21848297
0
0
0
0
7.770040989
0
0
0
0
0
6.856478214
6.856478214
0
0
0
0
0
0
9.4570961
0
8.502723694
8.502723694
0
0
0
0
11.96205997
11.96205997
0
0
0
0
5.345139503
5.345139503
8.533614159
0
0
0
8.533614159
0
9.488240242
9.488240242
9.488240242
0
0
14.40230656
7.201153278
7.201153278
0
0
0
0
0
0
0
8.490350723
8.490350723
0
0
8.490350723
0
0
0
0
0
0
0
0
0
0
0
0
0
0
0
0
0
0
0
0
0
0
0
0
0
5.272771835
15.81831551
0
0
0
0
0
0
0
0
0
0
0
0
0
0
0
0
0
0
0
-0.2
7.1
2.086339235
0
0
0
0
0
0
0
0
3.582402229
0
0
0
0
1.975918293
1.403334975
0
0
0
0
0
0
0
0
0
0
4.801330566
0
0
0
0
0
0
0
0
0
0
0
0
0
0
0
14.40287781
0
14.40287781
0
2.302139997
2.302139997
6.906420708
4.604279995
4.604279995
0
10.42525291
3.475084305
0
3.475084305
2.995225191
1.497612596
2.995225191
1.966291308
1.966291308
3.932582617
1.966291308
1.966291308
0
0
13.17449188
19.76173782
19.76173782
4.062765121
12.18829346
0
4.062765121
8.125530243
0
0
3.211733103
12.84693241
3.211733103
0
0
0
0
0
0
0
0
0
0
0
2.331897259
2.331897259
9.327589035
0
2.331897259
6.121558666
0
0
0
6.121558666
0
0
0
7.371173382
7.371173382
4.259335518
6.389003277
0
2.129667759
6.389003277
3.237964392
6.475928783
3.237964392
9.713892937
0
0
0
8.147916794
0
4.073958397
11.86601639
11.86601639
0
0
11.86601639
0
0
0
5.133432388
0
0
4.12485218
4.12485218
4.12485218
4.12485218
6.221512794
0
0
0
12.44302559
12.11583424
0
0
0
0
23.63081932
7.876939774
0
0
7.876939774
0
0
0
8.560415268
17.12083054
0
15.53326797
15.53326797
0
31.06653595
0
8.98022747
17.96045494
0
8.98022747
8.98022747
12.18348122
0
6.091740608
0
6.091740608
0
19.39728355
0
0
6.465761662
0
0
14.16550922
0
0
17.27526665
17.27526665
0
8.637633324
8.637633324
0
6.826457977
6.826457977
6.826457977
20.47937202
0
0
6.178916454
0
0
0
0
0
0
0
0
0
0
0
0
0
2.380861521
0
0
0
0
0
0
0
0
0
0
13.92999935
0
0
0
0
0
0
7.33654356
0
0
17.6018734
0
0
17.6018734
12.91279316
12.91279316
0
12.91279316
0
9.845854759
0
0
0
0
0
0
0
9.221222878
0
36.88489151
0
0
0
21.95363045
21.95363045
12.97333336
12.97333336
0
19.46000099
25.94666672
0
19.75403976
19.75403976
0
19.75403976
0
0
0
39.81804657
0
0
0
0
0
0
4.440099716
4.440099716
13.3203001
4.440099716
8.880199432
8.162884712
32.65153885
0
0
16.32576942
0
11.53961754
0
11.53961754
0
0
7.64696455
7.64696455
0
22.94089317
0
0
0
16.38672066
0
18.59755516
6.199185371
0
6.199185371
18.59755516
6.199185371
5.148136139
5.148136139
5.148136139
0
5.148136139
7.030080318
0
0
0
0
7.117984295
7.117984295
14.23596859
0
0
0
8.701227188
8.701227188
0
0
5.552318573
11.10463715
0
0
0
0
2.514813662
0
0
0
0
0
0
0
6.765415668
0
0
0
0
0
0
0
0
0
0
0
0
0
0
0
0
0
0
0
0
0
0
10.27349472
0
0
0
-0.2
7.1
0
0
0
0
0
0
0
0
0
0
0
0
0
0
0
0
0
0
0
0
0
0
0
0
0
0
0
0
0
4.148204803
4.148204803
5.554439068
2.777219534
5.554439068
0
0
0
0
0
0
7.474525928
9.292441368
9.292441368
9.292441368
4.646220684
0
0
0
0
0
0
0
14.02526569
7.012632847
0
14.02526569
0
9.033127785
0
0
0
5.45829916
0
0
0
4.540426731
6.810639858
4.540426731
2.270213366
1.856909513
3.713819027
1.856909513
3.713819027
1.856909513
5.418936729
0
2.709468365
2.709468365
0
8.600158691
2.866719723
0
5.733439445
5.733439445
4.997086048
0
4.997086048
4.997086048
0
0
4.015284061
8.030568123
0
4.015284061
0
0
0
0
6.216459751
0
1.918861032
7.675444126
1.918861032
0
0
0
11.00976944
5.50488472
0
0
3.271071434
3.271071434
6.542142868
6.542142868
3.271071434
0
12.10919189
12.10919189
12.10919189
0
0
6.534148216
0
19.6024456
0
0
0
12.9057579
0
0
0
9.908675194
0
9.908675194
0
0
0
10.20936584
0
0
0
0
5.692769051
0
0
7.535183907
7.535183907
11.30277634
0
3.767591953
3.767591953
0
0
18.18366623
6.061222553
12.12244511
0
9.672951698
14.50942707
9.672951698
0
16.98024178
16.98024178
0
0
0
15.75618458
0
21.00824547
0
0
7.332815647
0
0
7.332815647
7.332815647
17.04169083
17.04169083
0
8.520845413
8.520845413
0
0
30.62151146
0
7.655377865
21.81172371
0
0
7.27057457
21.81172371
9.673868179
4.83693409
4.83693409
0
9.673868179
11.10265636
0
22.20531273
0
22.20531273
5.876955509
0
0
0
0
0
0
0
0
0
0
0
0
0
27.75063515
0
0
7.474565506
0
0
0
0
0
19.18503952
0
0
0
0
0
0
0
0
0
9.044945717
0
0
42.98195267
21.49097633
0
0
10.74548817
21.49097633
0
0
0
0
15.40727615
0
0
30.91907692
0
0
0
0
24.99769783
0
0
5.541962147
16.62588692
0
11.08392429
5.541962147
0
0
13.30983448
26.61966896
0
0
25.32252121
0
8.440839767
8.440839767
18.12820435
0
6.042734623
0
0
0
6.9578619
20.87358475
6.9578619
20.87358475
9.629246712
19.25849342
19.25849342
0
9.629246712
9.917960167
0
19.83592033
0
9.917960167
0
24.8035984
0
16.53573227
16.53573227
21.93157768
0
0
0
0
0
2.845544815
0
0
0
0
0
0
0
0
1.310275912
0
0
4.113583565
0
0
0
0
3.057733774
0
0
0
0
2.407085896
0
0
0
0
0
0
0
0
0
0
0
0
0
0
0
0
0
0
0
0
0
0
0
0
0
0
0
0
0
0
3.058623791
0
3.118040323
0
0
0
0
0
-0.2
7.1
0
0
0
0
0
0
0
0
0
0
0
0
0
0
0
0
0
0
0
0
10.12891293
0
0
0
0
0
0
0
0
0
0
0
0
0
0
0
0
0
0
0
0
0
0
0
0
0
0
0
8.679702759
13.01955414
0
11.12105465
3.707018137
3.707018137
0
0
1.008226395
1.008226395
2.016452789
1.008226395
0
6.233852863
6.233852863
6.233852863
4.155901909
3.323278666
0
0
9.969834328
3.323278666
0
0
0
0
0
0
0
0
0
0
0
0
0
0
5.148414612
0
0
0
3.029385805
9.088157654
0
5.268406391
5.268406391
10.53681278
0
0
8.280432701
0
12.42064953
12.42064953
4.140216351
0
3.864576101
15.45830441
3.864576101
0
3.775734425
9.439335823
0
1.887867212
3.775734425
0
0
0
4.150362492
20.75181198
0
0
0
0
4.157336712
0
3.217392683
3.217392683
6.434785366
0
0
0
7.222443104
3.611221552
0
5.980865479
0
17.94259644
11.96173096
5.980865479
0
9.968142509
0
0
0
6.130879879
0
0
0
3.065439939
0
0
4.890164375
9.780328751
14.67049313
4.890164375
5.526782036
16.58034706
5.526782036
0
11.05356407
0
0
10.59378529
0
0
0
7.714818478
7.714818478
7.714818478
0
11.40535259
22.81070518
0
0
11.40535259
15.45371151
0
0
23.18056488
0
16.73371315
16.73371315
16.73371315
0
0
9.825529099
14.73829365
19.6510582
0
0
0
0
30.35841179
0
0
0
0
0
14.44355297
14.44355297
0
0
0
0
0
0
0
0
0
0
0
0
3.574065685
0
0
7.148131371
0
0
0
0
0
0
0
0
0
0
0
0
0
0
0
0
0
17.40731621
0
0
0
15.50422096
0
0
0
0
0
28.62848282
0
0
0
0
0
0
0
5.545862198
19.82992172
9.914960861
0
0
9.914960861
7.399462223
0
0
0
0
0
0
0
0
18.01063347
15.41495991
7.707479954
15.41495991
0
0
7.18974781
43.13849258
0
14.37949562
0
0
0
0
9.474791527
4.737395763
16.71180534
0
0
5.57060194
11.14120388
4.210090637
0
0
0
8.420181274
0
13.36438942
0
13.36438942
0
13.12352467
13.12352467
26.24704933
13.12352467
13.12352467
0
13.61573982
0
13.61573982
0
0
2.405337811
2.405337811
0
0
0
2.677213669
0
0
10.70885468
2.677213669
0
0
0
0
0
0
0
0
4.180321693
2.090160847
0
6.556106567
3.278053284
0
3.278053284
3.985680819
0
0
0
0
0
2.209409475
0
0
0
0
0
4.901052952
0
0
6.176286221
3.08814311
0
0
0
0
0
0
0
0
0
0
0
0
0
0
0
0
0
0
0
-0.2
7.1
0
0
0
0
0
0
0
0
0
0
0
0
0
0
0
0
0
0
0
0
0
5.199676991
0
0
5.199676991
0
0
0
0
0
0
0
0
0
0
0
0
4.287489891
0
0
0
0
0
4.327562809
0
0
0
0
0
0
0
8.838209152
5.892139435
0
0
8.838209152
1.39733851
2.794677019
2.794677019
2.958409309
2.958409309
5.916818619
8.875227928
5.916818619
0
0
2.889245272
8.6677351
0
0
0
2.604579449
2.604579449
2.604579449
0
0
0
0
2.24379611
4.826236248
2.413118124
2.413118124
2.413118124
0
4.60062933
4.60062933
9.201258659
0
4.60062933
0
0
0
0
0
0
3.760709286
0
3.760709286
3.760709286
0
0
2.291815042
9.16726017
2.291815042
2.291815042
0
2.670203447
8.010609627
5.340406895
2.670203447
2.466787338
4.933574677
2.466787338
0
0
11.65097713
0
3.883659124
7.767318249
0
5.171448708
0
0
15.51434708
0
3.821854115
0
7.643708229
0
3.821854115
5.520864487
0
2.760432243
2.760432243
2.760432243
0
7.496589661
7.496589661
3.74829483
0
0
8.084641457
8.084641457
0
0
2.89458847
6.422614574
3.734808683
2.89458847
1.447294235
0
9.207137108
4.603568554
4.603568554
0
4.603568554
6.002095222
0
12.00419044
12.00419044
0
0
0
0
0
0
0
0
13.34106636
0
0
0
0
0
0
0
0
0
0
16.37409592
0
0
4.265575886
12.79672813
8.531151772
0
0
9.421234131
0
0
0
0
6.007796764
3.003898382
0
3.003898382
0
0
0
0
0
0
0
0
19.7042675
0
0
3.872053862
0
0
0
0
0
0
0
0
0
0
0
7.373412132
0
0
0
0
0
0
0
0
0
0
0
0
0
0
0
0
0
0
0
0
21.44618416
10.72309208
0
0
0
0
0
20.59877014
0
14.79352283
14.79352283
0
14.79352283
0
0
0
0
0
0
0
0
21.35084343
0
10.62926388
0
42.51705551
0
0
0
27.262146
0
0
0
0
0
22.8631115
0
0
12.75774193
0
6.378870964
0
6.378870964
7.731829166
0
3.865914583
0
0
0
20.53309631
0
5.133274078
0
0
0
0
0
0
0
9.454193115
0
4.727096558
0
0
10.09983063
0
0
0
0
0
0
0
0
0
0
0
5.847312927
0
0
0
0
0
6.468717575
9.703076363
0
0
8.197609901
8.197609901
8.197609901
0
0
0
0
0
0
4.824966908
0
0
0
0
0
0
0
0
0
0
0
6.456525803
0
0
0
0
0
0
0
0
0
0
0
0
0
0
0
2.961117983
2.961117983
-0.2
7.1
4.015101433
0
0
0
0
0
0
0
0
0
0
0
0
0
0
0
1.441716671
2.883433342
0
0
0
0
0
0
0
0
0
1.526729584
0
3.053459167
4.580189228
1.808774114
0
0
0
0
0
0
2.92009449
2.92009449
2.92009449
0
0
3.447041988
3.447041988
0
8.07644558
0
0
0
0
0
0
0
0
8.933485985
0
4.783758163
4.783758163
0
0
0
0
4.495561123
2.595994711
5.191989422
5.191989422
0
7.787984371
3.261623144
0
3.261623144
3.261623144
0
5.219518185
10.43903637
7.829277992
0
7.829277992
0
8.44594574
2.815315247
0
0
8.180187225
8.180187225
16.36037445
0
0
8.180187225
0
0
5.90665102
0
5.90665102
6.311116219
2.103705406
0
0
0
0
0
9.258538246
0
0
5.462659836
5.462659836
8.193989754
0
5.462659836
1.97478044
3.949560881
1.97478044
3.949560881
0
5.632106304
0
0
0
11.26421261
4.202839851
0
0
0
8.405679703
16.08958054
5.363193512
2.681596756
2.681596756
2.681596756
2.770453453
2.770453453
5.540906906
8.311360359
5.540906906
0
0
0
6.038515091
3.019257545
0
0
9.260767937
0
0
11.32948971
5.664744854
0
11.32948971
0
0
17.40443993
0
0
17.40443993
17.40443993
34.74277115
0
0
0
0
0
19.4496994
0
0
0
6.164213657
12.32842731
6.164213657
6.164213657
0
0
0
0
30.6414566
0
0
0
10.14752293
5.073761463
0
0
0
8.829181671
35.31672668
8.829181671
0
0
0
0
0
0
0
0
0
0
34.19320297
0
0
0
0
0
0
0
0
0
0
0
0
0
0
4.989848137
0
13.25583839
0
0
0
0
0
0
0
0
0
0
3.744500399
0
0
0
0
10.82996178
32.48988724
0
0
0
0
0
0
42.75392151
0
0
10.68848038
0
0
0
0
0
0
27.57354355
0
0
0
14.29157352
0
15.10517788
15.10517788
0
0
0
26.71699333
8.905664444
17.81132889
0
26.71699333
0
0
15.57674503
15.57674503
0
10.52611542
0
0
0
21.05223083
0
0
6.776744843
6.776744843
0
0
0
9.941177368
0
0
6.614227295
0
6.614227295
6.614227295
0
0
7.857997417
7.857997417
7.857997417
0
0
0
0
0
29.30165672
8.058984756
0
0
0
0
8.058984756
0
0
0
3.513395309
3.513395309
0
0
4.609335423
6.914002895
4.609335423
3.649063826
1.824531913
0
0
0
0
2.039180994
2.039180994
0
0
0
0
0
0
0
0
3.442564011
0
0
0
0
0
0
0
0
0
0
0
0
0
6.166646957
6.166646957
0
0
0
0
0
0
0
0
0
0
0
0
0
0
0
0
0
0
0
-0.2
7.1
0
0
0
0
0
0
0
0
0
0
0
0
0
0
0
0
0
0
0
0
0
0
0
0
4.476612091
3.834918261
0
0
0
0
0
0
0
2.9685781
2.9685781
0
1.578848004
1.578848004
0
0
0
4.817577362
1.605859041
0
1.605859041
4.817577362
4.455009937
4.455009937
4.455009937
0
0
0
0
0
0
0
0
0
0
0
0
0
2.235496283
4.470992565
0
0
0
6.530786037
0
0
11.15193367
5.575966835
5.575966835
0
6.775250912
16.93812752
6.775250912
0
3.387625456
10.93233299
10.93233299
0
5.466166496
27.33083153
0
6.044167519
9.066251755
0
6.044167519
6.044167519
0
0
0
2.154717445
0
0
6.482612133
6.482612133
6.482612133
0
9.648236275
6.43215704
0
0
0
0
0
5.36061573
0
5.36061573
3.938299656
7.876599312
7.876599312
0
0
4.372702599
0
8.745405197
4.372702599
4.372702599
5.750714302
5.750714302
5.750714302
2.875357151
5.750714302
0
0
0
0
0
0
5.133297443
5.133297443
10.26659489
0
0
5.360880852
21.44352341
0
10.7217617
0
0
16.20500565
0
0
3.144165516
0
3.144165516
0
0
3.144165516
0
18.98811913
18.98811913
9.494059563
0
0
25.81053734
0
17.20702553
0
0
0
12.92512321
0
0
0
0
0
0
41.45302963
0
0
0
0
0
0
9.217745781
0
0
0
0
12.86004925
0
0
6.430024624
0
0
0
7.20888567
21.62665749
6.448292255
3.224146128
0
3.224146128
9.672437668
0
0
0
0
0
0
0
0
0
0
0
0
0
0
0
0
0
0
0
0
0
0
0
0
0
0
0
0
0
9.49311924
0
0
0
7.712457657
0
0
0
0
22.27228928
0
0
0
0
0
0
0
17.19091225
0
0
0
0
0
0
0
0
0
0
20.28023529
0
0
20.28023529
0
12.83524799
0
0
0
0
9.294285774
0
0
18.58857155
9.294285774
0
0
15.37679958
0
15.37679958
0
0
0
9.278652191
4.639326096
19.74009895
19.74009895
19.74009895
9.870049477
0
0
0
0
0
0
0
0
0
12.04019928
0
15.89890671
7.949453354
0
7.949453354
15.89890671
0
8.391358376
0
8.391358376
8.391358376
8.391358376
0
23.20619583
0
0
0
0
0
0
0
0
0
0
0
0
0
9.400172234
0
0
0
0
0
0
0
0
0
0
0
0
0
0
0
0
2.648224831
0
0
0
0
0
0
0
0
0
0
0
0
0
0
0
0
0
0
3.693944216
0
0
0
0
0
0
0
0
0
-0.2
7.1
0
0
7.1082201
0
0
0
0
0
0
0
0
0
0
0
0
0
0
0
0
0
0
0
0
0
0
0
0
0
0
0
0
0
0
0
0
0
0
0
0
0
0
0
0
0
0
0
0
0
0
0
0
0
0
0
0
0
0
1.743373752
5.230121136
3.486747503
4.060675621
0
0
0
8.121351242
9.37555027
0
0
0
0
16.34518051
5.448393345
10.89678669
21.79357338
0
0
19.73471832
19.73471832
6.578239441
13.15647888
7.313433647
0
7.313433647
7.313433647
7.313433647
0
12.43679142
8.291193962
0
0
8.291193962
6.477934361
9.716901779
0
0
9.716901779
4.924064636
4.924064636
0
4.924064636
4.924064636
0
6.22394228
0
6.22394228
6.22394228
0
7.131813526
0
0
3.565906763
0
0
2.93457675
2.93457675
2.93457675
5.066375732
0
10.13275146
0
0
0
0
0
0
3.0309515
6.1398983
6.1398983
6.1398983
0
0
0
13.01167583
0
6.505837917
6.505837917
22.3781662
22.3781662
0
0
0
5.263478279
15.79043579
15.79043579
0
0
11.32866955
0
0
0
5.664334774
0
0
6.918403149
0
0
13.8368063
5.60571146
5.60571146
0
16.81713486
5.60571146
0
15.50658226
5.168860912
0
5.168860912
8.541381836
0
0
8.541381836
0
0
0
0
0
0
0
20.63482666
0
0
0
0
0
0
0
0
7.981916904
0
0
7.981916904
7.981916904
0
0
0
0
0
7.854421616
0
0
7.854421616
7.854421616
0
4.583976746
9.167953491
22.91988373
4.583976746
3.912388563
0
0
0
0
0
0
0
0
0
0
10.48947906
0
0
0
0
0
18.54879761
0
0
0
0
0
0
4.537164211
4.537164211
0
0
0
0
0
0
22.0518856
0
0
22.0518856
11.0259428
5.954534531
2.977267265
2.977267265
2.977267265
0
0
0
0
0
32.00185013
0
23.03374481
23.03374481
0
0
0
15.00620842
0
0
15.00620842
0
0
41.65855789
20.82927895
0
0
0
0
0
63.68688583
9.501164436
14.25174713
0
0
0
0
0
14.82673645
4.942245483
0
11.06429482
0
0
11.06429482
0
0
5.173098087
0
0
5.173098087
4.793610096
4.793610096
9.587220192
0
0
0
0
0
0
0
8.500102997
0
6.676659584
3.338329792
0
0
0
0
0
0
0
0
0
0
0
0
0
0
0
4.549088001
0
0
0
5.653544903
5.653544903
0
0
4.071721554
4.071721554
0
4.071721554
0
0
0
0
0
0
0
3.402032614
0
0
0
12.20079803
0
0
4.066932678
0
0
5.780131817
0
0
0
0
0
0
0
0
0
0
0
0
0
-0.2
7.1
0
0
0
0
0
0
0
0
0
0
0
1.982594371
0
0
0
0
0
0
2.367230177
0
3.55806303
3.55806303
0
0
0
0
0
0
0
0
5.232069016
2.608376026
1.304188013
0
0
0
0
0
0
0
0
0
0
0
0
0
0
0
0
0
0
0
0
0
3.234598875
6.46919775
3.634183884
0
0
3.562763691
0
5.344145298
0
0
8.069348335
0
0
0
0
0
0
0
0
0
0
0
0
0
8.655138969
2.699626923
1.349813461
2.699626923
5.399253845
1.349813461
2.951360941
2.951360941
0
0
8.854083061
0
9.667333603
3.222444534
12.88977814
3.222444534
0
7.59244442
3.79622221
11.38866615
7.59244442
0
0
7.190895081
4.793930054
2.396965027
9.587860107
9.414580345
0
9.414580345
9.414580345
9.414580345
4.263716221
0
0
4.263716221
12.79114819
3.51988554
3.51988554
0
0
0
-0.2
7.1
0
4.058065414
0
0
0
0
0
0
0
0
0
0
0
0
0
0
0
0
0
0
0
3.651723623
0
0
0
0
0
0
0
0
0
0
0
0
0
0
1.946629167
1.946629167
0
0
0
0
0
0
0
0
0
0
0
0
3.643364191
0
0
10.41652393
0
6.944349289
7.602680206
0
2.534226894
2.963557482
0
0
0
8.890672684
0
5.794067383
2.897033691
2.897033691
2.897033691
9.315496445
4.657748222
0
0
9.315496445
0
2.870769262
0
2.870769262
2.870769262
0
3.800351381
7.600702763
3.800351381
0
0
0
4.270600319
0
0
0
0
0
0
7.27643919
9.701918602
3.71959424
0
0
3.71959424
5.579391479
0
0
0
2.644608259
7.933825016
9.173083305
0
4.586541653
0
4.586541653
0
5.079146385
0
0
0
0
0
0
3.421733856
8.554334641
7.519447803
7.519447803
0
0
7.519447803
6.519440174
0
6.519440174
0
6.519440174
32.61743546
0
16.30871773
0
0
4.950992107
14.8529768
0
0
0
0
0
0
0
6.771292686
0
0
0
6.12989378
6.12989378
0
0
2.612110138
0
2.612110138
0
21.44818497
0
10.72409248
10.72409248
10.72409248
0
0
0
0
21.72591591
11.33065319
0
0
5.665326595
5.665326595
18.85942078
0
0
0
0
0
0
17.33516884
0
17.33516884
10.57657719
0
10.57657719
0
10.57657719
0
4.509775162
9.019550323
0
4.509775162
6.647870064
13.29574013
0
19.94361115
0
12.00009155
0
0
0
12.00009155
0
0
5.720206738
5.720206738
17.16061974
3.610116243
3.610116243
0
0
0
0
0
0
0
0
0
0
0
0
0
0
0
5.577849865
16.73354912
0
5.577849865
0.473008752
1.508621335
1.721523881
4.197925091
7.756551266
23.17271996
11.58635998
5.793179989
11.58635998
0
0
0
0
0
18.89233589
0
18.04106903
0
0
36.08213806
0
0
0
13.70494843
0
13.70494843
8.155109406
8.155109406
0
0
0
19.03429031
0
9.517145157
0
0
10.73195457
10.73195457
21.46390915
0
21.46390915
0
13.07868195
0
0
13.07868195
14.77628994
0
7.38814497
14.77628994
7.38814497
4.572350025
0
13.71705055
0
0
4.076304913
8.152609825
0
0
12.22891521
12.23631096
0
0
0
0
0
3.206223249
3.206223249
6.412446499
0
0
0
9.770558357
9.770558357
0
0
2.686980009
0
0
2.686980009
0
5.170278549
0
0
0
0
0
0
0
0
0
0
0
0
4.967297554
0
0
0
0
0
0
0
0
0
0
0
0
0
0
0
0
0
0
0
0
0
0
0
0
0
0
0
0
0
0
0
0
0
4.025301933
0
0
0
0
0
4.153759956
0
0
