19790101
-99
-99
-99
-99
-99
-99
-99
-99
-99
-99
-99
-99
-99
-99
-99
-99
-99
-99
-99
-99
-99
-99
-99
-99
-99
-99
-99
-99
-99
-99
-99
-99
-99
-99
-99
-99
-99
-99
-99
-99
-99
-99
-99
-99
-99
-99
-99
-99
-99
-99
-99
-99
-99
-99
-99
-99
-99
-99
-99
-99
-99
-99
-99
-99
-99
-99
-99
-99
-99
-99
-99
-99
-99
-99
-99
-99
-99
-99
-99
-99
-99
-99
-99
-99
-99
-99
-99
-99
-99
-99
-99
-99
-99
-99
-99
-99
-99
-99
-99
-99
-99
-99
-99
-99
-99
-99
-99
-99
-99
-99
-99
-99
-99
-99
-99
-99
-99
-99
-99
-99
-99
-99
-99
-99
-99
-99
-99
-99
-99
-99
-99
-99
-99
-99
-99
-99
-99
-99
-99
-99
-99
-99
-99
-99
-99
-99
-99
-99
-99
-99
-99
-99
-99
-99
-99
-99
-99
-99
-99
-99
-99
-99
-99
-99
-99
-99
-99
-99
-99
-99
-99
-99
-99
-99
-99
-99
-99
-99
-99
-99
-99
-99
-99
-99
-99
-99
-99
-99
-99
-99
-99
-99
-99
-99
-99
-99
-99
-99
-99
-99
-99
-99
-99
-99
-99
-99
-99
-99
-99
-99
-99
-99
-99
-99
-99
-99
-99
-99
-99
-99
-99
-99
-99
-99
-99
-99
-99
-99
-99
-99
-99
-99
-99
-99
-99
-99
-99
-99
-99
-99
-99
-99
-99
-99
-99
-99
-99
-99
-99
-99
-99
-99
-99
-99
-99
-99
-99
-99
-99
-99
-99
-99
-99
-99
-99
-99
-99
-99
-99
-99
-99
-99
-99
-99
-99
-99
-99
-99
-99
-99
-99
-99
-99
-99
-99
-99
-99
-99
-99
-99
-99
-99
-99
-99
-99
-99
-99
-99
-99
-99
-99
-99
-99
-99
-99
-99
-99
-99
-99
-99
-99
-99
-99
-99
-99
-99
-99
-99
-99
-99
-99
-99
-99
-99
-99
-99
-99
-99
-99
-99
-99
-99
-99
-99
-99
-99
-99
-99
-99
-99
-99
-99
-99
-99
-99
-99
-99
-99
-99
-99
-99
-99
-99
-99
-99
-99
-99
-99
-99
-99
-99
-99
-99
-99
-99
-99
-99
-99
-99
-99
-99
-99
-99
-99
-99
-99
-99
-99
-99
-99
-99
-99
-99
-99
-99
-99
-99
-99
-99
-99
-99
-99
-99
-99
-99
-99
-99
-99
-99
-99
-99
-99
-99
-99
-99
-99
-99
-99
-99
-99
-99
-99
-99
-99
-99
-99
-99
-99
-99
-99
-99
-99
-99
-99
-99
-99
-99
-99
-99
-99
-99
-99
-99
-99
-99
-99
-99
-99
-99
-99
-99
-99
-99
-99
-99
-99
-99
-99
-99
-99
-99
-99
-99
-99
-99
-99
-99
-99
-99
-99
-99
-99
-99
-99
-99
-99
-99
-99
-99
-99
-99
-99
-99
-99
-99
-99
-99
-99
-99
-99
-99
-99
-99
-99
-99
-99
-99
-99
-99
-99
-99
-99
-99
-99
-99
-99
-99
-99
-99
-99
-99
-99
-99
-99
-99
-99
-99
-99
-99
-99
-99
-99
-99
-99
-99
-99
-99
-99
-99
-99
-99
-99
-99
-99
-99
-99
-99
-99
-99
-99
-99
-99
-99
-99
-99
-99
-99
-99
-99
-99
-99
-99
-99
-99
-99
-99
-99
-99
-99
-99
-99
-99
-99
-99
-99
-99
-99
-99
-99
-99
-99
-99
-99
-99
-99
-99
-99
-99
-99
-99
-99
-99
-99
-99
-99
-99
-99
-99
-99
-99
-99
-99
-99
-99
-99
-99
-99
-99
-99
-99
-99
-99
-99
-99
-99
-99
-99
-99
-99
-99
-99
-99
-99
-99
-99
-99
-99
-99
-99
-99
-99
-99
-99
-99
-99
-99
-99
-99
-99
-99
-99
-99
-99
-99
-99
-99
-99
-99
-99
-99
-99
-99
-99
-99
-99
-99
-99
-99
-99
-99
-99
-99
-99
-99
-99
-99
-99
-99
-99
-99
-99
-99
-99
-99
-99
-99
-99
-99
-99
-99
-99
-99
-99
-99
-99
-99
-99
-99
-99
-99
-99
-99
-99
-99
-99
-99
-99
-99
-99
-99
-99
-99
-99
-99
-99
-99
-99
-99
-99
-99
-99
-99
-99
-99
-99
-99
-99
-99
-99
-99
-99
-99
-99
-99
-99
-99
-99
-99
-99
-99
-99
-99
-99
-99
-99
-99
-99
-99
-99
-99
-99
-99
-99
-99
-99
-99
-99
-99
-99
-99
-99
0
0
0
0
0
0
0
0
0
0
0
0
0
0
0
0
0
0
0
0
0
0
0
0
0
8.560903549
0
0
0
0
0
0
0
0
1.055225372
0
0
0
1.750627995
0
0.875313997
0
0
0
0
3.02343154
0
0
1.309437037
0
14.16572857
0
2.916171551
2.369389534
0
1.640346646
0
1.804487228
0
0
0
0.775360227
21.41102028
1.007968307
0.995166481
2.235296965
1.316681743
7.410161972
3.950045109
3.743228674
12.24451828
5.822800159
0.698736072
34.90353012
25.8817215
0
1.757733107
1.569404721
3.488562107
0.391266972
0
2.217179537
4.390885353
2.217179298
4.633244038
1.430854917
8.380722046
9.879713058
0
0
20.99856377
3.905267954
0
0
0
12.1005249
0.853485286
0
1.545756698
2.285444021
7.408340931
0
0
0
0.214468136
0
0
1.586568117
2.686589003
1.480796814
0
4.154018402
1.25517118
0.500574231
0.463217944
2.075434446
3.087841511
0
10.87071991
9.934244156
10.79238319
35.87867737
23.40748024
9.065601349
14.58170891
2.861042976
5.25281477
4.495924473
3.466554165
8.68909359
2.840563536
4.121601105
1.559524775
1.615222216
2.562076807
2.065099716
4.995308876
6.865060329
8.846440315
5.525537014
9.978669167
15.70966053
12.20364094
2.798073053
13.14756966
9.817897797
7.800520897
1.782015562
6.287489414
3.933883667
4.774457455
0
0
12.26836872
0
6.97320652
5.012591362
8.454569817
5.012591362
0
4.845504284
13.76303387
0
6.986739635
8.712378502
0
0
6.310123444
5.918797493
15.11494827
11.95988655
21.45807076
10.10022736
9.707221985
15.16999149
11.20064163
0
12.9540472
15.42971134
10.76625252
0
0
5.281954288
0
17.57765007
0
12.99503803
0
31.84065628
14.54206562
5.541174412
0
0
5.706823349
15.83277798
5.706823349
19.20522499
0
0
0
0
0
0
8.442568779
5.843086243
0
0
12.09433842
0
0
11.99561024
0
4.267578125
0
6.850586414
6.048409939
7.1875
7.107874393
0
8.594622612
0
8.452057838
0
8.457471848
9.505300522
0
0
7.271868229
0
14.33765125
10.83420086
0
0
0
0
0
0
0
0
0
0
0
18.6132679
13.59430408
10.59444332
15.15119076
0
10.02484894
24.04829597
11.33346462
29.95048714
18.42865181
14.50432491
8.993650436
0
12.41228867
0
40.55031586
14.86275959
2.641392469
5.844573975
4.14935112
3.252460718
0.919834614
4.408862591
0
1.595437288
1.084770322
0
0
0
0
0
2.822847605
0
3.318851471
1.524483562
1.619307637
8.095563889
0
7.083618641
0
0
0
15.50217724
6.120455742
18.49539185
5.807731628
0
0
0
0
0
0
5.57712841
5.553596497
5.200613499
4.965291977
4.773975372
2.851985216
5.083973885
2.975984573
0
5.517971516
0
0
3.629441977
4.147933483
0
0
0
0
5.319033146
0
0
0
0
0
0
0
0
0
0
0
0
0
0
0
0
0
2.076273441
0
0
0
0
0
0
0
0
0
0
0
0
0
0
0
15.33677006
0
0
0
0
0
0
0
0
0
0
0
0
0
0
0
0
0
0
0
0
0
1.913498878
0
0
0
0
0
0
0
0
0
0
0
0.689391196
0
0.499808669
0
0
6.352413654
0
0
0
0
0
0
0
0
0
0
0
0
0
2.476133108
0
0
0
2.99859786
0
0
0
0
0
9.264226913
0
0.856316924
0
4.8703022
18.11645317
0
4.451346874
31.53037071
0
0
0
3.367467642
2.946534157
3.367467642
4.205168247
0
0
0
0
0
0
0
0
0
0.926903665
0
6.527769089
0
1.104395986
3.28998661
1.776592851
9.968658447
39.24953842
1.61209321
0.627190411
7.463565826
6.397342682
0
0
0
0.278178394
0.305996269
0
1.502163529
0.695446014
0
0
0
2.771715879
8.063173294
2.628023386
0
8.18965435
11.06214428
17.8461113
14.35822868
0.780338526
0
0.72831589
0
0
0
3.51130867
1.684913754
7.048341274
0
12.82085896
0
0
0
3.988886833
0
0
13.6761837
4.558728218
8.276275635
0
0
0
0
5.68790102
19.9076519
9.953825951
9.953825951
0
0
11.94350052
0
6.824857712
0
0
0
0
14.00998783
0
0
0
6.756392002
0
5.911842823
3.259695292
5.432825089
0
5.513311863
5.070636749
3.943829298
0
32.83143234
0
0
16.41571617
3.863334656
0
0
5.804244995
8.6139431
0
0
0
15.32637691
0
5.018724918
7.008909702
9.864391327
6.057082176
0
0
0
0
0
0
14.15205002
14.15205002
0
28.30410004
0
0
0
20.16138077
17.11258507
20.65312386
0
0
17.50795555
0
0
29.34679604
9.782264709
0
11.17973137
0
0
0
0
0
14.55825233
14.98592663
0
0
0
0
0
0
0
0
0
0
0
0
0
0
0
0
0
0
0
0
0
0
12.52503777
0
0
0
15.05000114
0
0
0
0
0
10.89970779
0
0
0
16.32891655
0
0
0
0
0
0
0
0
0
22.35716629
0
0
0
0
10.65792084
6.835770607
7.227786064
9.824888229
4.630682468
0
0.690288305
0.622668207
0.743820846
6.894431114
0
0
0
0
0
0
0
0
0
28.57685471
0
0
18.76742363
0
0
7.615916252
23.77948189
11.12004852
4.111784458
11.38336468
14.73620319
0
0
3.241681814
4.04856348
16.27752686
0
0
0
0
0
15.97830486
5.326102257
0
10.65220451
0
0
0
0
0
14.79926968
0
0
0
12.8656292
0
0
0
5.345346928
0
0
0
0
0
11.46060181
0
0
0
11.66763783
0
0
0
0
0
0
0
0
0
0
0
0
0
0
0
0
0
0.954940915
0
0
0
0
0
0
0
0
0
0
0
0
0
0
0
0
4.861926079
0
0
0
0
0
0
0
0
-0.5
7.1
0
0
0
2.67090416
2.67090416
0
0
0
0
0
0
0
0
0
0
0
0
0
0
0
0
0
0
0
0
0
0
0
0
0
0
0
0
0
0
0
0
0
0
0
0
0
0
0
7.232647419
0
0
0
2.760508537
2.415445089
2.415445089
3.878507376
0
0
0
0
0
0
0
0
2.470725775
0
0
0
2.538169861
0
0
0
0
0
0
0
0
0
0
1.792527318
0
0
0.597509146
11.07230186
0
0
0
0
0
9.109612465
9.109612465
0
13.66441727
4.554806232
4.44929409
0
13.34788227
0
0
1.082692623
9.581830025
0.920288742
0.812019527
0
6.748567104
0
0
0
0
9.777024269
4.277448177
12.83234501
12.83234501
4.277448177
0
0
6.587330341
0
0
8.082670212
16.16534042
8.082670212
0
0
3.401394367
3.401394367
3.401394367
6.802788734
0
3.438777208
0
0
0
0
0
0
0
13.67731857
6.838659286
16.42379189
7.475656986
7.758826733
9.741007805
0
3.499545336
0
0
13.99818134
6.999090672
9.960390091
10.22549629
5.188492298
0
7.157848358
13.93697166
24.42997551
24.42997551
40.71662521
0
8.143324852
0
6.245064259
0
15.32619095
28.50384903
12.95270538
13.4599905
0
13.86582088
12.47923756
0
5.535627365
4.078883171
5.714920044
17.25681496
0
0
0
0
0
0
0
0
0
0
0
0
0
0
0
0
0
0
0
15.79987431
0
0
22.43451881
0
0
0
21.39945412
0
0
0
0
16.0252018
0
0
0
0
0
0
0
0
0
0
0
0
0
0
0
0
0
0
0
0
0
0
0
0
0
0
0
0
0
0
0
0
0
8.477540016
16.86231422
0
0
16.86231422
0
0
0
13.79784489
0
6.898922443
13.79784489
0
0
0
0
0
22.63035774
0
25.8632679
0
0
15.17620087
0
10.01629257
16.45100021
9.955588341
0
23.26444817
0
23.26444817
23.26444817
0
0
14.06196213
0
14.06196213
0
0
0
8.135473251
6.238601685
0
0
0
5.865465164
5.865465164
0
0
14.03935623
0
0
0
0
0
0
7.409719467
0
0
0
0
0
7.718930244
0
0
0
0
0
0
0
0
0
0
0
0
0
0
0
0
0
0
0
11.21767712
0
0
0
0
11.37900925
6.87773037
6.87773037
0
0
0
5.108278275
5.108278275
0
0
5.108278275
0
0
12.98948574
0
0
0
0
0
0
0
7.670885086
3.356012106
0
0
0
0
0
2.73445034
2.73445034
0
3.053827524
6.107655048
0
0
0
0
0
0
0
0
0
-0.5
7.1
0
0
0
0
0
0
0
0
0
0
1.455502033
0
0
0
0
0
0
0
0
0
0
0
0
0
0
0
0
0
0
0
4.223610878
0
0
0
0
0
0
0
0
0
0
0
0
0
0
0
0
0
0
0
0
0
0
0
0
4.218661785
3.335878849
0
0
0
0
0
0
0
7.774017811
0
0
0.328416377
10.24530315
0.154548869
2.52884984
1.935488343
0
0.946552753
30.20492363
5.095392227
10.37276363
0
7.370121002
11.19166374
0
3.819888353
37.83069992
0
0
0
6.86570406
0
0
0
0
12.30478382
0
0
12.30478382
0
0
0
0
13.4725523
0
8.108201027
0
9.266515732
0
0
0
4.376774311
0
6.191534519
0.960755467
16.08046341
10.72030926
10.72030926
0
10.72030926
0
0
0
2.816470623
2.238733053
0
3.376065016
0
4.022544861
0
0
0
0
0
7.622740746
0
0
25.45781326
0
0
38.47934341
29.30694199
0
0
0
0
2.578276157
3.16424799
0
4.336192131
0
2.006708384
0
0
0
50.08410263
0
0
0
0
8.878311157
0
13.65783119
10.93519115
8.391085625
0
2.280098438
3.498471737
7.507499218
0
2.065432549
29.76538086
9.921792984
9.921792984
9.921792984
19.84358597
0
0
0
0
0
4.45772934
9.598342896
0
0
4.324944973
15.60897255
0
0
7.804486275
15.60897255
6.229493618
0
5.796628475
5.68370676
16.35477257
9.807983398
0
0
25.74595642
8.581985474
7.956395626
7.956395626
15.91279125
15.91279125
0
0
14.71414471
0
14.71414471
14.71414471
0
2.867628813
2.925269604
0
9.265755653
3.77547121
32.81605911
20.13011742
10.70376301
11.98116589
0
0
0
8.898774147
0
12.93384552
0
0
6.294757366
0
9.484957695
9.055405617
18.11081123
0
0
27.1662159
19.72436523
0
0
0
0
9.272516251
11.99851131
5.699808598
7.042154789
10.16052723
0
0
0
8.504337311
0
7.981612206
0
4.020568848
8.984740257
0
10.55741119
7.910971165
7.910971165
15.82194233
7.910971165
0
0
51.94493866
4.207305908
8.966966629
0
32.65546036
0
0
0
0
12.62580967
18.93871498
0
12.62580967
0
7.785703182
13.14516258
7.984872341
4.14633894
11.29832172
5.307982445
5.307982445
0
10.61596489
0
0
9.412763596
0
8.236167908
8.236167908
20.60095215
0
12.0172224
0
0
7.821716309
15.64343262
0
7.821716309
0
0
0
7.641181946
15.28236389
0
15.28236389
1.825632691
0
0
0
0
0
0
0
0
9.166357994
0
3.440965652
3.440965652
0
6.881931305
5.942827702
5.19997406
10.39994812
5.19997406
0
0
0
0
4.381819248
0
0
0
0
0
0
0
0
0
0
0
0
0
0
0
0
0
0
0
0
0
0
0
0
0
0
0
0
0
0
2.904156685
0
3.555245399
0
0
0
0
-0.5
7.1
0
0
0
0
0
0
0
0
0
0
0
0
0
0
0
4.483942986
0
0
0
0
0
0
0
0
0
2.840956211
0
0
0
2.840956211
2.840956211
0
0
0
0
0
0
0
0
0
0
0
0
0
0
0
0
0
0
0
0
0
0
0
0
2.066248894
10.30275059
0
0
0
0
0
7.676111221
3.838055611
5.538664341
0
0
9.692662239
11.07732868
3.135332823
1.64393115
2.304893255
6.558776855
0.999916911
15.73451233
0
0
0
0
0
0
4.800963879
2.743408203
9.601927757
4.637507915
4.637507915
9.275015831
0
4.637507915
13.91252422
13.57641983
2.019193411
1.434689999
7.067176819
19.20890617
0
0
8.683299065
0
0
0
9.441213608
10.87987518
8.227343559
0
0
3.046260118
6.092520237
2.665477276
5.330954552
0
0
0
0
3.531900406
6.886847973
0
13.77369595
0
6.025991917
4.741083145
14.22325039
4.741083145
0
0
14.55189323
3.791330338
5.503818989
0
1.064980507
11.40766239
0
0
0
6.518664837
2.729768753
1.669976234
33.15330887
3.157968044
1.33812201
0
0
0
7.832776546
0
0
0
7.710351467
0
0
0
27.22527695
0
0
0
0
9.773798943
9.773798943
9.773798943
0
0
19.08478165
0
0
0
16.69918251
0
0
0
18.54998398
37.09996796
9.974204063
0
0
9.974204063
19.94840813
0
12.78916168
0
0
0
26.6203022
8.873434067
8.873434067
8.873434067
0
13.80365753
20.7054863
27.60731506
0
20.7054863
0
0
10.71687984
42.86751938
0
0
0
8.97645092
8.97645092
0
0
0
0
0
0
9.332796097
5.204828262
12.78274059
16.25262642
0
10.56919289
0
4.141697407
3.075639486
3.516767025
7.731986046
3.887186766
6.28208065
4.00753355
9.086149216
12.68450737
16.27243233
0
18.59706688
8.136216164
8.136216164
11.39075279
22.78150558
0
11.39075279
11.39075279
0
5.616443634
5.616443634
5.616443634
5.616443634
10.61994839
0
0
0
0
0
28.13536835
13.05074215
10.16940975
0
11.73719215
22.42926788
0
0
22.42926788
11.21463394
0
9.441997528
19.6080761
11.32460594
0
4.602817059
5.358105183
0
14.75922585
6.948655128
16.04258728
10.02661514
0
43.86644363
63.46847916
7.318882942
6.409704208
14.77414131
5.409608364
0
11.61577606
5.807888031
0
6.63758707
6.63758707
3.821143866
0
0
2.895316601
3.282480478
8.804366112
26.41309738
0
0
7.703819752
18.4155407
0
9.207770348
0
0
0
0
0
0
0
0
9.81343174
19.62686348
9.81343174
19.62686348
0
0
0
0
3.905141592
0
10.10933495
10.10933495
0
0
5.054667473
0
4.311475277
0
0
0
0
0
2.879709959
3.291097164
0
0
0
0
15.50261497
0
0
4.035629749
0
0
0
0
0
9.865255356
0
0
0
0
0
0
0
0
0
0
0
0
0
0
0
0
0
0
0
0
0
0
0
0
0
0
0
0
-0.5
7.1
0
0
0
0
0
0
0
0
0
0
0
0
0
0
0
0
0
0
0
0
0
0
0
0
0
0
0
0
3.631749868
0
0
0
6.12210989
0
0
1.514416575
0
7.165401936
0
3.582700968
0
0
0
0
0
6.080625057
0
4.432837009
7.599149704
0
4.432837009
0
0.910759151
0
0
2.67870307
3.406805038
10.22041512
0
0
5.775667191
0
0
0
8.514371872
14.9001503
14.9001503
14.9001503
7.45007515
3.289648533
1.382041574
0
0
0
23.88545036
5.019650459
1.280179381
0
0
2.558254004
5.116508007
5.116508007
10.23301601
2.558254004
0
3.556599855
3.556599855
0
0
7.113199711
12.15874672
0
10.63890266
5.319451332
0
1.717401743
3.390767813
0
1.893545747
3.875163555
1.609451294
0
2.827414274
2.957910538
1.261461735
0
0
4.266834736
3.523074389
3.56221962
0
8.935875893
10.21243
20.42486
0
0
11.91643047
5.958215237
0
0
0
17.69597626
8.847988129
15.48397923
7.741989613
0
10.67020988
10.67020988
0
0
7.808452129
0
0
3.757650614
3.22465086
5.548696995
11.09739399
5.548696995
5.548696995
0
13.08489323
6.542446613
13.08489323
0
13.08489323
0
7.055426121
0
7.055426121
6.173497677
0
23.20836067
11.60418034
11.21737385
0
0
0
22.86570168
0
0
22.86570168
10.28501892
0
9.519620895
6.649383545
0
0
7.962934971
4.61919117
0
8.962609291
12.54223442
0
0
0
0
0
0
0
0
0
18.70476723
0
0
18.70476723
18.70476723
0
0
12.48553371
24.97106743
0
0
19.51657295
0
0
0
0
0
0
0
31.33993912
10.87256241
0
0
0
0
0
0
0
0
0
14.86426258
17.7943306
0
0
14.74086666
0
0
15.54678249
0
0
0
0
0
0
0
0
0
0
0
0
0
0
23.45290375
0
0
0
0
0
0
0
14.90667534
0
0
0
0
9.629890442
19.25978088
0
0
28.39245224
0
9.464150429
0
12.10221863
0
12.10221863
12.10221863
11.8864851
0
0
0
0
15.25394058
0
0
0
15.25394058
0
0
0
0
24.66348076
0
0
13.41972351
13.41972351
0
0
0
0
11.60907364
23.21814728
0
0
0
0
0
0
7.431867599
0
45.65290833
0
0
0
0
0
0
8.761389732
17.52277946
17.52277946
17.52277946
8.761389732
0
0
0
0
4.877586842
0
5.007716179
4.320382118
13.71393967
0
0
0
0
0
0
0
0
0
0
0
0
0
10.242136
0
0
0
0
0
0
0
0
0
0
0
0
0
0
0
0
0
0
0
0
0
0
0
0
0
0
0
0
0
0
8.738674164
0
0
0
0
0
0
0
0
-0.5
7.1
0
0
0
0
0
0
0
2.028792143
0
0
0
0
0
0
0
0
0
3.191203117
0
0
0
0
1.709894896
1.709894896
0
0
0
0
5.229032516
0
0
0
0
0
7.614478588
0
0
0
0
0
0
0
0
4.326597691
4.326597691
4.944683552
4.613937378
0
0
0
7.197741032
0
0
3.047630787
9.142892838
6.966013432
0
4.539274693
0
0
0
0
0
0
0
0
2.25314045
2.25314045
0
0
0
0
13.38590336
20.07885361
9.496040344
0
2.374010086
2.713154554
2.374010086
11.89936543
0
3.399818897
0
2.974841356
6.747471809
2.249156952
6.747471809
4.498313904
6.747471809
0
3.381769896
6.763539791
11.59464073
6.763539791
0
0
3.641931772
3.641931772
0
0
0
4.896486759
4.62446022
5.39520359
0
5.865676403
10.05544567
2.932838202
8.79851532
2.932838202
0
0
0
5.239871025
0
0
5.696586609
0
0
0
0
3.63950181
14.55800724
10.91850567
3.63950181
5.853567123
2.560935497
2.560935497
0
2.560935497
0
0
0
0
0
0
8.243082047
4.121541023
0
0
0
0
0
8.059714317
0
0
13.06882477
0
26.13764954
0
6.534412384
11.59728336
5.798641682
0
0
11.59728336
2.853770733
0
2.919124126
14.44313145
0
3.916511536
0
2.062696218
0
8.420500755
0
9.340175629
12.58064556
21.65395737
11.13196468
20.31147003
0
10.15573502
0
0
6.095342636
11.6276598
5.67919445
4.895857334
5.605756283
0
0
0
0
7.710268021
0
0
10.89293766
21.78587532
0
0
9.845849991
0
0
11.2524004
0
0
27.78405952
0
0
16.05426407
0
0
32.10852814
0
0
8.489690781
8.489690781
0
16.97938156
0
0
7.650809288
15.30161858
7.650809288
3.825404644
0
15.99289513
7.996447563
0
15.99289513
0
9.046983719
9.046983719
9.046983719
9.046983719
0
18.53255844
0
18.53255844
9.266279221
0
15.63238335
7.816191673
31.26476669
0
5.836780548
0
0
17.51034164
0
0
0
8.375459671
16.75091934
0
25.12638283
0
0
12.02875996
24.05751991
12.02875996
9.245222092
0
0
9.245222092
18.49044418
7.458367825
5.03646183
11.97191906
11.61413765
6.412544727
7.935491085
18.13826561
0
15.87098217
39.67745209
9.767411232
0
0
19.53482246
19.53482246
9.844180107
0
0
0
9.844180107
8.632918358
8.632918358
0
0
17.26583672
31.32001114
11.93143272
0
10.4400034
10.4400034
7.254179478
14.50835896
0
7.254179478
0
0
9.456828117
4.728414059
0
0
0
0
0
0
0
0
0.324641496
0.663139582
0.504777908
0
0.528532207
0
2.652500391
9.632764816
0
0
0
0
0
0
0
0
0
0
0
0
0
0
0
0
0
0
0
0
0
0
0
4.578074932
0
0
0
0
6.118844509
0
0
0
0
0
0
0
0
0
0
0
0
0
0
0
0
0
0
0
0
0
0
2.670909882
0
-0.5
7.1
0
0
0
0
0
0
0
0
0
1.720904708
0
0
0
0
0
0
0
0
0
0
0
0
0
0
0
0
0
0
3.344590187
2.926516056
5.853032112
0
0
2.801365614
0
0
3.089335442
3.089335442
3.089335442
6.178670883
0
0
0
0
0
0
0
0
0
0
0
0
0
2.541699886
0
0
0
1.669266224
3.338532448
3.815465689
0
5.999179363
11.99835873
5.249281406
5.249281406
6.341102123
12.68220425
12.68220425
0
0
6.080724716
4.632933617
2.316466808
6.080724716
2.026908159
0
0
0
10.78504372
5.392521858
0
7.461123943
3.730561972
3.730561972
0
1.586529016
4.815583229
2.227362633
0
0
0.460404605
0
2.861838818
0
0
5.723677635
4.035744667
3.531276226
7.062552452
0
7.062552452
10.43394089
3.477980137
6.955960274
3.477980137
0
0.394301474
0
0.880606532
25.49816132
3.456709385
6.453662395
3.226831198
3.226831198
0
3.226831198
7.389708996
7.389708996
7.389708996
0
3.694854498
14.97234821
5.330580235
2.548484802
0
0
8.150028229
0
0
0
0
0
0
7.869698524
17.98788261
0
9.153286934
16.01825142
8.00912571
8.00912571
0
0
7.115650177
14.23130035
7.115650177
7.115650177
0
2.047800541
1.715724826
9.032461166
2.003523588
2.612329483
21.35511208
7.118370533
0
14.23674107
14.23674107
7.523225307
7.523225307
0
7.523225307
0
0
0
12.28344059
12.47145367
0
16.74946976
8.374734879
0
0
25.12420464
0
0
0
0
27.75524712
0
0
0
15.31010532
26.79268265
9.038399696
15.81719875
15.81719875
0
0
0
0
22.51482391
45.02964783
22.51482391
0
30.69304848
15.34652424
0
0
0
0
6.801615715
8.334927559
0
0
0
5.564006805
0
5.888124466
0
0
10.32910156
0
0
0
0
0
0
0
6.630136967
0
0
0
0
0
0
0
0
7.274170876
0
0
0
0
16.78178215
0
0
8.534188271
0
0
0
0
0
16.98741341
0
0
8.493706703
0
0
24.07106209
0
12.03553104
0
11.40821075
0
0
0
4.005455971
6.017245293
9.31585598
6.579096317
7.521556854
35.28219223
0
11.76073074
0
0
8.914132118
35.65652847
17.82826424
17.82826424
26.7423954
17.46039963
17.46039963
8.730199814
0
0
4.999534607
0
9.999069214
9.999069214
4.999534607
8.491825104
8.491825104
8.491825104
8.491825104
8.491825104
5.089726448
6.858496189
0
0
0
0
4.150047302
3.887687683
0
3.148312092
8.344896317
8.344896317
0
0
0
0
0
10.53627205
0
5.268136024
0
3.788030148
0
2.161119938
0
0
0
0
0
0
0
0
0
0
0
1.298137307
0.564481914
0
0
0.55421865
0
0
0
0
0
0
0
0
0
4.013141155
4.013141155
0
0
0
0
0
8.703660011
4.351830006
8.703660011
0
0
0
0
0
0
0
0
0
0
0
2.160405636
0
0
0
0
0
0
0
0
0
0
0
-0.5
7.1
0
0
0
3.014038563
3.014038563
0
0
0
0
0
0
0
0
0
0
0
0
0
0
0
0
0
0
0
0
0
0
0
0
0
0
0
0
0
0
0
0
0
0
0
0
0
9.148518562
0
0
0
0
0
0
0
0
0
0
0
0
0
0
0
8.132984161
2.547821283
2.547821283
0
0
2.547821283
4.714422703
0
4.714422703
4.714422703
2.693955898
8.508479118
8.508479118
9.723977089
8.508479118
8.508479118
7.021625042
3.510812521
8.02471447
3.510812521
3.510812521
3.699416876
0
9.710968971
0
3.236989737
0
5.761336327
6.584384918
0
5.761336327
5.761336327
0
0
3.205906391
3.663893223
12.82362556
0
0
4.196227074
0
11.01509571
2.782294512
2.434507608
0
2.434507608
0
13.86287308
3.465718269
3.960820913
0
7.921641827
6.111105919
0
0
5.347217083
0
4.318568707
1.126583219
9.012663841
2.628694057
5.820679188
12.36870766
12.36870766
0
0
12.36870766
0
0
13.33131027
8.887539864
8.887539864
5.736387253
5.736387253
5.736387253
0
0
0
0
0
4.068734646
0
2.719474316
8.15842247
2.719474316
0
3.107970715
6.562278271
0
0
0
7.499747276
0
0
0
0
11.61579704
11.61579704
16.47254181
14.85470486
0
30.73893929
0
0
9.045572281
0
0
9.045572281
0
4.829361439
3.063284636
0
6.032795429
20.15484428
0
19.01068115
37.75733185
0
11.52766323
17.86679268
9.530404091
9.856043816
3.799135923
43.03181458
0
0
36.88441086
0
0
0
0
9.353515625
0
19.40476418
0
0
0
0
0
22.99093056
0
0
0
0
27.5464325
0
0
0
0
0
0
14.0891571
7.044578552
21.13373566
0
0
28.95676804
8.445723534
25.33717155
0
0
0
0
0
0
0
0
6.331951141
6.331951141
0
0
0
13.74565411
0
7.85661459
0
15.71322918
15.71322918
7.85661459
0
11.94818306
23.89636612
0
23.89636612
0
0
9.476023674
9.476023674
28.42807007
18.95204735
28.9031353
0
0
25.29024124
0
0
0
48.92571259
0
16.30856895
21.81223297
0
37.39239883
10.90611649
12.46413326
13.21571445
0
14.15969086
0
0
0
11.92391872
0
11.92391872
0
0
11.24918079
5.624590397
5.624590397
0
14.75077438
0
6.453463078
12.90692616
0
0
17.473423
5.824474335
5.824474335
0
9.837242126
0
0
4.631169319
4.439534664
10.8084774
0
21.6169548
0
0
0
0
0
0
0
0
1.431626081
0
0
0
0
2.59023881
0
0
0
2.323596716
0
0
0
0
0
0
0
0
0
0
0
0
5.475461483
0
0
0
0
0
4.950118065
0
5.55563736
0
0
0
0
0
0
0
0
0
0
0
0
0
0
0
0
0
0
0
0
0
0
5.141727448
0
0
0
0
0
0
0
-0.5
7.1
0
0
0
0
3.619736671
0
0
0
0
0
0
0
1.964962602
2.245671749
0
0
0
0
1.779596925
5.338790894
3.767370701
0
0
0
0
0
0
0
0
0
0
0
0
2.376146317
0
0
0
0
0
0
0
0
0
0
0
0
0
0
3.840462208
9.848313332
2.471584082
3.372428179
0
0
3.372428179
3.372428179
0
0
0
0
0
0
0
0
0
0
0
0
3.224578381
0
0
0
0
0
0
0
8.261123657
0
0
2.501536369
0
0
0
0
0
0
0
0
4.902385235
13.72667885
5.345689297
10.69137859
0
5.345689297
0
0
10.60996151
2.652490377
0
6.062835217
3.511509418
0
4.01315403
7.023018837
17.55754852
16.11185646
0
4.027964115
8.05592823
8.05592823
1.910190821
5.281116486
23.14701843
10.84314442
0
0
0
2.930533409
7.692649841
5.128433228
0
8.803927422
0
17.60785484
0
0
0
3.657988071
0
7.315976143
0
0
15.01205158
13.45165825
0
0
11.68034267
0
0
0
3.91589427
0
0
0
0
0
6.228994846
6.228994846
0
0
0
8.649742126
0
9.885419846
0
0
0
0
0
0
0
8.425657272
16.85131454
16.85131454
8.425657272
0
12.32577515
0
0
6.162887573
12.32577515
0
0
0
51.79798508
0
36.58887863
0
0
0
0
16.45914078
0
0
0
0
0
0
53.45988846
0
0
0
6.803492069
23.32625961
0
6.803492069
0
0
0
0
0
0
0
0
0
15.59077358
11.57700443
0
11.57700443
0
0
0
0
0
0
0
0
0
0
0
0
0
0
0
0
0
0
0
6.865168095
13.73033619
0
0
0
0
0
0
0
0
8.141033173
16.28206635
0
0
32.56413269
0
0
0
0
11.1991148
0
41.56813812
0
0
0
10.22408009
0
10.22408009
0
10.22408009
0
10.3235302
10.3235302
20.64706039
10.3235302
0
0
0
10.14375973
20.28751945
9.507563591
0
0
0
19.01512718
7.937643051
0
15.8752861
7.937643051
7.937643051
15.2246666
7.612333298
7.612333298
0
0
8.963949203
8.963949203
0
17.92789841
0
14.06069183
0
0
0
0
6.228638649
0
0
12.4572773
12.4572773
0
0
14.69504261
0
0
16.79433441
0
0
0
0
0
0
0
0
5.051611423
0
0
0
8.643000603
8.643000603
4.321500301
4.072354317
8.144708633
0
4.072354317
4.072354317
3.459657907
3.459657907
0
0
0
0
4.164854527
0
0
4.164854527
2.304993868
2.304993868
2.304993868
0
0
2.746805429
2.746805429
5.493610859
0
0
0
4.103152752
4.103152752
0
0
7.977414131
13.96047401
0
0
0
0
0
0
7.973285675
0
0
0
0
0
0
0
-0.5
7.1
0
0
0
0
0
0
0
0
0
0
0
0
0
0
0
0
0
0
0
1.948949575
0
0
0
0
0
0
0
6.062386513
3.031193256
0
0
0
0
0
0
10.19912338
0
0
0
3.648531914
7.297063828
13.30144882
4.433815956
0
0
0
0
3.483071089
3.483071089
6.966142178
3.483071089
0
0
0
9.892133713
4.946066856
6.135480404
6.135480404
3.067740202
5.8007617
5.8007617
0
0
5.8007617
3.377467632
0
6.754935265
3.377467632
6.754935265
4.449130058
4.449130058
0
0
8.898260117
11.56526852
7.589706421
0
0
0
3.203197241
7.321594715
6.406394482
3.203197241
3.203197241
5.403533459
0
0
0
0
15.69102764
5.682766914
12.98918247
11.36553383
11.36553383
5.682766914
4.315073013
8.630146027
8.630146027
0
8.630146027
0
0
0
22.25983238
0
0
0
0
0
15.6156559
0
0
0
0
0
0
0
17.52551651
0
15.33482647
0
0
9.873630524
4.936815262
9.873630524
4.057740211
0
4.057740211
4.637417793
12.17322254
0
0
26.11904526
0
0
16.82093811
0
25.23140907
9.611965179
8.410469055
0
5.563312531
12.71614361
11.12662506
11.12662506
9.207942009
0
18.41588402
9.207942009
0
0
6.701676369
0
20.10502815
0
6.701676369
0
0
0
10.18932056
0
0
27.1161232
13.5580616
0
13.5580616
0
0
9.867947578
0
19.73589516
0
29.28721237
0
0
0
0
6.529578686
6.529578686
0
13.05915737
10.85036087
32.55108643
0
10.85036087
21.70072174
0
15.54316521
0
15.54316521
0
0
5.760866165
19.75154114
11.52173233
11.52173233
0
0
0
0
30.30887985
0
15.91802788
0
0
0
22.38000488
0
0
0
0
0
0
0
0
11.33703423
12.95661068
18.54176331
0
0
0
0
0
0
0
45.61278915
0
0
0
16.44956589
0
16.44956589
0
0
0
0
15.55120945
0
0
0
0
18.27318192
0
0
10.29857635
10.29857635
0
0
0
13.325284
0
13.325284
0
0
23.5759182
0
23.5759182
11.7879591
0
0
0
0
0
0
0
0
12.91567039
0
46.55994415
0
11.63998604
11.63998604
23.27997208
0
26.36548424
0
0
0
0
30.77934647
30.77934647
0
0
9.228111267
9.228111267
0
0
18.45622253
15.63829422
31.27658844
0
15.63829422
15.63829422
10.38955402
0
0
20.77910805
10.38955402
9.097914696
0
0
0
18.19582939
9.097914696
0
0
0
3.99676466
3.99676466
0
0
0
3.833690405
3.833690405
6.131544113
0
0
0
0
0
0
6.132286549
0
0
0
0
0
0
0
0
3.079557896
0
3.079557896
0
0
6.858886719
0
6.858886719
0
0
0
0
0
0
0
0
0
0
0
0
0
0
0
0
0
0
0
0
0
0
0
0
0
0
0
-0.5
7.1
0
0
0
0
0
0
0
0
0
0
0
0
0
0
0
0
0
0
0
0
0
0
0
0
0
0
0
0
0
0
0
0
0
0
0
0
0
0
0
0
6.53176403
0
0
0
0
0
0
0
0
0
0
0
0
0
0
0
0
0
0
0
4.659512997
4.659512997
0
0
4.659512997
0
4.076620102
0
2.814808607
1.358873367
0
0
0
0
0
0
0
0
5.623518944
0
6.706882
0
0
0
7.298665524
8.720870972
2.90695715
8.720870972
2.90695715
0
0
0
7.643485546
6.688049793
10.03207493
3.821742773
3.806842089
8.701354027
4.350677013
7.613684177
3.806842089
5.008090019
5.008090019
2.50404501
0
0
6.180142879
16.2228756
0
10.81525135
0
2.706437111
0
5.412874222
2.706437111
0
0
3.744260788
4.279155254
4.279155254
3.744260788
0
3.373715639
0
0
3.373715639
0
20.55637932
15.28551292
0
0
0
7.214914799
0
14.4298296
0
0
5.080949306
5.806798935
10.16189861
25.4047451
15.083498
5.027832985
5.027832985
0
0
16.66137695
8.330688477
0
0
0
8.330688477
19.44164467
9.720822334
0
9.720822334
9.720822334
0
20.49347687
0
20.49347687
0
0
0
12.89358139
0
12.89358139
13.63314915
13.63314915
13.63314915
0
0
0
0
0
0
0
0
0
0
0
0
0
16.75919151
0
0
0
0
12.6813097
0
0
0
0
7.306397915
0
6.628788948
0
12.62454128
16.0349617
0
0
13.70151711
0
0
0
0
0
0
0
0
0
0
0
0
0
0
0
0
0
0
0
0
0
0
0
0
0
0
0
0
0
0
0
0
0
0
0
0
36.59134293
0
0
0
0
0
0
0
0
0
0
14.11638165
0
0
14.11638165
0
0
0
48.37107086
0
0
0
0
0
13.87086773
13.87086773
14.48727322
28.97454643
0
0
0
0
0
5.327399731
25.08864021
25.74472618
5.317355156
5.317355156
5.317355156
5.317355156
5.317355156
0
8.077131271
0
8.077131271
0
20.93979263
0
0
0
0
0
20.49494362
0
20.49494362
10.24747181
21.62069511
7.206898689
0
0
0
0
0
7.056127071
7.056127071
0
0
0
0
0
4.011267662
4.011267662
4.165250301
0
8.330500603
8.330500603
4.165250301
8.972747803
0
0
0
0
0
0
0
0
0
0
0
0
0
0
0
0
0
0
0
0
0
0
0
0
0
0
0
0
5.94849205
8.114714622
0
0
0
0
0
0
7.013386726
0
0
0
0
0
0
0
0
0
0
0
0
0
-0.5
7.1
0
0
6.945184708
0
0
0
0
0
0
0
0
0
0
0
0
0
0
0
0
0
0
0
0
0
0
0
0
0
0
0
0
0
5.677967548
0
0
5.677967548
0
0
0
0
0
0
0
3.898484707
3.898484707
1.949242353
0
0
0
0
0
0
0
0
0
0
0
0
2.968024969
8.552117348
5.701411724
0
0
0
8.251276016
0
4.125638008
0
7.219865799
0
7.311905861
7.311905861
7.311905861
7.311905861
0
0
0
14.5781908
0
0
0
0
0
0
3.147414923
9.442245483
6.294829845
3.597045898
3.597045898
7.194091797
2.24434185
4.488683701
2.24434185
4.488683701
6.733025551
2.704753637
2.366659164
0
0
2.366659164
0
9.019836426
0
3.6899333
7.243202686
2.728595495
0
1.173296094
32.77043152
0
0.546705961
0.933955967
15.19386768
0.546705961
0.341691226
5.209447384
6.998780727
2.967120171
0
0
5.194160461
20.77664185
5.936183929
10.38832092
0
7.62288475
3.811442375
7.62288475
7.62288475
0
0
6.130155563
3.065077782
3.065077782
0
3.784472227
0
3.784472227
7.568944454
0
0
0
3.861508846
7.723017693
3.861508846
0.134439275
0
0.618884206
0
0.280468136
0.292057723
0
9.535286903
9.535286903
0
19.07057381
18.37019348
9.185096741
9.185096741
9.185096741
27.55529022
0
0
0
0
0
0
7.738015652
0
0
0
10.0650816
0
10.0650816
0
0
0
9.95791626
9.95791626
9.95791626
9.95791626
10.12698078
20.25396156
0
40.50792313
0
0
0
14.83183956
0
0
0
0
0
0
0
5.084708691
0
0
0
0
0
0
0
0.549951494
1.415139914
3.208929062
3.85674119
2.651509285
2.681640387
4.594945431
2.832294226
0
0
0
0
0
12.89791584
0
0
0
0
0
0
3.959190607
0
0
15.28075123
0
0
0
15.28075123
4.191233158
0
4.191233158
12.573699
12.573699
0
0
13.6774683
0
0
0
0
6.733399868
6.733399868
13.46679974
0
0
9.332839012
0
16.33246803
8.166234016
0
7.655430317
0
15.31086063
0
35.66980362
0
11.88993454
11.88993454
0
17.55275345
0
17.55275345
0
0
25.15253639
0
12.5762682
12.5762682
12.5762682
0
0
0
20.5812149
2.022431135
0
10.52768326
10.52768326
5.263841629
10.52768326
0
9.319134712
0
0
0
3.768717051
6.017098904
0
0
3.211974621
10.06058216
20.12116432
20.12116432
0
0
15.81925964
23.72888947
7.909629822
0
0
7.909629822
1.879443884
0
0
1.879443884
0
0
3.183465719
0
0
0
0
0
1.989023089
1.989023089
3.978046179
0
0
8.477135658
4.238567829
0
0
3.564990282
3.564990282
0
0
0
24.2724781
0
12.13623905
0
18.93577003
7.213626862
0
0
0
0
0
0
0
0
0
0
0
0
0
0
0
0
0
0
0
0
0
0
0
0
0
0
0
0
0
-0.5
7.1
0
0
0
0
0
0
0
0
0
3.914555311
2.650862694
2.650862694
0
0
0
0
0
0
0
0
0
0
0
0
0
0
0
0
0
0
0
0
0
0
0
0
0
0
0
0
0
5.335017681
0
0
0
0
0
0
0
5.965552807
0
0
0
0
0
0
0
0
0
0
0
0
10.70415592
10.70415592
0
0
0
8.865070343
3.878468275
9.623427391
0
4.811713696
9.623427391
0
0
0
1.914732575
3.829465151
1.914732575
4.417913914
2.208956957
0
2.208956957
4.417913914
8.980066299
0
0
0
0
0
9.85651207
16.10877419
6.399376869
10.95985222
0
0
0
6.80617094
3.40308547
0
0
2.930038691
0
0
1.640821934
13.21138859
4.34346962
0
0
0
0
7.460691452
14.9213829
13.05620956
0
0
7.765648365
0
0
7.765648365
11.44655991
11.44655991
5.723279953
5.723279953
11.44655991
0
3.701650858
0
7.403301716
0
9.434988022
5.391421795
9.434988022
9.434988022
0
0
0
3.49783206
0
6.99566412
5.471452236
16.41435623
0
0
16.41435623
0
0
0
14.88570213
0
0
0
0
11.92765331
0
13.63160419
12.01170635
12.01170635
0
24.0234127
0
0
17.28481865
0
0
0
0
27.70128822
0
0
0
0
0
0
12.06922245
24.1384449
0
33.88724899
0
0
0
0
0
0
8.431043625
8.431043625
0
0
0
19.02615356
6.342051029
0
12.38084888
0
0
0
0
14.36125755
0
0
0
0
0
21.29491997
0
0
0
0
0
22.01508331
0
0
0
0
0
0
0
0
0
0
0
0
0
0
0
0
0
0
0
0
9.512475014
9.512475014
0
11.27815342
22.55630684
11.27815342
0
11.32776546
22.65553093
0
0
0
0
22.61962891
22.61962891
0
0
0
0
0
0
0
0
0
0
0
0
0
0
0
0
0
22.99887657
0
20.32233429
20.32233429
10.16116714
0
9.981811523
9.981811523
9.981811523
0
29.94543648
0
13.58857155
0
9.059047699
4.529523849
0
11.00072575
0
11.00072575
5.500362873
9.373198509
18.74639702
18.74639702
9.373198509
28.11959648
8.335083008
0
0
25.00525093
0
5.296376705
0
0
10.59275341
0
16.80156517
8.400782585
8.400782585
16.80156517
0
0
0
0
6.011795998
3.005897999
3.005897999
3.125407457
0
0
0
0
0
0
0
3.691364765
0
0
2.730582237
2.730582237
0
5.461164474
0
0
0
0
0
0
0
0
0
0
0
0
0
0
0
1.824753046
0
0
0
0
0
0
0
0
0
0
0
0
0
0
0
0
0
0
0
0
0
0
3.358649015
0
0
-0.5
7.1
0
6.344006538
0
0
0
0
0
0
0
0
0
0
0
0
0
0
0
0
0
0
0
0
0
0
0
0
0
0
0
0
0
0
0
0
0
0
0
0
0
0
0
0
0
0
0
0
0
0
0
0
0
0
0
0
0
0
0
4.687266827
5.35687685
2.63028717
5.260574341
5.260574341
5.260574341
2.63028717
8.713583946
13.07037544
4.356791973
8.713583946
0
6.784375668
0
3.876786232
10.17656326
13.56875134
2.343282461
4.686564922
10.71214962
2.343282461
0
3.693312645
0
3.693312645
3.693312645
0
0
0
5.243875504
2.621937752
2.621937752
5.243875504
6.686230659
2.925225735
6.686230659
5.850451469
5.850451469
0
2.177161455
6.531485081
2.177161455
4.976369381
2.610598803
2.983541727
8.95062542
2.610598803
2.983541727
9.586028099
23.96507072
0
0
10.9554615
0
0
2.478862286
47.22232437
1.363374114
0
5.226526737
10.45305347
10.45305347
5.226526737
17.28422737
11.52281761
0
5.761408806
0
0
0
3.93094945
3.93094945
0
14.41823864
7.20911932
0
14.41823864
7.20911932
0
3.860147715
7.720295429
3.860147715
0
0
10.63550568
10.63550568
15.95325851
0
9.512911797
4.756455898
0
9.512911797
4.756455898
0
0
7.007120609
7.007120609
0
14.01424122
21.29635429
14.19756985
35.49392319
0
0
0
0
9.561388969
0
9.561388969
8.117931366
16.23586273
0
8.117931366
8.117931366
0
0
0
16.76852036
16.76852036
0
11.34571171
0
0
0
12.71453094
0
14.53089333
25.42906189
0
0
0
5.646373272
5.646373272
0
0
0
0
14.0655241
0
0
0
0
15.45129108
23.1769371
20.80033875
10.40016937
10.40016937
0
0
6.701636314
6.701636314
0
0
13.40327263
13.40327263
11.8281889
0
0
5.914094448
0
12.16499424
0
0
0
0
2.631770849
0
2.396090031
0
3.370237827
4.230041027
16.92016411
4.230041027
4.230041027
16.92016411
0
0
0
0
40.82150269
11.10820961
11.10820961
11.10820961
11.10820961
0
0
23.37848854
0
0
0
23.37848854
14.31607819
14.31607819
0
0
0
11.49874878
34.49624634
0
0
22.99749756
38.64265823
7.728531837
0
7.728531837
15.45706367
14.40948486
0
0
0
14.40948486
0
19.99773407
0
9.998867035
0
0
0
0
0
6.992791176
8.18284893
8.18284893
0
0
8.18284893
0
0
5.566459656
5.566459656
5.566459656
7.143016815
0
0
7.143016815
0
9.35276413
0
0
9.35276413
28.0582943
0
0
0
18.04629898
0
0
10.33058739
0
0
0
10.33058739
0
10.13405323
5.067026615
0
0
0
0
0
4.376268387
0
0
0
0
0
0
0
0
0
0
0
0
0
0
0
0
0
2.516677856
5.033355713
2.516677856
0
6.171875477
0
6.171875477
0
0
5.531971455
2.765985727
0
0
0
0
0
0
0
6.629546642
0
0
7.431073666
0
0
0
0
0
0
0
0
-0.5
7.1
0
0
0
0
0
0
4.005517006
0
0
0
0
0
0
0
0
0
0
0
0
0
2.189942837
0
0
0
0
4.737628937
2.368814468
0
0
0
0
0
2.626623154
5.253246307
5.253246307
0
0
0
3.485371351
3.485371351
6.970742702
3.412500858
6.825001717
3.900001049
3.412500858
3.412500858
4.548334122
0
3.979792118
0
0
0
3.768428326
0
0
0
4.030087471
0
6.045131207
2.015043736
9.309329987
0
0
9.309329987
3.103110075
0
0
3.331707001
0
13.326828
0
0
12.75482559
12.75482559
12.75482559
5.207373619
0
0
0
2.975642204
3.173510075
5.553641796
2.776820898
0
0
0
0
0
0
0
0
5.923826218
5.923826218
5.923826218
0
11.84765244
0
0
3.264475107
6.528950214
9.793424606
7.827795506
7.827795506
0
3.913897753
19.56948853
6.029262066
10.55120754
0
0
5.275603771
0
2.923431635
5.84686327
0
2.923431635
0
9.286240578
0
5.306423664
4.643120289
0
4.896289349
0
9.792578697
11.19151878
5.031765461
0
0
5.031765461
11.50117874
0
0
0
0
14.91158867
2.775660515
0
0
0
8.326981544
5.283597946
12.07679653
5.283597946
0
0
4.17342186
25.04053116
0
20.8671093
4.17342186
4.17342186
0
13.73281288
13.73281288
13.73281288
0
8.55188179
34.20752716
0
17.10376358
25.65564346
30.05401611
20.03601074
0
0
0
0
0
0
0
0
0
0
15.11385345
0
0
0
24.76338768
0
43.33592224
0
14.41719818
7.208599091
7.208599091
7.208599091
0
0
0
0
17.39622116
0
11.28232384
22.56464767
22.56464767
11.28232384
0
0
0
0
0
14.63193417
0
0
0
0
0
0
0
0
0
0
0
0
0
28.74175835
0
0
0
0
0
0
0
0
0
5.337797165
0
0
0
9.707482338
0
0
9.707482338
7.005445957
0
0
7.005445957
0
0
0
0
0
19.41503716
29.12255669
0
0
0
0
0
0
0
19.87130547
0
17.38739204
0
0
0
0
12.12446594
0
0
0
0
0
0
0
0
0
23.72756767
11.55773067
0
34.67319107
0
0
0
10.37710762
9.079969406
9.079969406
0
5.325649261
5.325649261
0
5.325649261
5.325649261
9.413409233
0
18.82681847
0
0
23.27692032
15.51794529
0
7.758972645
0
0
0
17.81382751
0
0
9.937925339
9.937925339
0
0
0
0
0
0
0
0
0
0
0
0
0
0
0
0
0
0
0
0
0
0
0
0
0
0
0
0
0
0
0
0
13.48781681
0
7.559587002
3.779793501
0
7.559587002
0
0
0
0
4.689176083
0
0
0
0
0
0
0
0
0
0
0
0
0
0
0
10.43047333
0
0
0
0
0
0
-0.5
7.1
0
0
0
0
0
0
0
0
0
0
2.011336565
0
2.011336565
2.011336565
2.011336565
4.130985737
0
0
0
2.065492868
2.862757444
0
0
0
0
0
0
0
0
0
0
0
0
0
0
0
0
0
0
0
0
0
0
0
0
0
0
0
0
0
0
0
0
0
0
0
0
6.822272301
3.41113615
2.182905197
4.365810394
0
0
0
0
0
0
0
0
0
5.052152157
0
0
0
0
0
0
0
1.879188299
0
0.480668873
9.29293251
9.979600906
9.315821648
13.16683102
0
0
0
7.900098324
5.266732216
0
4.065582752
12.19674873
12.19674873
0
0
4.945696831
4.327484608
0
0
10.63409615
23.26208496
0
5.317048073
9.304833412
10.83749199
0
3.612497091
7.224994183
3.612497091
5.104736805
4.466644287
0
4.466644287
4.466644287
1.99420166
2.9388237
13.85445595
10.39084148
5.195420742
7.911402702
20.76743126
0
0
20.76743126
0
0
0
8.240506172
0
0
5.013068199
4.386434078
0
0
0
0
5.025327682
0
10.05065536
6.059677601
18.17903328
0
0
0
6.875553608
7.857776165
6.875553608
6.875553608
0
6.875553608
21.32184982
10.66092491
42.64369965
9.328309059
9.328309059
0
0
0
7.241523266
21.72456932
27.51678276
0
0
15.723876
0
0
15.97672367
0
18.25911331
0
0
5.670451164
17.01135254
0
0
0
0
0
17.73864746
0
0
0
0
0
0
0
0
0
0
0
0
31.17155838
0
0
31.17155838
0
0
0
0
0
0
0
15.1095953
15.1095953
15.1095953
0
0
0
0
0
0
0
28.39989281
0
0
0
0
0
0
0
0
0
0
0
0
8.885581017
0
0
0
0
0
0
0
0
9.096578598
0
0
0
26.40690231
0
0
0
0
0
0
0
0
6.735414505
6.735414505
6.735414505
0
13.47082901
27.8819828
0
13.9409914
6.970495701
0
0
56.61222458
18.87074089
0
0
0
0
7.824984074
8.942838669
7.824984074
6.219109535
6.219109535
6.219109535
6.219109535
0
0
0
8.202309608
24.60692787
8.202309608
7.385933876
0
7.385933876
0
3.692966938
0
0
5.038773537
10.07754707
5.038773537
0
0
15.35004139
0
0
6.832284451
0
0
0
0
7.928231239
7.928231239
0
0
15.85646248
7.928231239
7.47507
0
0
3.737535
0
0
7.083487511
7.083487511
0
0
0
0
0
0
0
0
0
0
0
0
0
0
0
0
0
5.876322269
0
5.876322269
11.75264454
0
2.975754976
0
0
0
0
0
0
0
0
4.803171635
4.077311039
4.077311039
0
0
0
0
0
0
0
0
0
0
0
0
0
0
0
0
0
0
0
-0.5
7.1
0
0
0
0
7.272258282
0
0
0
0
0
0
0
0
0
0
0
0
0
0
0
0
0
0
0
0
0
0
0
0
14.62497044
0
6.678299904
0
0
0
0
0
0
0
1.777824759
1.777824759
3.131255627
6.262511253
0
0
0
0
0
0
0
0
0
0
0
0
0
0
0
0
0
0
5.413775444
0
0
0
0
0
0
0
0
0
8.02129364
4.01064682
0
0
0
0
0
3.101752996
0
0
0
0
0
0
0
0
2.588879108
2.588879108
5.177758217
12.95585823
3.778791666
0
3.778791666
8.637238503
4.222334862
4.222334862
4.222334862
9.651050568
8.444669724
3.227253675
7.376580238
0
3.688290119
0
0
0
0
15.31202316
0
0
5.271545887
5.020519257
12.30027294
0
0
23.40097046
0
6.358556747
25.80391121
10.63697529
15.95546246
0
10.63697529
0
8.971511841
15.87721634
12.21778297
0
5.37110281
7.480528831
0
0
0
0
8.408939362
0
8.408939362
8.408939362
9.610217094
0
0
14.28249359
0
0
0
0
10.26893806
0
10.26893806
5.134469032
10.13128948
0
11.57861805
20.26257896
10.13128948
0
0
0
0
0
0
13.96549892
0
13.96549892
0
0
0
26.16376877
0
0
21.54675484
7.182251453
0
0
0
0
16.96156693
0
0
0
0
8.574921608
0
0
0
0
22.9948082
0
22.9948082
0
11.58672333
0
0
0
0
0
0
0
0
30.30123329
0
0
0
0
0
0
0
0
0
0
0
0
0
0
0
0
0
0
0
0
0
40.48254013
0
10.12063503
0
0
0
0
12.43509483
0
0
0
0
8.088856697
0
0
0
0
0
0
0
0
0
0
0
0
0
0
0
0
19.35161781
0
9.802910805
0
0
9.802910805
0
0
0
0
30.80059052
0
21.30032158
0
0
0
0
24.30667686
8.102225304
0
8.102225304
0
0
0
0
23.8058548
0
0
0
0
0
0
8.76369381
17.52738762
0
0
0
0
18.81758308
28.22637177
9.408791542
0
0
7.93682909
23.81048775
0
0
0
10.10187912
0
0
0
0
0
0
0
0
0
0
4.277431488
0
0
0
0
0
0
0
0
0
0
0
3.707257986
0
0
3.588680983
0
0
0
4.645358562
2.322679281
0
0
0
0
0
0
0
0
0
0
6.06696701
3.033483505
0
2.497055531
2.497055531
0
0
0
0
0
0
0
0
0
0
0
0
0
0
0
2.393595934
0
4.787191868
2.393595934
-0.5
7.1
8.016788483
0
0
0
0
0
0
0
0
0
0
0
0
0
0
0
0
0
0
0
0
0
0
0
0
0
0
0
0
4.106544018
12.31963158
0
3.795307398
7.590614796
0
0
0
0
0
0
0
0
0
0
4.55898428
5.210267544
4.217459202
8.434918404
0
0
0
0
0
0
0
0
0
4.790587902
7.185882568
0
0
0
24.29217148
2.584273815
0
5.441332817
6.218666553
5.441332817
6.218666553
16.6446209
4.161155224
4.161155224
0
0
7.960931778
3.980465889
7.960931778
3.980465889
3.980465889
0
0
6.980494976
6.980494976
0
4.16289854
4.16289854
4.16289854
4.16289854
4.757597923
8.325797081
22.94704056
6.184206486
0
0
0
3.865371466
15.46148586
0
0
0
0
0
3.613271236
7.226542473
9.484836578
4.828659058
21.12538147
0
4.225076675
9.657318115
14.36824322
0
0
7.543327332
0
4.157522678
10.91349697
4.157522678
0
3.637832403
3.109857082
0
3.109857082
0
0
10.63049507
0
0
10.63049507
5.315247536
0
4.464354515
4.464354515
13.39306355
8.92870903
5.690045357
0
0
13.00581932
11.38009071
0
0
0
4.321405411
0
4.796662807
14.3899889
4.796662807
9.593325615
0
0
0
8.240485191
9.417697906
8.240485191
8.240485191
0
0
0
16.66303062
0
11.54251099
10.09969616
0
10.09969616
11.54251099
0
11.12061882
19.46108055
0
0
0
14.54717255
0
21.82075882
0
0
0
0
16.4001503
16.4001503
18.02864647
36.05729294
0
0
18.02864647
0
25.04083061
0
0
0
21.83021355
21.83021355
0
21.83021355
0
12.02874851
12.02874851
0
24.05749702
0
11.94154167
0
0
0
0
9.523339272
0
0
0
9.523339272
0
0
0
0
0
0
0
0
0
0
0
9.238706589
0
0
0
0
0
37.51321411
10.71806145
0
9.378303528
0
19.92017555
0
0
9.960087776
25.10692215
0
0
0
25.10692215
12.55346107
0
0
9.891753197
0
0
13.92721462
0
0
0
13.92721462
0
0
0
22.8263607
0
0
16.37273026
0
0
0
11.36635017
11.36635017
45.4654007
0
22.73270035
11.84268951
0
11.84268951
11.84268951
11.84268951
5.868601322
5.868601322
0
11.73720264
11.73720264
0
0
6.952061176
6.952061176
6.952061176
6.258723736
6.258723736
0
6.258723736
0
0
6.915865421
6.915865421
6.915865421
6.915865421
0
0
14.71430874
0
14.71430874
11.52832127
11.52832127
34.58496475
0
0
11.52832127
0
2.74296999
5.48593998
2.74296999
2.74296999
0
0
0
0
9.056411743
0
4.108754635
0
0
0
0
0
0
0
5.297508717
0
4.582295418
0
0
4.582295418
4.449006081
3.89288044
0
0
0
0
0
0
0
0
0
0
0
0
0
0
0
0
0
0
0
0
0
0
0
0
0
0
0
3.465103626
4.635424614
0
0
0
0
0
-0.5
7.1
0
3.050470829
0
0
0
0
0
0
0
0
0
0
1.800578952
1.800578952
0
0
0
0
0
3.089784622
0
0
0
0
0
2.7371912
0
0
0
0
0
0
0
0
0
0
0
0
0
0
0
0
0
0
0
0
0
0
0
0
0
7.185843468
0
0
0
0
0
0
0
0
0
0
0
0
0
0
0
0
0
0
0
0
0
0
0
15.51181793
0
10.34121037
15.51181793
15.51181793
0
0
6.029782772
0
6.029782772
13.11553669
6.557768345
13.11553669
0
13.11553669
0
5.392788887
2.696394444
0
5.392788887
8.089182854
0
0
0
0
0
16.71823311
0
0
0
2.786372185
0
9.810038567
4.905019283
0
4.905019283
4.300529957
17.20211983
0
0
0
8.264962196
4.132481098
8.264962196
8.264962196
4.132481098
13.12257671
0
0
6.561288357
6.561288357
8.450379372
8.450379372
0
4.225189686
8.450379372
4.284869671
0
4.284869671
4.284869671
12.85460854
0
0
0
0
0
9.55010891
4.775054455
9.55010891
9.55010891
0
14.2058115
0
0
0
0
7.10290575
12.46695328
12.46695328
6.233476639
0
12.46695328
0
0
0
28.51277161
0
0
15.58236217
0
7.791181087
0
29.41806602
14.70903301
7.354516506
7.354516506
22.06354904
0
12.29338741
0
0
6.146693707
6.416329384
0
0
0
25.66531754
0
0
13.26276588
0
0
23.07596779
7.691989899
0
15.3839798
0
6.389791965
0
6.389791965
12.77958393
0
0
0
0
0
0
0
0
0
0
0
0
0
0
0
0
14.89593124
50.31786728
0
0
0
0
0
0
0
8.687735558
0
0
0
10.73920059
5.369600296
0
0
0
0
0
0
0
0
14.49777985
0
0
0
0
8.131051064
0
8.131051064
0
0
0
0
0
15.22218323
8.163420677
0
16.32684135
0
24.49026299
0
9.019339561
9.019339561
0
9.019339561
0
18.4309063
9.215453148
9.215453148
18.4309063
0
7.657877922
0
7.657877922
7.657877922
0
14.57734585
0
0
0
16.04669952
8.023349762
8.023349762
0
0
9.519981384
19.03996277
0
9.519981384
0
0
5.681016445
0
11.36203289
5.681016445
6.576246738
13.15249348
13.15249348
0
0
5.444951534
5.444951534
5.444951534
5.444951534
0
0
0
12.80174255
12.80174255
0
25.60348511
3.575947285
0
0
3.575947285
0
0
0
0
0
0
0
0
0
0
4.213583946
0
0
0
5.328203678
0
6.952877045
0
0
0
0
0
0
0
0
0
0
0
0
0
0
0
0
0
0
0
0
0
0
4.888710022
0
0
0
0
0
0
3.341801643
0
0
0
0
0
0
0
0
0
0
-0.5
7.1
0
0
0
0
3.283151865
0
0
0
0
0
0
0
0
0
0
0
0
0
0
0
0
0
0
0
0
2.779743671
0
0
0
0
0
0
0
0
0
0
0
0
0
0
0
0
0
0
0
0
0
0
0
0
0
0
0
0
0
0
4.721291065
2.360645533
2.360645533
7.840740204
3.920370102
0
11.76111031
0
0
0
2.361942053
0
2.361942053
0
2.733792305
8.201375961
8.201375961
0
6.563062191
2.187687397
0
6.563062191
2.187687397
3.62114048
1.81057024
1.81057024
1.81057024
3.62114048
6.464018345
6.464018345
6.464018345
3.232009172
3.232009172
6.464018345
16.05317307
12.0398798
20.06646729
0
12.0398798
3.951334
2.257905245
0
0
1.975667
2.322205782
6.966617107
4.644411564
0
0
6.11693716
3.05846858
9.175406456
3.05846858
0
4.402098179
4.402098179
0
4.402098179
13.20629406
7.212742329
0
0
10.81911373
3.606371164
0
4.173662186
8.347324371
8.347324371
0
0
0
0
14.81020737
0
0
4.830039978
4.830039978
4.830039978
19.32015991
0
0
0
0
7.582503796
0
0
0
12.3878336
6.193916798
0
11.75147915
0
5.875739574
17.62721825
11.75147915
6.37771368
6.37771368
0
0
19.13313866
0
0
0
13.41370487
0
0
0
13.52349472
0
0
0
0
14.91240025
0
0
0
0
38.14295578
9.535738945
0
0
29.62132645
0
9.873775482
0
0
7.194524765
7.194524765
7.194524765
0
0
7.17283392
0
0
0
13.39712238
0
0
0
13.39712238
0
0
0
0
0
10.0058403
5.002920151
0
0
0
0
0
0
0
0
0
0
0
0
0
0
0
0
0
0
0
0
0
0
0
0
0
0
0
0
0
0
0
0
8.229771614
0
0
0
21.55395508
0
0
0
0
0
0
0
0
0
0
16.05290413
16.05290413
0
0
30.32393265
0
0
0
0
22.6071682
11.3035841
0
0
10.44252968
10.44252968
10.44252968
0
31.32759094
0
17.49357414
0
0
9.996328354
0
0
0
11.10221481
0
0
3.125071764
0
0
0
0
0
3.639247179
0
7.278494358
0
18.4681263
0
0
0
0
7.895996094
0
7.895996094
0
0
0
0
0
0
0
0
0
0
0
0
3.825545549
0
0
0
3.825545549
10.86294174
0
0
0
0
0
0
0
0
0
5.723063469
0
0
0
5.723063469
4.955512524
0
0
0
0
3.1642344
3.1642344
1.5821172
0
0
0
0
0
0
0
1.174197793
0
0
0
0
0
0
0
0
3.396945953
0
0
0
0
0
0
0
0
4.471637249
0
0
-0.5
7.1
0
0
0
0
0
0
8.563007355
0
0
0
3.1378932
0
0
0
0
0
0
0
0
0
0
0
0
4.413134575
0
0
0
0
0
0
0
0
0
0
0
0
0
0
0
0
0
0
0
0
0
0
0
0
0
0
0
0
2.451342821
4.902685642
2.451342821
0
3.821440935
0
0
0
6.518327236
0
0
0
4.459568501
0
8.919137001
0
6.689352512
0
0
3.007067204
0
6.014134407
4.764238834
4.764238834
4.764238834
4.764238834
0
0
4.579717159
1.526572466
0
1.526572466
0
3.978093624
7.956187248
11.93428135
0
0
0
2.718265533
2.718265533
5.436531067
0
5.067945004
20.27178001
15.20383453
15.20383453
5.067945004
8.419016838
0
8.419016838
0
8.419016838
6.033255577
6.033255577
0
18.09976578
0
0
0
2.642364264
2.642364264
0
3.376660347
10.12998104
0
6.753320694
10.12998104
11.22191143
11.22191143
3.740637064
7.481274128
0
16.95122528
8.47561264
0
25.42683983
0
11.26832199
5.634160995
0
16.90248299
0
4.381475925
17.5259037
4.381475925
8.762951851
0
0
10.11613464
5.058067322
0
0
4.934845924
14.80453777
14.80453777
0
0
0
0
10.46373367
20.92746735
0
0
32.33013535
0
0
12.93205452
19.39808083
0
0
14.96993065
17.1084938
0
14.6157217
0
0
29.23144341
0
8.650512695
0
4.325256348
8.650512695
0
0
44.22956085
0
0
0
0
0
17.35380936
17.35380936
34.70761871
0
0
14.90750599
0
0
0
20.0542984
0
0
5.0135746
13.09436893
6.547184467
0
0
0
0
10.67076206
16.00614357
0
0
0
0
26.97418594
0
0
0
0
0
0
0
23.94440079
0
0
0
18.25523186
0
0
0
19.42296219
0
0
0
0
0
8.419741631
0
0
0
0
0
11.84797287
0
0
0
18.95436478
0
0
0
8.400444031
16.80088806
16.80088806
0
15.96207619
0
7.981038094
7.981038094
9.12118721
0
0
0
0
0
0
0
0
0
0
12.6586113
0
12.6586113
14.4669857
0
0
3.440397501
0
0
0
0
0
0
0
0
8.135870934
0
0
16.27174187
8.135870934
4.499735355
4.499735355
0
17.99894142
8.999470711
0
24.11491776
12.05745888
24.11491776
0
10.14850616
20.29701233
20.29701233
0
10.14850616
0
0
0
0
0
0
0
0
0
0
19.9914608
0
0
0
4.140161991
8.280323982
0
0
0
0
0
7.107161045
0
0
0
0
0
0
2.285539389
0
2.285539389
0
0
0
0
0
0
0
0
3.808453083
7.616906166
1.572036147
1.572036147
0
3.144072294
0
0
0
0
0
0
0
0
0
0
0
0
0
0
0
0
0
0
0
0
0
0
-0.5
7.1
0
0
0
0
0
0
0
0
0
0
0
2.615088224
2.615088224
0
0
0
0
0
0
0
0
0
9.381229401
0
0
0
0
0
0
0
0
0
0
0
0
0
0
0
0
0
7.155318737
3.461229563
0
0
5.191844463
1.730614781
6.727635384
4.485090256
0
0
0
0
0
5.284002304
0
2.642001152
5.094378471
0
0
3.299066067
0
0
0
0
0
0
0
6.099301338
0
2.789747238
0
0
0
0
0
0
0
9.70584774
0
0
0
0
0
4.467537403
0
6.827762127
0
6.827762127
6.827762127
0
0
0
9.546593666
0
4.773296833
10.71797085
3.572656631
10.71797085
0
0
13.22045708
8.813637733
0
5.036364555
13.22045708
0
0
4.141125679
8.282251358
8.282251358
0
0
0
0
0
0
16.62949562
0
3.325898886
3.325898886
0
0
0
0
9.352246284
0
0
0
0
0
22.80962181
7.603207111
0
0
0
5.48149538
10.96299076
0
0
0
0
0
3.205865622
9.617596626
3.205865622
0
3.272240877
13.08896351
9.81672287
3.272240877
6.544481754
9.703337669
19.40667534
4.851668835
0
9.703337669
21.76544952
32.64817429
0
10.88272476
21.76544952
0
5.119320393
5.119320393
0
0
0
21.26260185
63.78780365
0
0
0
15.42327309
7.711636543
0
0
0
0
0
9.736164093
0
0
0
0
0
0
0
0
0
0
0
0
0
0
9.407173157
0
30.38591957
20.25728035
20.25728035
0
0
4.712954521
0
0
0
0
7.653218269
22.95965385
0
0
0
0
0
0
0
0
0
0
0
0
0
8.336250305
6.665641785
6.665641785
6.665641785
0
6.665641785
0
0
0
24.93888855
0
0
0
9.761693001
0
0
0
0
0
0
0
8.504443169
0
0
0
0
0
0
0
0
31.63454056
15.81727028
0
0
20.63700867
0
6.879002571
11.69113255
0
11.69113255
46.76453018
0
0
11.28943443
0
11.28943443
22.57886887
0
0
0
0
43.21681595
0
3.522146225
0
0
3.522146225
0
0
0
29.27074242
0
0
11.82005692
23.64011383
35.46017075
0
39.43658829
7.887317181
0
0
0
0
0
0
0
0
0
0
14.28966522
14.28966522
0
0
0
0
8.047035217
0
4.023517609
4.367333412
4.367333412
0
4.367333412
4.367333412
0
5.991958141
0
11.98391628
0
0
4.872953892
0
9.745907784
0
0
0
0
5.939677238
0
0
0
0
0
2.464550734
0
3.789159536
3.789159536
3.789159536
0
0
0
0
0
0
0
0
12.3843689
0
0
0
0
0
0
0
0
0
0
0
0
0
0
0
0
0
0
-0.5
7.1
0
0
0
0
0
0
0
0
0
0
0
0
0
0
0
0
0
0
0
0
4.058729172
4.058729172
4.058729172
0
0
0
0
0
0
0
0
5.399053574
2.699526787
0
0
0
0
0
0
0
0
0
0
0
0
9.045725822
3.18258214
0
0
0
6.36516428
0
0
0
0
0
5.154368401
5.154368401
5.154368401
7.731552601
6.006349087
0
12.01269817
0
0
0
0
0
0
0
0
0
0
0
4.931572437
14.50562572
0
0
0
0
5.578867912
5.578867912
5.578867912
0
2.789433956
0
0
2.30108428
4.60216856
6.903252602
4.60216856
8.108578682
5.40571928
2.70285964
5.40571928
2.70285964
7.400091648
3.700045824
7.400091648
0
0
0
2.2364223
4.472844601
0
4.472844601
0
0
4.380944729
2.190472364
4.380944729
0
7.734716415
3.867358208
0
0
0
15.31865215
6.12746048
12.25492096
3.06373024
1.785875916
0
0
0
3.571751833
11.76955318
0
2.942388296
0
0
15.45275974
0
0
7.726379871
7.726379871
0
0
0
8.742424965
4.371212482
0
6.391039371
9.586558342
0
3.195519686
25.69169807
0
0
0
5.138339043
15.41501713
0
0
20.07335281
10.03667641
0
0
14.21751976
0
14.21751976
0
0
0
11.31988811
11.31988811
0
0
0
0
0
0
0
0
0
0
0
0
0
11.87655163
0
11.87655163
0
0
0
8.626284599
0
31.26993561
0
0
31.26993561
10.42331219
0
8.051590919
0
8.051590919
8.051590919
0
9.580759048
0
0
0
0
0
0
0
0
0
0
0
14.16321659
0
0
0
0
3.90410161
3.90410161
0
0
0
0
0
0
0
0
0
28.98370171
0
0
0
0
0
0
0
0
0
0
17.1844635
12.18141937
0
6.090709686
6.090709686
12.18141937
6.090709686
10.60918808
0
10.60918808
0
0
0
0
0
0
0
16.90211105
0
16.90211105
16.90211105
0
0
0
0
28.75691414
14.37845707
10.00739002
0
5.003695011
5.003695011
0
20.87188721
0
10.4359436
20.87188721
10.4359436
11.70483685
0
23.40967369
11.70483685
11.70483685
0
0
7.112056732
7.112056732
21.3361702
16.37765121
0
0
0
0
0
0
0
0
8.756556511
0
3.890904665
3.890904665
3.890904665
3.890904665
0
7.630300522
0
15.26060104
0
7.630300522
2.537777185
2.537777185
5.075554371
0
0
0
4.392047882
0
0
0
0
0
0
0
0
3.765305519
3.765305519
7.530611038
3.765305519
3.765305519
4.594982147
0
0
0
4.594982147
4.965907097
0
0
0
0
0
0
0
0
0
0
0
4.262238503
0
0
5.22087574
10.44175148
0
0
0
0
0
0
0
0
0
10.20710754
0
0
5.103553772
0
8.291020393
4.145510197
0
0
0
-0.5
7.1
0
0
0
0
0
0
0
0
0
0
0
0
0
0
0
0
0
0
0
0
0
0
0
0
2.289010048
0
0
3.338066339
6.676132679
0
0
0
0
2.493110418
2.493110418
0
0
0
0
6.669016838
3.334508419
0
6.22966814
3.11483407
0
0
0
0
0
0
0
6.463900089
3.231950045
0
0
6.463900089
2.753518343
2.753518343
5.507036686
9.176659584
0
4.588329792
0
0
0
3.5931952
7.1863904
3.5931952
10.77958584
5.023683071
10.04736614
15.07104874
5.023683071
5.023683071
0
9.87474823
4.937374115
4.937374115
9.87474823
3.719661713
0
1.859830856
5.579493046
1.859830856
4.800529003
0
0
0
9.601058006
4.800529003
0
2.176489592
2.176489592
4.352979183
2.176489592
0
3.106518984
0
3.106518984
3.106518984
0
0
0
25.13021278
0
0
0
5.494139671
6.180906773
12.36181355
10.13418484
10.13418484
15.20127678
0
5.067092419
0
0
0
10.64407635
10.64407635
0
0
10.45974541
20.91949081
10.45974541
0
0
0
21.32876778
10.66438389
0
0
0
0
0
5.300481796
5.300481796
5.300481796
5.300481796
0
0
12.00628662
0
0
0
15.34168339
15.34168339
0
0
15.34168339
23.01252365
0
0
0
9.899276733
19.79855347
0
0
18.83150482
0
18.83150482
23.65333366
0
0
11.82666683
23.65333366
0
0
8.609752655
0
0
0
0
20.23620224
0
10.11810112
0
0
0
0
0
0
0
0
0
11.84695053
0
0
0
0
0
0
0
10.56467628
0
0
10.90032673
21.80065346
0
0
10.90032673
4.866168976
0
4.866168976
4.866168976
9.732337952
0
0
0
0
0
0
0
0
0
0
0
0
0
0
0
0
0
5.350934029
0
0
0
0
0
0
0
7.97568655
0
0
0
0
0
0
0
0
33.74253464
0
0
9.337055206
0
0
0
18.67411041
0
0
0
0
11.56417656
8.842385292
0
0
0
0
0
0
0
10.6777153
10.6777153
0
0
30.06240082
30.06240082
0
0
29.40358353
0
9.801194191
0
6.832446098
0
0
6.832446098
6.832446098
7.339515686
7.339515686
14.67903137
0
29.35806274
0
0
0
0
11.08954334
0
9.605018616
0
19.21003723
9.605018616
0
0
0
0
0
0
0
0
11.53884697
0
0
14.92130756
0
9.947538376
9.947538376
14.92130756
1.76239717
0
0
0
0
1.550620079
0
0
0
0
0
0
0
0
2.851182699
0
0
0
0
7.283120632
2.320183754
4.640367508
2.320183754
0
2.320183754
10.63957024
0
0
0
0
0
5.461405754
0
0
2.730702877
0
0
0
0
0
0
0
0
0
0
0
0
0
0
0
0
0
0
0
0
0
-0.5
7.1
0
1.764918566
0
0
1.764918566
0
4.682976723
0
0
0
0
0
0
2.327323914
2.327323914
0
0
1.739082932
0
0
0
0
0
0
0
2.325294256
0
4.650588512
4.650588512
4.650588512
0
0
0
0
0
0
0
0
0
0
3.079146624
3.960325718
0
0
3.960325718
1.980162859
4.319974422
0
4.319974422
2.159987211
0
2.827550173
1.413775086
1.413775086
0
0
1.256738901
0
1.256738901
10.04074287
0
5.020371437
5.020371437
5.020371437
8.882243156
4.441121578
8.882243156
13.32336426
0
0
0
0
2.999088764
2.999088764
0
0
0
5.902345657
5.902345657
3.724956512
7.449913025
0
0
0
0
4.576200962
2.288100481
2.288100481
4.576200962
4.576200962
0
11.07460976
3.691536903
7.383073807
3.691536903
0
0
0
4.044266701
0
0
3.04604435
3.04604435
6.092088699
0
4.941502094
2.470751047
7.41225338
4.941502094
2.470751047
0
0
0
5.582478046
5.582478046
3.132868767
6.265737534
9.3986063
9.3986063
6.265737534
0
5.009838104
10.01967621
0
0
11.44300747
11.44300747
7.628671646
0
11.44300747
14.03734112
0
14.03734112
7.018670559
7.018670559
29.39821243
0
11.75928497
11.75928497
11.75928497
6.591380596
0
6.591380596
0
6.591380596
3.744070768
3.744070768
7.488141537
0
7.488141537
0
0
6.170879841
18.51263809
0
0
0
0
14.10124493
28.20248985
0
15.58905697
0
0
7.794528484
15.58905697
0
0
9.585038185
0
19.17007637
8.506475449
8.506475449
8.506475449
17.0129509
8.506475449
0
0
0
0
9.684536934
0
0
0
0
20.22375107
0
0
0
0
0
0
0
0
37.60738754
0
0
0
0
0
0
0
0
0
0
0
0
0
26.93606567
0
13.46803284
13.46803284
30.70367241
40.93822861
10.23455715
0
0
0
0
0
0
0
7.771298885
0
0
0
7.771298885
0
0
0
0
0
0
0
0
0
0
16.73754883
8.368774414
0
0
0
0
20.33205986
0
20.33205986
0
0
20.79930305
10.39965153
20.79930305
0
0
0
17.13834763
0
5.712782383
11.42556477
0
0
19.20300674
0
0
0
28.09040833
0
14.04520416
14.04520416
0
13.17713165
6.588565826
0
13.17713165
0
0
0
0
0
0
7.780481339
0
23.34144402
15.56096268
30.71613121
0
7.679032803
0
0
5.539439678
0
5.539439678
33.23663712
5.539439678
5.892724037
5.892724037
0
0
11.78544807
0
0
0
19.02278709
0
0
3.168269634
3.168269634
0
3.168269634
6.336539268
2.225363255
0
2.225363255
0
0
0
0
0
0
0
0
0
0
0
0
0
0
0
0
0
0
0
0
0
0
4.468547344
8.937094688
0
0
0
0
0
0
0
0
0
0
0
0
0
0
0
0
0
0
0
0
0
0
0
0
0
0
0
0
0
-0.5
7.1
0
0
0
0
0
0
0
0
0
0
0
0
0
0
0
0
0
0
0
0
0
0
0
0
0
0
0
0
4.18539238
4.18539238
0
0
0
0
0
0
2.035340786
2.035340786
4.070681572
8.141363144
4.070681572
0.870202422
0
0
0
0
0
0
0
0
2.141353846
0
0
3.327944279
0
0
0
0
0
0
0
0
0
0
0
0
0
0
7.394843578
0
0
0
0
0
9.644991875
0
9.644991875
0
0
1.964047909
3.928095818
13.74833584
3.928095818
0
11.34033012
0
0
0
17.01049423
0
12.23508644
18.35263062
0
12.23508644
24.47017288
7.500868797
19.68977928
0
0
0
0
0
6.404889107
3.202444553
6.404889107
3.232939005
3.232939005
12.93175602
0
0
7.702150822
11.55322552
3.851075411
0
3.851075411
9.377689362
6.251792908
3.125896454
9.377689362
3.125896454
0
25.35481644
0
25.35481644
6.338704109
2.323716164
0
0
0
4.647432327
36.92645264
0
0
14.77058125
0
0
0
0
0
3.88926053
14.17599678
0
0
0
9.45066452
0
11.77893066
0
0
0
0
8.203424454
32.81369781
16.40684891
8.203424454
0
17.03651047
0
0
0
8.518255234
5.891218185
0
5.891218185
0
0
0
0
0
0
31.54862213
0
0
0
23.90472031
11.95236015
0
0
0
0
0
0
0
0
0
0
0
0
0
0
0
0
4.970143795
0
0
0
17.64841843
17.64841843
0
0
17.64841843
32.11599731
0
16.05799866
0
32.11599731
0
40.17357254
0
0
0
0
0
0
5.055184841
0
0
0
0
0
9.024642944
0
0
0
35.92616653
0
0
0
0
0
0
12.4694767
0
0
0
0
0
0
10.33440113
10.33440113
0
41.33760452
20.66880226
12.5038538
12.5038538
37.51155853
12.5038538
12.5038538
16.29708862
0
16.29708862
32.59417725
0
14.5989933
29.1979866
0
0
0
16.98858261
0
16.98858261
33.97716522
16.98858261
26.1398468
13.0699234
26.1398468
13.0699234
26.1398468
0
0
43.26028061
0
0
6.041966915
0
0
0
12.08393383
14.61998463
7.309992313
0
0
0
13.6444931
0
13.6444931
0
0
0
5.437641621
16.31292534
10.87528324
0
0
0
12.02179527
6.010897636
6.010897636
0
25.42588234
0
0
0
0
0
4.277236462
0
4.277236462
0
0
0
0
0
0
0
0
2.515108585
2.515108585
2.515108585
4.585222244
0
0
0
0
4.844484806
0
0
0
4.844484806
0
0
0
0
0
0
11.59013557
5.795067787
0
5.795067787
0
0
0
0
0
0
0
0
0
0
0
0
0
0
0
0
0
0
0
0
0
0
0
0
0
0
-0.5
7.1
4.249855042
0
0
0
0
0
0
0
0
0
0
0
0
0
0
0
0
0
0
0.757247031
0
0
0
0
0
0
0
0
0
0
0
0
0
0
0
0
0
0
2.354706764
4.709413528
0
0
0
0
0
0
0
0
0
0
0
0
0
0
0
0
1.70892942
1.70892942
1.70892942
0
0
3.104931355
3.104931355
9.314793587
3.104931355
3.202407122
1.601203561
0
1.601203561
3.202407122
4.931481361
7.397222042
2.465740681
0
0
4.007845879
2.003922939
4.007845879
2.003922939
0
5.413954735
8.120932579
8.120932579
8.120932579
0
4.438044071
0
4.438044071
4.438044071
0
13.31413174
5.951725006
5.951725006
2.975862503
0
5.951725006
4.807263374
9.614526749
0
0
0
0
4.126084805
8.252169609
4.126084805
0
0
7.181460381
3.59073019
0
0
0
16.84886169
11.23257446
0
5.616287231
0
6.630989552
6.630989552
9.946484566
0
0
0
11.5949316
0
7.72995472
0
0
6.133122444
0
3.066561222
9.511393547
4.755696774
19.02278709
0
4.755696774
4.237260342
0
8.474520683
12.7117815
4.237260342
8.510054588
8.510054588
0
12.76508331
17.02010918
5.97841692
0
17.93525124
11.95683384
0
11.95683384
0
0
16.79517937
0
0
0
0
0
20.62598228
0
0
0
36.95329666
18.47664833
0
0
0
0
0
0
0
10.24170494
0
30.72511292
10.24170494
0
15.16460514
30.32921028
15.16460514
30.32921028
7.137112617
0
7.137112617
7.137112617
0
0
0
0
0
0
0
0
0
26.61608505
0
0
0
8.144575119
32.57830048
0
7.704212189
23.11263847
0
0
7.704212189
18.97369957
47.43424606
0
0
9.486849785
9.486849785
0
12.48707676
0
0
0
9.55219841
9.55219841
9.55219841
0
0
0
15.34519005
0
0
0
0
0
0
0
0
0
11.80997849
0
0
11.80997849
0
8.939569473
26.81871033
8.939569473
0
0
8.206335068
16.41267014
0
8.206335068
8.206335068
0
0
0
0
15.07289791
20.53291702
0
0
10.26645851
0
0
0
20.90712929
0
10.45356464
0
9.263818741
9.263818741
0
18.52763748
10.69812584
32.09437561
10.69812584
0
0
15.14066696
0
22.71099854
0
0
25.44278908
0
0
0
0
11.45311832
0
0
11.45311832
0
12.88226032
19.32339096
0
0
12.88226032
5.297424793
0
0
0
0
0
0
0
16.52865791
0
0
0
0
0
0
0
0
0
0
0
20.38572311
0
0
0
0
0
0
0
0
0
0
0
0
0
0
0
0
0
0
0
0
0
15.97855854
7.98927927
15.97855854
0
0
0
0
0
0
0
10.42369843
0
0
3.474565983
5.57224369
0
0
0
0
0
0
0
0
0
0
0
0
0
0
0
-0.5
7.1
0
0
2.113757133
0
0
0
0
0
0
0
0
0
0
0
0
0
0
0
0
0
0
0
0
0
0
0
0
0
0
2.219521761
2.219521761
0
0
0
0
0
0
6.863303661
6.863303661
0
0
8.505739212
0
0
0
0
0
0
7.926203728
0
0
0
4.11925602
0
0
2.05962801
0
0
9.977772713
1.81985414
1.81985414
0
0
1.81985414
9.684819221
9.684819221
14.52723026
4.842409611
4.842409611
11.03536034
7.356907368
11.03536034
0
3.678453684
0
0
2.844131231
2.844131231
5.688262463
6.805245876
0
0
3.402622938
6.805245876
7.23746109
14.47492218
0
7.23746109
0
14.47492218
9.238145828
12.31752872
0
9.238145828
0
9.247549057
9.247549057
0
4.623774529
0
0
10.50567055
15.75850487
0
0
12.97523499
0
0
4.325078487
0
0
0
0
9.56420517
0
0
2.53366375
0
0
0
14.23945522
7.119727612
7.119727612
0
14.23945522
11.29261398
5.646306992
0
5.646306992
16.93892097
0
0
0
7.784493446
0
0
3.77102232
0
7.54204464
3.77102232
0
0
0
0
13.38545609
0
0
0
9.35408783
9.35408783
0
0
0
0
20.39302063
10.19651031
0
5.508058548
11.0161171
5.508058548
22.03223419
47.48171997
0
0
0
11.87042999
14.95064354
0
0
22.42596436
0
7.503881931
0
0
7.503881931
7.503881931
20.71624374
0
31.07436562
0
10.35812187
0
0
0
64.13065338
0
44.19600677
0
0
22.09800339
0
0
0
0
0
0
0
0
0
0
0
8.963100433
0
0
8.963100433
8.963100433
0
0
0
0
0
0
0
0
13.69530678
0
0
4.743739605
0
0
0
9.48747921
0
0
0
0
0
0
23.29715919
0
0
0
0
0
0
0
11.59578323
0
0
17.76034164
8.880170822
0
0
0
0
0
0
13.24735641
0
13.00413132
13.00413132
26.00826263
0
15.89870834
15.89870834
31.79741669
0
15.89870834
26.56916237
0
0
0
13.28458118
0
0
0
0
0
0
0
0
0
0
0
0
3.411368847
3.411368847
6.822737694
0
12.93297672
12.93297672
0
0
0
4.787856102
9.575712204
9.575712204
9.575712204
0
0
0
6.069935322
6.069935322
11.36330414
0
0
0
11.36330414
0
6.280336857
6.280336857
12.56067371
0
6.280336857
8.479510307
4.239755154
8.479510307
4.239755154
4.239755154
0
5.544827938
2.772413969
0
0
3.823884726
7.647769451
7.647769451
3.823884726
3.823884726
0
0
0
0
0
0
0
0
0
0
0
0
0
0
0
0
0
0
0
0
0
0
0
0
0
0
12.32523918
0
4.108413219
0
0
0
0
0
0
3.954533577
3.954533577
0
0
0
0
0
0
0
0
0
-0.5
7.1
2.329278946
0
0
0
0
0
0
0
3.580657005
3.580657005
0
0
0
0
2.839298487
2.083145142
0
0
0
0
0
0
0
0
0
0
5.588702202
0
0
0
0
0
0
0
0
0
0
0
0
0
1.857084513
0
13.11551762
0
13.11551762
0
2.724363327
5.448726654
8.173089981
5.448726654
2.724363327
3.579115629
7.158231258
3.579115629
0
3.579115629
4.527816772
2.263908386
4.527816772
2.231109142
2.231109142
6.69332695
0
0
0
4.477651596
8.955303192
13.43295479
13.43295479
0
16.10945892
0
5.369819641
10.73963928
0
0
5.995287418
11.99057484
5.995287418
0
0
0
0
0
0
0
0
0
6.346850872
3.173425436
3.392871141
3.392871141
6.785742283
0
3.392871141
6.054579258
0
0
0
6.054579258
2.639129639
0
0
10.55651855
5.278259277
2.377200603
7.13160181
0
2.377200603
9.508802414
2.347257853
4.694515705
4.694515705
7.041772842
2.347257853
0
0
6.93051672
0
6.93051672
12.32394981
12.32394981
0
8.215966225
12.32394981
0
4.697068214
0
4.697068214
0
0
5.424236298
5.424236298
2.712118149
2.712118149
10.32731724
0
0
0
10.32731724
16.78887558
0
0
0
0
21.18093681
0
0
0
14.12062359
0
0
7.168731213
7.168731213
21.50619316
0
13.77981186
13.77981186
0
27.55962372
13.77981186
0
34.11018372
11.37006187
11.37006187
0
13.00615692
0
6.503078461
0
6.503078461
0
17.72669029
5.908896446
5.908896446
5.908896446
0
0
13.98686886
0
0
26.67697906
26.67697906
0
13.33848953
0
0
0
12.87644482
0
38.62933731
0
0
6.212643623
6.212643623
0
0
0
0
0
0
0
0
0
0
0
0
13.67771435
0
0
0
0
0
0
0
0
0
0
4.737983704
0
9.475967407
0
6.893787861
0
0
0
0
6.821181297
20.46354485
6.821181297
0
13.64236259
10.80516434
0
0
21.61032867
10.80516434
7.364884377
0
3.682442188
3.682442188
0
0
0
0
0
15.42903614
30.85807228
0
0
0
20.47467804
20.47467804
15.53877258
7.769386292
0
7.769386292
23.30815697
0
0
18.50310516
18.50310516
18.50310516
0
0
25.44800186
8.482666969
0
0
8.854097366
8.854097366
8.854097366
0
4.54390955
4.54390955
13.63172913
9.087819099
9.087819099
13.40483761
13.40483761
0
0
26.80967522
0
7.636854649
7.636854649
7.636854649
0
0
7.842111111
15.68422222
0
23.52633095
0
0
0
22.49684334
0
6.457054138
6.457054138
0
0
19.37116432
12.91410828
10.85136414
0
5.425682068
0
5.425682068
0
0
17.27871895
0
0
8.607460022
8.607460022
17.21492004
0
0
0
0
6.768806934
0
6.768806934
4.327126026
8.654252052
0
0
0
0
0
0
0
0
0
0
0
0
0
4.932793617
0
0
0
0
0
0
0
0
0
0
0
0
0
0
0
0
0
0
0
0
0
9.495285034
0
0
0
-0.5
7.1
0
0
0
0
0
0
0
0
0
0
0
0
0
0
0
0
0
0
0
0
0
0
0
0
1.176298141
9.812705994
0
0
0
0
0
7.667429447
3.833714724
7.667429447
0
0
2.290282965
0
0
0
4.580565929
10.75767231
10.75767231
16.13650894
5.378836155
0
0
0
0
0
0
0
13.48727989
6.743639946
0
20.23092079
2.402157545
4.80431509
0
0
0
6.602459431
0
0
0
5.739539146
11.47907829
5.739539146
2.869769573
0
5.316366673
5.316366673
2.658183336
2.658183336
3.868721962
0
3.868721962
7.737443924
0
13.29775906
0
0
4.432586193
13.29775906
0
0
7.451062202
3.725531101
3.725531101
0
2.586679459
0
7.760038376
5.173358917
0
0
0
0
6.563973427
0
0
6.161768436
3.080884218
0
0
0
10.0456152
5.022807598
0
0
6.186495304
0
6.186495304
9.279742241
3.093247652
0
12.86368942
12.86368942
8.575793266
0
0
4.080570698
8.161141396
12.24171162
0
0
0
8.704977989
8.704977989
4.352488995
7.279384613
14.55876923
0
14.55876923
0
0
4.438589573
4.438589573
0
0
9.887530327
3.295843601
3.295843601
0
0
10.07779598
10.07779598
15.1166935
0
0
0
0
0
19.33897972
6.446326733
12.89265347
0
9.897202492
9.897202492
9.897202492
0
25.51474571
12.75737286
0
0
0
24.19283104
0
12.09641552
6.04820776
0
4.940468311
4.940468311
4.940468311
14.82140541
4.940468311
18.82262039
18.82262039
0
0
18.82262039
0
0
42.98077393
0
0
14.64110374
7.320551872
0
7.320551872
29.28220749
10.88314724
10.88314724
0
5.44157362
10.88314724
9.077765465
0
27.23329926
0
27.23329926
15.78007889
0
0
0
0
0
0
0
0
0
0
0
0
0
40.64587021
0
0
0
0
0
0
0
0
0
0
0
0
0
5.774784088
0
0
0
0
0
0
0
24.5761795
36.86426926
12.28808975
0
12.28808975
24.5761795
0
0
0
0
0
11.20616913
0
22.41233826
0
0
0
13.14944172
26.29888344
0
0
15.34528446
23.01792717
0
0
15.34528446
8.142260551
0
16.2845211
16.2845211
0
12.6255703
25.25114059
0
0
12.6255703
26.34140968
0
0
0
0
0
18.54639053
18.54639053
18.54639053
9.273195267
7.533985138
15.06797028
22.60195541
0
7.533985138
0
0
0
8.814320564
8.814320564
0
18.69857979
6.232860565
12.46572113
12.46572113
15.06227875
0
0
0
0
0
0
0
0
0
11.55863571
0
0
0
0
0
0
0
0
0
0
0
0
0
0
0
0
0
0
0
0
0
0
0
0
0
0
0
0
0
0
0
0
0
0
0
0
0
0
0
0
0
0
0
2.591800451
0
0
0
0
0
0
3.167538404
0
0
0
0
0
-0.5
7.1
0
0
0
0
0
0
0
0
0
0
0
0
0
0
0
0
0
0
0
0
7.679727554
3.839863777
0
0
0
0
0
0
0
0
0
0
0
0
0.973049819
0
0
0
0
0
0
0
0
0
0
0
0
0
14.55575562
9.703836441
0
6.30602026
0
15.76505184
0
0
0.859983027
0.859983027
2.579948902
1.719966054
3.209279776
6.418559551
6.418559551
6.418559551
3.209279776
3.741152525
3.741152525
0
7.48230505
3.741152525
0
0
0
0
0
0
1.725549936
1.725549936
3.451099873
0
0
0
0
0
4.73853302
0
2.911701441
2.911701441
0
8.735103607
0
0
10.09136772
10.09136772
0
0
7.1312356
3.5656178
10.69685268
14.2624712
3.5656178
2.720421076
8.161263466
8.161263466
2.720421076
0
3.589283943
7.178567886
1.794641972
3.589283943
3.589283943
0
0
0
7.210805893
14.42161179
0
0
0
0
4.080993652
3.523452759
3.523452759
3.523452759
7.046905518
0
0
3.464504004
6.929008007
3.464504004
0
5.747711182
0
17.24313354
17.24313354
0
0
4.724322796
4.724322796
0
0
4.242658138
0
0
0
6.363987446
0
0
6.751138687
20.25341606
13.50227737
6.751138687
14.47375011
14.47375011
7.236875057
0
7.236875057
0
0
0
0
0
0
11.84362984
0
11.84362984
0
9.661715508
19.32343102
0
0
19.32343102
18.97104073
0
0
18.97104073
0
20.07393456
10.03696728
30.11090088
0
0
15.18560982
22.77841568
15.18560982
0
0
0
17.86213684
17.86213684
0
0
0
0
0
5.419993877
27.09996986
0
0
0
0
0
0
24.10525322
0
0
0
0
0
0
0
0
11.73566055
0
0
0
19.77137566
0
0
0
0
0
0
0
0
0
0
0
0
0
13.57697678
0
0
19.56816483
0
0
0
0
0
0
26.08167267
0
0
0
0
0
0
0
0
26.44458961
0
0
0
26.44458961
0
0
0
0
0
0
0
0
8.201038361
16.40207672
15.31867886
0
30.63735771
0
0
0
43.89520264
0
17.55808449
0
0
0
0
16.43881226
12.32910919
11.41549206
0
5.707746029
5.707746029
17.12323761
3.612406969
0
3.612406969
3.612406969
7.224813938
0
14.03559875
7.017799377
21.05339813
0
15.23820496
0
30.47640991
15.23820496
15.23820496
0
13.78244781
0
20.67367172
0
0
4.866207123
0
0
0
0
0
0
0
12.17534161
0
0
3.714777231
0
0
0
0
0
0
4.196926594
2.098463297
2.782193422
2.782193422
5.564386845
2.782193422
2.782193422
7.340937614
0
0
0
0
0
0
0
0
3.786838055
0
0
4.475599766
0
2.237799883
6.265607834
0
0
0
0
0
0
0
0
0
0
0
0
0
0
0
0
0
0
0
0
-0.5
7.1
0
0
0
0
0
0
0
0
0
0
0
0
0
0
1.150301218
0
0
0
0
0
0
2.853740215
0
0
2.853740215
0
2.2083323
0
0
0
0
0
0
0
0
0
0
4.098192692
2.049096346
0
0
0
0
4.020947456
0
0
0
0
0
0
0
11.68290806
3.894303083
0
0
11.68290806
2.015441656
4.030883312
6.04632473
2.589481354
5.178962708
5.178962708
10.35792542
5.178962708
0
0
2.460402489
7.381207466
0
0
0
3.31099534
1.65549767
4.966492653
0
0
0
0
3.516185284
5.081010818
2.540505409
2.540505409
2.540505409
0
7.720294952
3.860147476
7.720294952
0
3.860147476
0
5.370972633
0
0
0
0
5.095927715
0
0
5.095927715
0
0
0
10.56512928
2.64128232
2.64128232
0
6.178390503
12.35678101
0
0
1.98277235
3.965544701
1.98277235
0
0
8.898749352
0
2.966249704
5.932499409
0
7.14231348
0
0
10.71346855
3.57115674
3.257975101
0
6.515950203
3.257975101
0
13.95591259
0
0
0
4.651970863
0
6.175004005
6.175004005
9.262505531
0
0
8.725197792
8.725197792
0
0
6.918394089
8.10539341
4.651888847
2.767357588
1.383678794
0
8.111365318
8.111365318
0
4.055682659
4.055682659
6.255012035
0
12.51002407
6.255012035
0
0
0
0
0
12.04758739
0
0
8.086203575
0
8.086203575
0
0
0
0
0
0
0
7.285559654
7.285559654
0
0
5.649954319
11.29990864
5.649954319
0
0
6.852900982
6.852900982
0
0
3.932018757
7.864037514
3.932018757
0
0
0
0
0
0
0
0
0
0
24.15706253
0
0
7.461388588
0
0
0
0
0
0
0
0
0
0
0
0
0
0
0
4.074456692
0
0
4.074456692
0
0
0
0
0
0
0
0
0
0
0
0
0
20.5648613
10.28243065
0
0
0
0
0
0
0
0
27.88275528
0
13.94137764
0
0
0
0
0
0
0
0
19.10465622
0
12.01362896
12.01362896
48.05451584
12.01362896
0
0
27.64017296
0
0
0
0
0
19.06768608
6.355895042
0
17.27035713
0
8.635178566
0
0
0
0
7.623934746
7.623934746
0
0
4.384032249
8.768064499
4.384032249
0
0
0
0
0
0
0
4.688075066
0
14.0642252
4.688075066
4.688075066
11.38753414
0
0
0
0
0
0
0
0
0
2.719718218
0
2.719718218
5.439436436
0
0
0
3.038859129
9.116577148
9.116577148
0
5.58584404
11.17168808
5.58584404
11.17168808
1.594329238
0
0
0
0
0
0
5.17612648
0
0
0
0
0
0
0
0
0
0
5.832497597
0
0
0
0
0
0
0
0
0
0
0
0
0
0
0
3.297897339
3.297897339
-0.5
7.1
4.297254086
0
0
0
0
0
0
0
0
0
0
0
0
0
0
0
2.723395109
2.723395109
0
0
0
0
0
0
0
0
0
0
0
2.969570398
5.939140797
0
0
0
0
0
0
0
3.907898664
7.815797329
0
0
2.978067875
2.978067875
5.95613575
0
7.929381847
0
0
0
0
0
0
0
0
4.790540695
0
3.908536434
1.954268217
0
0
0
0
4.301403999
8.024003029
0
4.012001514
0
8.024003029
0
0
0
11.87090969
0
8.116533279
8.116533279
8.116533279
0
8.116533279
0
7.128741264
4.752493858
0
0
7.683536053
15.36707211
15.36707211
0
0
7.683536053
0
0
6.267854691
0
6.267854691
7.80000782
3.90000391
5.850005627
1.950001955
0
3.330362082
0
6.660724163
0
0
2.736367702
8.209103584
8.209103584
5.472735405
5.472735405
1.953778744
5.861336708
1.953778744
1.953778744
0
3.831178665
3.831178665
3.831178665
0
7.66235733
4.205559254
0
0
4.205559254
8.411118507
12.24854088
7.349124432
0
2.449708223
0
5.403578281
5.403578281
5.403578281
5.403578281
5.403578281
0
0
0
6.067193508
3.033596754
8.051849365
0
4.025924683
0
0
7.580422401
11.37063408
0
3.790211201
3.790211201
0
14.96903801
0
0
14.96903801
14.96903801
35.35996628
17.67998314
0
0
0
0
20.56075096
0
0
0
4.68406105
4.68406105
14.05218315
4.68406105
0
0
18.86258698
0
18.86258698
0
0
3.625478506
7.250957012
3.625478506
3.625478506
0
10.10551643
10.10551643
30.31654739
0
0
0
0
0
3.367854595
0
0
0
0
0
43.06830597
0
0
0
0
0
0
0
0
0
0
0
0
0
0
0
0
12.37616444
0
0
0
0
0
0
0
0
0
0
0
0
0
0
0
14.49196815
28.98393631
0
0
0
0
0
0
30.63639259
0
0
20.42426109
0
10.21213055
0
0
0
15.08886147
30.17772293
0
0
0
0
0
17.2487011
17.2487011
0
0
0
45.13761139
11.28440285
11.28440285
0
33.85321045
0
0
0
0
0
24.4591732
0
12.2295866
0
0
0
0
8.221359253
0
0
4.676561356
4.676561356
4.676561356
0
0
0
0
7.178303719
7.178303719
0
5.016926289
10.03385258
5.016926289
10.03385258
0
0
0
0
0
23.05448341
0
0
0
0
16.32161331
0
0
0
0
0
13.78591537
0
0
6.028875828
6.028875828
6.028875828
3.430334091
3.430334091
0
0
0
0
0
4.596725941
0
0
0
0
0
0
0
4.856266499
0
0
0
0
0
0
0
0
0
0
0
0
0
0
6.334544659
6.334544659
0
0
0
0
0
0
0
0
0
0
0
0
0
0
0
0
0
0
0
-0.5
7.1
0
0
0
0
0
0
0
0
0
0
0
0
0
0
0
0
0
0
0
0
4.504862309
0
0
0
0
2.758096695
0
0
0
0
1.379048347
0
0
3.507863522
3.507863522
0
4.050862789
2.025431395
0
0
0
6.049126625
2.016375303
0
0
6.049126625
4.836276054
0
9.672552109
0
0
1.087248445
0
0
0
0
0
0
0
0
0
0
3.278334856
3.278334856
0
0
0
5.529378891
0
0
12.29885006
6.14942503
6.14942503
0
3.712473154
14.84989262
3.712473154
0
3.712473154
12.99191666
12.99191666
0
0
25.98383331
0
0
10.86361885
0
0
5.431809425
0
0
0
0
0
6.643990993
6.643990993
0
13.28798199
0
10.03307629
10.03307629
0
0
0
0
3.276362658
6.552725315
6.552725315
6.552725315
4.085056305
12.25516891
4.085056305
4.085056305
0
3.331709146
0
6.663418293
3.331709146
3.331709146
4.283394814
4.283394814
4.283394814
4.283394814
6.42509222
0
0
0
0
0
0
5.163404465
2.581702232
10.32680893
2.581702232
0
5.738562107
22.95424843
0
11.47712421
0
6.71140337
13.42280674
0
0
0
3.736052513
3.736052513
0
3.736052513
3.736052513
0
43.81438828
14.60479641
0
0
0
15.18041801
0
15.18041801
15.18041801
0
0
21.76119423
0
0
0
0
21.76196289
0
21.76196289
0
0
0
0
0
0
0
0
0
0
0
0
0
0
0
9.31456852
0
0
18.62913704
18.62913704
0
18.70343781
0
9.351718903
9.351718903
0
0
0
0
0
0
0
0
0
0
0
0
0
0
0
0
0
0
0
0
0
0
0
0
0
0
0
0
21.3891964
0
0
0
0
8.229944229
0
0
0
0
13.47399807
0
0
0
12.84880447
0
0
0
0
0
0
0
0
7.458302975
12.76808739
0
0
0
0
18.02898598
0
0
18.02898598
0
14.11750412
0
0
0
0
8.321953773
0
0
16.64390755
8.321953773
6.722827435
0
20.16847992
0
6.722827435
0
6.727475643
13.45495129
6.727475643
0
9.761218071
29.28365517
19.52243614
0
0
0
0
0
8.004395485
0
0
0
0
4.202052116
4.202052116
19.01502609
0
0
9.507513046
19.01502609
0
8.19729805
0
16.3945961
0
8.19729805
0
15.65203667
0
0
0
0
7.810124397
0
0
0
0
0
0
0
0
0
0
0
0
0
0
0
0
0
0
0
0
0
0
0
0
0
0
0
0
0
0
0
0
0
0
0
0
2.422587395
0
0
0
0
0
0
0
3.232291222
0
0
0
0
0
0
0
0
0
-0.5
7.1
0
0
4.537052155
0
2.268526077
0
0
0
0
0
0
0
0
0
0
0
0
0
0
0
0
0
0
0
0
0
0
0
0
0
0
0
0
0
0
0
0
0
0
0
0
0
0
0
0
0
0
0
0
0
0
0
0
0
0
0
0
0
5.069031715
5.069031715
0
0
0
0
11.72963238
8.992483139
4.49624157
0
0
4.49624157
15.69786835
3.924467087
7.848934174
19.62233543
0
0
23.53438759
7.844795704
0
23.53438759
4.384572506
0
8.769145012
8.769145012
0
0
7.511759758
7.511759758
0
0
15.02351952
7.210264206
7.210264206
0
0
7.210264206
3.171435595
6.342871189
0
6.342871189
3.171435595
0
5.388501644
0
5.388501644
8.082752228
0
7.188707352
0
0
3.594353676
0
0
0
3.300339699
3.300339699
4.470808029
0
8.941616058
0
0
0
0
0
0
5.500794888
5.567591667
5.567591667
5.567591667
0
5.567591667
0
8.25730896
0
0
8.25730896
13.49862194
13.49862194
6.74931097
0
0
7.834975243
15.66995049
15.66995049
0
0
7.447174549
0
3.723587275
0
3.723587275
0
0
12.11608887
0
0
12.11608887
9.171047211
0
0
18.34209442
18.34209442
0
21.60737038
0
0
0
0
0
0
0
0
0
0
0
0
0
0
13.41099262
6.705496311
0
0
0
10.02109718
0
0
0
7.831067085
0
0
7.831067085
0
0
0
0
0
0
0
6.608715057
0
0
6.608715057
0
0
8.911094666
26.733284
0
0
0
0
0
0
13.34020901
0
0
0
0
0
7.097218037
0
0
0
0
0
20.33522224
0
6.778407574
0
0
0
0
0
0
0
0
0
0
0
0
30.6171627
0
0
30.6171627
0
6.073204517
0
6.073204517
6.073204517
12.14640903
0
0
17.23788261
0
34.47576523
18.6456852
0
18.6456852
18.6456852
18.6456852
12.00111866
12.00111866
0
0
24.00223732
0
0
43.08009338
0
21.54004669
29.04283142
29.04283142
0
0
0
17.06117439
28.43529129
0
0
0
0
5.521966457
14.49516201
4.831720352
0
15.19534779
7.597673893
0
15.19534779
0
0
12.4078989
0
0
0
4.8303442
4.8303442
4.8303442
0
0
0
0
0
0
0
0
0
8.76544857
4.382724285
0
0
0
0
0
0
0
0
0
0
0
0
0
0
0
0
0
0
4.424378395
4.424378395
0
0
0
6.615366936
0
0
6.615366936
0
0
0
0
0
0
0
0
0
0
0
9.385235786
3.128412008
0
3.128412008
0
0
6.001478672
0
0
0
0
0
0
0
0
0
0
0
0
0
-0.5
7.1
0
0
0
0
0
0
0
0
0
0
0
0
0
0
0
0
0
0
6.09304285
0
6.412686825
6.412686825
3.206343412
0
0
0
0
0
0
0
10.46018791
4.774867058
0
0
0
0
0
0
0
0
0
0
0
0
0
0
0
0
0
0
0
0
0
0
3.237940311
9.713821411
4.045218945
0
0
4.062521935
2.031260967
6.093783379
0
0
8.07399559
0
0
0
0
6.220769405
0
0
0
0
0
0
0
0
9.897521019
3.378628731
3.378628731
5.067942619
5.067942619
0
3.670301199
3.670301199
0
3.670301199
7.340602398
0
9.495040894
3.16501379
9.495040894
3.16501379
0
3.881182432
3.881182432
7.762364864
7.762364864
0
2.942111492
5.884222984
2.942111492
0
8.826334
8.737588882
0
8.737588882
4.368794441
8.737588882
5.896952629
0
0
5.896952629
17.69085693
2.757410288
0
2.757410288
0
0
-0.5
7.1
0
0
0
0
0
0
0
0
0
0
0
0
0
0
0
0
0
0
0
0
0
0
0
0
7.740429878
0
0
0
0
0
0
0
0
0
0
0
1.886782646
1.886782646
0
0
0
0
0
0
0
0
0
0
0
0
3.382830381
0
0
7.221749306
7.221749306
7.221749306
6.639342785
0
3.319671392
2.901182413
0
0
2.901182413
5.802364826
3.032302141
6.064604282
3.032302141
6.064604282
6.064604282
10.48875618
3.496252298
6.992504597
3.496252298
3.496252298
0
4.071142197
2.035571098
2.035571098
2.035571098
2.993505716
8.980517387
2.993505716
5.987011433
0
0
0
4.613629818
0
0
0
2.151753187
0
2.151753187
4.303506374
8.607012749
3.187935352
0
0
1.593967676
3.187935352
0
0
0
4.775492191
9.550984383
8.484019279
0
2.828006506
0
8.484019279
0
5.522189617
0
0
5.522189617
2.609792233
0
0
5.219584465
5.219584465
6.183346272
6.183346272
3.091673136
0
6.183346272
4.815145493
0
9.630290985
0
4.815145493
27.71469116
0
20.78601646
0
0
5.618247509
16.85474205
0
0
0
0
0
0
0
6.562707901
0
0
0
5.229663849
10.4593277
0
0
5.596639156
0
5.596639156
0
9.705561638
0
9.705561638
19.41112328
19.41112328
10.0505619
0
0
0
20.10112381
9.099520683
4.549760342
0
9.099520683
4.549760342
10.54931641
0
10.54931641
0
0
0
0
23.61769867
11.80884933
11.80884933
15.67703152
0
0
0
15.67703152
0
0
15.21823692
5.0727458
5.0727458
6.464019299
6.464019299
0
25.85607719
0
0
27.48769379
0
0
0
0
0
5.45693779
5.45693779
16.37081337
8.295115471
8.295115471
0
0
0
0
0
0
0
3.685615778
0
0
0
0
0
0
0
6.002401352
18.00720406
0
0
0.828815758
2.317597389
3.035373449
7.681009293
12.77183628
12.96535969
19.44804001
6.482679844
12.96535969
0
0
0
0
13.68050289
13.68050289
0
8.513150215
0
8.513150215
17.02630043
0
0
0
17.94685173
0
17.94685173
20.33831978
0
0
0
0
12.41880035
0
12.41880035
0
0
9.366893768
18.73378754
18.73378754
0
18.73378754
10.18653393
20.37306786
0
0
10.18653393
18.32421875
0
12.21614647
6.108073235
6.108073235
4.600422382
0
9.200844765
0
0
0
16.45175362
0
0
12.33881569
11.73921967
0
0
0
0
0
5.361626148
1.787208915
3.57441783
2.042524338
0
0
8.129775047
8.129775047
0
0
2.867679834
0
0
2.867679834
2.867679834
4.422763824
0
0
0
0
0
0
0
0
0
0
0
0
6.615156651
0
0
0
0
0
0
0
0
0
0
0
0
0
0
0
0
0
0
0
0
0
0
0
0
0
0
0
0
0
0
0
0
0
0
0
2.865251303
0
0
0
3.82439971
0
0
