19790101
-99
-99
-99
-99
-99
-99
-99
-99
-99
-99
-99
-99
-99
-99
-99
-99
-99
-99
-99
-99
-99
-99
-99
-99
-99
-99
-99
-99
-99
-99
-99
-99
-99
-99
-99
-99
-99
-99
-99
-99
-99
-99
-99
-99
-99
-99
-99
-99
-99
-99
-99
-99
-99
-99
-99
-99
-99
-99
-99
-99
-99
-99
-99
-99
-99
-99
-99
-99
-99
-99
-99
-99
-99
-99
-99
-99
-99
-99
-99
-99
-99
-99
-99
-99
-99
-99
-99
-99
-99
-99
-99
-99
-99
-99
-99
-99
-99
-99
-99
-99
-99
-99
-99
-99
-99
-99
-99
-99
-99
-99
-99
-99
-99
-99
-99
-99
-99
-99
-99
-99
-99
-99
-99
-99
-99
-99
-99
-99
-99
-99
-99
-99
-99
-99
-99
-99
-99
-99
-99
-99
-99
-99
-99
-99
-99
-99
-99
-99
-99
-99
-99
-99
-99
-99
-99
-99
-99
-99
-99
-99
-99
-99
-99
-99
-99
-99
-99
-99
-99
-99
-99
-99
-99
-99
-99
-99
-99
-99
-99
-99
-99
-99
-99
-99
-99
-99
-99
-99
-99
-99
-99
-99
-99
-99
-99
-99
-99
-99
-99
-99
-99
-99
-99
-99
-99
-99
-99
-99
-99
-99
-99
-99
-99
-99
-99
-99
-99
-99
-99
-99
-99
-99
-99
-99
-99
-99
-99
-99
-99
-99
-99
-99
-99
-99
-99
-99
-99
-99
-99
-99
-99
-99
-99
-99
-99
-99
-99
-99
-99
-99
-99
-99
-99
-99
-99
-99
-99
-99
-99
-99
-99
-99
-99
-99
-99
-99
-99
-99
-99
-99
-99
-99
-99
-99
-99
-99
-99
-99
-99
-99
-99
-99
-99
-99
-99
-99
-99
-99
-99
-99
-99
-99
-99
-99
-99
-99
-99
-99
-99
-99
-99
-99
-99
-99
-99
-99
-99
-99
-99
-99
-99
-99
-99
-99
-99
-99
-99
-99
-99
-99
-99
-99
-99
-99
-99
-99
-99
-99
-99
-99
-99
-99
-99
-99
-99
-99
-99
-99
-99
-99
-99
-99
-99
-99
-99
-99
-99
-99
-99
-99
-99
-99
-99
-99
-99
-99
-99
-99
-99
-99
-99
-99
-99
-99
-99
-99
-99
-99
-99
-99
-99
-99
-99
-99
-99
-99
-99
-99
-99
-99
-99
-99
-99
-99
-99
-99
-99
-99
-99
-99
-99
-99
-99
-99
-99
-99
-99
-99
-99
-99
-99
-99
-99
-99
-99
-99
-99
-99
-99
-99
-99
-99
-99
-99
-99
-99
-99
-99
-99
-99
-99
-99
-99
-99
-99
-99
-99
-99
-99
-99
-99
-99
-99
-99
-99
-99
-99
-99
-99
-99
-99
-99
-99
-99
-99
-99
-99
-99
-99
-99
-99
-99
-99
-99
-99
-99
-99
-99
-99
-99
-99
-99
-99
-99
-99
-99
-99
-99
-99
-99
-99
-99
-99
-99
-99
-99
-99
-99
-99
-99
-99
-99
-99
-99
-99
-99
-99
-99
-99
-99
-99
-99
-99
-99
-99
-99
-99
-99
-99
-99
-99
-99
-99
-99
-99
-99
-99
-99
-99
-99
-99
-99
-99
-99
-99
-99
-99
-99
-99
-99
-99
-99
-99
-99
-99
-99
-99
-99
-99
-99
-99
-99
-99
-99
-99
-99
-99
-99
-99
-99
-99
-99
-99
-99
-99
-99
-99
-99
-99
-99
-99
-99
-99
-99
-99
-99
-99
-99
-99
-99
-99
-99
-99
-99
-99
-99
-99
-99
-99
-99
-99
-99
-99
-99
-99
-99
-99
-99
-99
-99
-99
-99
-99
-99
-99
-99
-99
-99
-99
-99
-99
-99
-99
-99
-99
-99
-99
-99
-99
-99
-99
-99
-99
-99
-99
-99
-99
-99
-99
-99
-99
-99
-99
-99
-99
-99
-99
-99
-99
-99
-99
-99
-99
-99
-99
-99
-99
-99
-99
-99
-99
-99
-99
-99
-99
-99
-99
-99
-99
-99
-99
-99
-99
-99
-99
-99
-99
-99
-99
-99
-99
-99
-99
-99
-99
-99
-99
-99
-99
-99
-99
-99
-99
-99
-99
-99
-99
-99
-99
-99
-99
-99
-99
-99
-99
-99
-99
-99
-99
-99
-99
-99
-99
-99
-99
-99
-99
-99
-99
-99
-99
-99
-99
-99
-99
-99
-99
-99
-99
-99
-99
-99
-99
-99
-99
-99
-99
-99
-99
-99
-99
-99
-99
-99
-99
-99
-99
-99
-99
-99
-99
-99
-99
-99
-99
-99
-99
-99
-99
-99
-99
2.079282761
0
0
0
0
0
0
0
0
0
0
0
0
0
0
0
0
1.603840709
0
0
0
0
1.899149299
0
0
3.829096556
2.552731037
0
0
0
0
0
0
0
1.272174001
0
0
0
0
0
1.562002182
0
0
0
0
2.054139137
0
0.728562176
0
0
10.84272003
0
0
0.739866674
3.867485046
0.403563648
0
1.247520566
0
0
0
0.76065594
13.30785656
0
0.314313143
1.100095868
0
10.9223814
1.69729054
1.459566951
4.505009651
4.013809204
1.894630313
28.04052734
16.05436897
0
1.229042411
1.229042411
0
0
0
0
5.714308739
2.925181866
4.224623203
2.178321362
11.15564728
12.60786152
0
0
13.18247604
1.076999784
0.60311985
0
1.421639919
6.424260139
2.620421648
0
1.141151428
2.747216225
7.996211052
0
0
0
0
0
0
0.811527967
3.083806038
7.952973366
1.619156957
4.874696732
0.878478765
0
0.706228018
0
0
0.323742568
19.44945908
12.94970417
10.91626549
37.61432648
21.45825768
0
0
4.275905609
2.765608549
3.02059412
3.942463636
5.766588211
3.304440737
6.1315732
0
0
1.83580029
0
0
3.627643347
10.80964375
5.203286171
13.33619022
19.76690865
15.88258076
3.021143198
6.646515369
11.72072411
4.6951437
0
4.935041428
2.0562675
2.947316647
0
0
10.66294765
0
6.860078335
0
7.0490098
3.286363125
3.000592232
4.429445744
14.46204281
0
6.908207893
5.972049236
0
0
5.981770039
4.204758644
10.3867569
7.583582878
16.26563263
6.548502445
0
23.06762505
11.82955074
10.2181263
8.435894966
6.118994713
8.198263168
0
6.950322151
4.415950298
0
13.63184738
4.838345051
14.42556286
0
44.28250885
7.887738705
5.955506802
7.541815758
0
5.940958977
14.94133472
0
19.86201477
0
0
0
0
0
0
11.90190125
4.390479565
0
8.557342529
14.83272648
0
0
0
0
9.203054428
3.671164036
4.249498367
9.529938698
6.361674309
9.343798637
0
7.765019417
6.315119743
4.832999706
8.182606697
12.12513542
6.471696854
0
6.24853611
0
0
28.94896126
21.8433075
0
0
0
0
0
0
0
0
0
0
0
21.95637131
11.39697742
4.044909954
7.25030899
0
4.8081007
9.752204895
3.049498558
10.7583847
2.290993929
7.368331909
3.871557713
3.604553699
0
0
19.71379471
7.361354351
3.960121393
7.632814407
6.562943459
4.311422348
5.359190941
34.3413887
0
11.08597946
3.153603554
0
6.79845047
10.01876831
0
6.583762169
5.718956947
3.641458035
10.5042057
0
0
7.255133152
0
8.586109161
6.472205162
4.488787174
0
9.666908264
4.812530041
21.92839622
4.645137787
4.255966663
2.106045246
0
0
4.541160107
0
1.505644917
4.570707798
4.785800457
6.721629143
11.20884228
0
10.50828934
0
5.604421616
22.94309807
4.585756302
1.834302306
0
0
0
0
0
0
4.861442566
0
0
0
0
2.491267443
0
1.574307203
0
0
0
0
0
0
0
0
0
0
0
1.620404363
0
0
0
0
0
0
0
0
0
0
0
0
0
0
7.928166389
0
0
0
0
0
0
0
0
0
0
0
0
0
0
1.771940351
0
0
0
0
0
0
1.908913493
0
0
0
0
0
0
0
0
0
0
0
4.954645157
0
0
0
0
3.688404799
1.510913014
0
0
0
0
0
0
0
0
0
0
0
0
0
1.724606156
0
0
0
0
0
0
0
0
4.578355312
0
2.310360193
1.954920173
10.48548126
1.066320062
3.021240234
21.40736961
6.215043545
0
0
6.215043545
4.120414734
1.373471618
1.373471618
8.240289688
0
0
0
0
0
0
0
0.348461688
1.651966453
5.54856348
0
0.892872155
0
0.701542497
7.484371185
9.762224197
12.52818775
18.22282219
1.952444911
0
11.13113308
0
0
0
0
0
0
0
2.399777651
0
0
0
4.470229626
4.470229626
0
2.465744734
3.287659883
3.698617697
0.821914971
13.15063953
8.969277382
0
0
0
1.566064358
0
0
2.396313906
0
10.16267967
4.824873924
7.133709908
0.917614162
0.384805948
1.539223671
8.655477524
0
0
4.945987225
9.891974449
9.465268135
0
0
0
0
4.083688259
17.86613655
7.146454334
10.71968174
0
0
0
0
12.623106
0
0
0
0
11.89724731
0
0
0
4.312769413
0.419109255
5.813451767
1.685621023
6.231689453
1.021588445
3.115844727
7.815152168
5.312260151
0
9.641714096
0
21.49669838
0
0
0
0
9.497048378
6.378613949
0
0
0
0
0
0
9.97622776
31.70787811
9.340799332
0
0
1.118716836
0.868477464
1.707515121
2.826232195
0
0
0
16.71657372
0
0
0
0
29.35109329
34.47046661
0
0
16.87042236
0
0
11.32183647
11.32183647
11.32183647
0
0
0
0
0
0
0
15.96602726
0
0
0
0
0
0
1.210651517
0
0
1.623867869
4.446870804
4.008166313
0
0
0
0
0
0
0
0
0
20.61201286
0
0
0
24.61217499
28.12820053
0
0
0
0
0
20.80374908
0
0
0
0
0
0
0
0
13.08722401
15.51853848
5.746746063
6.153903484
0
4.415345669
0
0
4.064537048
6.604873657
5.440432072
3.015624285
3.655674934
7.742154121
3.138711214
0
0
2.088096619
1.51555407
19.39909363
0
0
4.696269512
14.73949909
0
0
9.302821159
0
0
13.17028713
0
6.644371033
13.28874207
0
0
0.936596572
3.77760601
0.737924516
0
2.30459547
42.1503334
0
0
6.245757103
6.006848812
20.40673256
0
8.927945137
17.85589027
0
0
3.281780005
2.604587078
2.682724476
3.177596092
7.506844521
0
0
0
0
6.568488598
0
0
0
14.41957951
0
0
0
0
0
0
0
5.816193104
5.816193104
6.647078514
0
0
0
0
0
0
0
0
0
0
0
0
0
0
0
8.383727074
0
0
0
0
0
0
0
0
0
0
0
0
0
0
0
0
0
0
0
2.574995041
0
0
0
0
0
0
3.806874752
0
0
0
0
0.2
7.1
0
0
0
2.527013302
2.527013302
0
0
0
0
0
0
0
0
0
0
0
0
0
0
0
0
0
0
0
0
0
0
0
0
0
0
0
0
0
0
0
0
0
0
0
0
0
0
0
0
0
7.25130415
0
0
3.222801685
0
0
0
0
0
0
0
0
0
0.686930716
0.686930716
0.686930716
0.686930716
0.686930716
0
0
0
0
0
0
0
0
0
0
0
0
0
0
0
6.331539154
0
0
0
0
0.782118201
1.564236403
14.07812691
2.346354485
6.517652035
4.432002544
16.3414402
10.80643654
0
0
0
0.64183712
8.174978256
1.68904531
0
0
7.280657768
0
0
0
0
4.461679459
13.38503933
4.461679459
8.923358917
15.29718685
0
0
3.085624933
0
0
1.485780954
0
7.42890501
0
10.2306633
0
3.029468298
6.058936596
3.462249756
0
2.990343332
0
2.616550446
0
0
0
0
0
2.29511857
21.51187134
21.88637161
0
0
11.7588253
3.398504257
0
0
0
7.968782425
5.312521458
12.40043068
15.0419426
2.714887142
0
7.631033897
10.93292427
15.0997448
15.0997448
37.74936295
0
15.0997448
0
0
5.179521561
14.92920399
32.18504715
4.779845715
7.584547043
0
9.520187378
15.28760242
0
5.376786232
2.150714159
3.250511646
9.898173332
0
0
0
0
0
0
0
0
0
0
0
4.377305984
0
0
0
18.89546013
16.53352737
37.79092026
16.53352737
0
0
15.64748955
13.69155312
0
0
0
0
0
0
0
0
0
0
0
0
0
0
0
0
0
0
0
0
0
0
0
0
0
0
0
0
0
0
0
0
0
0
0
0
0
0
0
0
0
0
13.01587868
0
0
0
26.66869926
0
0
0
7.94920969
0
7.94920969
15.89841938
0
0
0
15.88277435
0
8.331505775
0
19.04344368
0
8.331505775
22.08900642
0
0
12.0485487
14.78178406
0
28.30658913
14.15329456
0
28.30658913
0
0
0
15.31124973
15.31124973
5.272064209
2.82704854
0
17.57354736
0
0
0
0
7.848325253
7.848325253
0
0
17.39068031
8.695340157
0
0
0
0
0
0
0
0
0
0
0
0
0
0
6.100842476
2.46084404
0
0
0
0
0
5.909085274
0
0
0
0
5.484237194
0
0
0
0
11.71997643
1.729678154
0
0
0
0
0
0
0
0
0
5.224991798
10.4499836
5.224991798
0
5.224991798
0
0
11.20360088
3.038264513
0
0
0
0
0
0
6.246130466
0
0
0
0
0
0
1.922560096
3.845120192
0
2.766946077
0
0
0
0
0
0
0
0
0
0
0.2
7.1
0
0
0
0
0
0
0
0
0
0
1.524269581
0
0
0
0
0
0
0
0
0
0
0
0
0
0
0
0
0
0
0
3.677545547
0
0
0
0
0
0
0
0
0
0
0
0
0
0
0
0
2.937427759
0
0.979142547
0
0
0
0
0
4.527576923
0
0
0
0
0
0
0
3.771701574
7.543403149
0
0
0.73533839
9.412332535
0.441203088
6.903705597
1.44755125
0
0
26.94672012
2.181033134
7.906244755
0
3.544178724
22.6282196
0
8.874702454
24.20373344
0
0
0
8.633927345
0
0
2.518228531
0
16.85616684
8.42808342
0
16.85616684
0
8.658350945
0
0
8.658350945
0
3.708498716
3.708498716
7.416997433
0
0
0
6.259424686
0
5.715126991
0.952521205
20.6364212
13.75761318
6.878806591
0
6.878806591
5.147847652
0
0
2.859915495
0
0
0
2.70061183
4.501019478
0
0
3.276161671
0
3.276161671
0
0
2.134209633
20.80854416
0
2.134209633
36.66862106
13.99798203
0
0
0
1.28224504
0
0
0
5.375565529
0
0
0
0
0
58.14111328
0
0
0
0
5.496244431
0
19.55038071
0
6.791184902
0
2.693733931
1.670939445
5.113973618
0
1.071499228
7.331568241
7.331568241
14.66313648
7.331568241
14.66313648
6.777715683
12.69160652
6.711267471
0
0
4.665720463
10.7714777
0
0
9.014633179
8.478288651
8.478288651
8.478288651
0
8.478288651
4.843247414
0
0
4.540544987
24.36759186
0
0
9.614019394
38.45607758
9.614019394
0
25.55553246
31.10247421
27.0413208
0
40.04094696
0
0
20.02047348
60.06142044
0
0
3.898370028
0
13.68177986
7.159506321
40.76316071
28.55216599
12.33070564
13.46800327
9.816678047
5.713319778
0
0
4.714269161
9.709522247
0
7.907134056
7.360706806
0
8.935705185
14.220541
14.220541
0
0
28.441082
23.86668205
0
0
0
0
7.544093132
8.212557793
5.888849258
14.00591087
15.97947216
0
0
0
2.848579645
0
10.82460308
0
0
11.67296219
5.121809959
8.933390617
6.317069054
12.63413811
0
18.95120621
0
0
50.57123184
4.374163151
11.37819099
0
16.96555519
0
8.482777596
0
0
0
12.5199604
10.95496559
10.95496559
0
7.23826313
14.15537548
10.84504318
5.681913853
8.22642231
5.688169003
11.37633801
0
11.37633801
0
13.6360693
11.93155956
0
0
11.93155956
14.61969376
0
6.396115303
0
0
0
0
0
0
19.92939758
7.476521492
0
7.476521492
14.95304298
7.476521492
0
2.110721111
0
0
0
2.110721111
0
0
0
0
4.404098511
0
0
0
3.535660028
7.071320057
5.284010887
9.247018814
4.623509407
0
5.284010887
0
0
0
3.013469458
0
0
2.779230595
0
0
0
0
0
0
0
0
0
0
0
0
0
0
0
0
0
0
0
0
0
0
0
0
0
0
0
4.963637352
0
3.824516296
0
0
0
0
0.2
7.1
0
0
0
0
0
0
0
0
0
0
0
0
0
0
0
4.777595043
0
0
0
0
0
0
0
0
0
0
0
6.546432018
0
0
0
0
0
0
0
0
0
0
0
0
0
0
0
0
0
0
0
0
0
0
0
0
0
0
0
4.666140556
8.53699398
0
0
0
0
0
2.888657808
5.777315617
4.813519001
0
0
4.211828709
8.423657417
2.517908096
3.539323807
1.092677116
3.824369669
0
0
0
19.68274117
0
7.461431503
2.01046443
0
2.01046443
2.297673941
6.89302206
4.280224323
8.560448647
4.280224323
0
0
4.280224323
5.092535496
0.237582773
1.208573461
9.121114731
11.6002388
0
0
0
0
7.84005785
0
23.97541237
1.318647742
10.90881252
0
2.485347271
2.84039712
2.84039712
0
2.485347271
0
0
2.944118738
1.682353735
1.682353735
4.517241001
2.258620501
11.29310226
0
2.58128047
10.10383511
20.20767021
10.10383511
5.051917553
5.051917553
7.906767368
15.81353474
7.906767368
0
0
2.960713148
0
6.739303589
4.629181385
2.159193993
1.089013934
1.441341877
40.99817276
4.035757065
0
0
0
8.288952827
8.288952827
0
0
3.711673021
7.423346043
0
0
0
12.57695961
0
11.00483894
0
0
9.38596344
0
9.38596344
0
0
24.74542046
12.37271023
12.37271023
0
0
0
0
0
0
26.09547424
10.06514549
0
0
10.06514549
10.06514549
0
6.093941212
6.093941212
0
0
36.82928467
24.55285645
0
24.55285645
0
13.33659458
26.67318916
26.67318916
13.33659458
40.0097847
0
0
16.90997505
84.54988098
0
0
0
0
0
0
0
0
0
0
0
13.90864849
13.09331322
22.44568253
11.84633255
0
21.96607018
6.491029263
5.888290882
2.410953522
4.852817059
5.37828207
0
9.027462959
0
16.27611542
22.61312675
11.83361912
11.83361912
13.52413654
23.66723824
35.50085831
0
0
17.90468597
35.80937195
0
5.450201035
0
0
0
16.3506031
0
0
8.469717979
0
0
8.469717979
13.46166992
11.86656952
8.362185478
9.763939857
4.664456844
12.48957539
0
12.48957539
24.97915077
0
0
31.51070023
28.24573517
21.032444
6.188245296
2.669031858
3.868596554
0
13.83997822
11.48583412
0
0
0
12.98633766
49.30795288
0
5.61887455
15.93352127
8.508580208
0
4.081754208
0
0
9.329724312
9.329724312
0.625535309
0
0
1.44766736
1.367241383
8.453285217
16.90657043
0
0
0
10.30997467
0
0
0
0
0
0
0
0
0
0
8.754009247
17.50801849
8.754009247
17.50801849
20.00916481
0
0
3.907779932
3.907779932
0
6.186672688
12.37334538
0
0
0
0
1.573754907
0
0
0
0
3.354967833
0
3.834249258
0
0
0
0
5.990047932
0
0
0
0
0
4.751345634
0
0
0
0
0
0
0
0
0
0
0
3.071205616
0
6.142411232
0
0
0
0
0
0
0
0
0
0
0
0
0
0
0
0
0
0.2
7.1
0
0
0
0
0
0
0
0
0
0
0
0
0
0
0
0
0
0
0
0
0
0
0
0
0
0
0
4.441012859
2.22050643
0
0
0
0.300789297
0
0
1.625694633
0
5.01628828
0
0
0
0
2.545508862
0
0
7.636526585
0
5.103189945
2.916108608
2.551594973
2.551594973
0
0
0
0
3.488206863
3.516765833
7.033531666
0
0
7.149077892
0
3.574538946
0
6.619844913
19.85953522
19.85953522
6.619844913
0
1.304120898
0.521648407
0
0
1.173708916
20.46732521
0
0
0
0
5.538767338
0
0
5.538767338
2.769383669
0
0
0
0
8.781502724
7.683814526
12.19770145
0
18.29655266
0
0
4.852428436
0.71359241
0
0
0
1.056421995
0
3.169266224
1.716685891
3.829530001
0
0
6.456496239
5.691910744
3.228248119
17.96424294
17.96424294
0
0
0
0
8.433520317
4.819154263
0
0
5.74117136
17.22351265
11.48234272
17.22351265
11.48234272
0
7.123967171
0
7.123967171
3.561983585
10.64541149
4.345065594
0
2.281159401
0
13.37870598
13.37870598
13.37870598
0
6.689352989
12.94096565
0
6.470482826
0
6.470482826
17.19931984
7.238322735
0
0
0
1.992199063
37.38881302
0
0
0
0
0
13.87245464
6.936227322
0
20.8086834
0
0
15.27213955
0
22.50630951
8.420994759
0
0
0
11.69128323
14.62651634
0
0
0
0
0
0
0
0
0
41.77010727
20.88505363
0
0
20.88505363
0
0
0
15.32633495
0
0
39.86175156
0
0
0
0
0
0
0
33.47562027
0
10.61737823
0
0
0
0
0
0
0
0
0
3.682701826
0
0
1.32347095
0
0
18.04597282
0
0
0
0
0
0
0
0
0
0
10.33129311
0
0
0
22.2905407
6.938377857
0
0
14.39414501
0
0
0
0
0
0
0
0
0
13.06992435
0
0
26.77033234
0
8.923443794
0
0
0
31.42757225
10.47585678
0
0
0
0
10.30563736
0
0
0
0
20.85871124
24.4928112
12.2464056
0
0
24.4928112
10.51850033
0
21.03700066
21.03700066
0
0
0
0
0
11.15152836
0
0
0
0
0
0
0
0
43.26014709
0
0
0
0
7.265044212
0
0
10.22547913
10.22547913
10.22547913
5.112739563
0
0
0
4.263219357
8.526438713
0
0
5.087531567
7.329494953
0
0
0
0
0
2.047149181
0
0
0
0
0
0
0
9.147215843
0
0
0
0
0
0
0
0
0
0
0
0
0
0
0
0
0
0
0
0
0
0
0
0
0
0
0
0
0
0
0
0
2.005027533
0
3.165425301
0
0
0
0
0.2
7.1
0
0
0
0
0
0
0
1.618141651
0
0
0
0
0
0
0
0
0
1.708737254
0
0
0
0
0
1.362062216
0
0
0
2.551743746
0
0
0
0
0
0
5.253751755
0
0
0
0
0
0
0
0
3.7636168
3.7636168
5.64542532
0
4.120055199
0
0
2.28891921
0
0
3.924390554
1.962195277
4.485017776
6.663987637
4.442658424
0
0
0
0
0
0
0
4.337678432
0
2.168839216
0
0
0
0
0
23.11974907
14.85883522
0
0
3.396305323
2.971766949
10.95027637
3.19383049
0
3.19383049
6.38766098
7.226338863
2.408779621
4.817559242
4.817559242
9.635118484
0
7.991654396
15.98330879
11.98748016
7.991654396
0
3.64151454
7.283029079
0
0
0
0
0
15.10270786
0
2.831757307
3.407856226
10.22356892
3.407856226
3.894692898
0
0
0.298672259
0.597344518
3.882739544
0.298672259
0
9.975259781
0
0
0
4.07309866
4.07309866
12.21929455
8.146197319
8.146197319
8.667645454
2.889215231
0
0
2.889215231
0
0
6.551113605
0
0
0
4.73992157
9.47984314
0
0
0
0
0
0
18.72623062
0
25.62710381
0
34.16947174
0
0
12.24229527
0
0
0
12.24229527
0
0
0
17.91000366
0
3.033205986
0
0
0
10.78242302
0
6.832900047
7.613802433
27.78712273
11.77861691
10.59644413
0
10.59644413
12.11022186
0
10.36880684
17.10853195
9.944627762
0
0
0
0
0
0
0
0
0
11.6178484
23.23569679
0
6.833753109
0
13.66750622
0
6.833753109
10.43614483
0
10.43614483
10.43614483
0
0
0
0
44.60409927
0
0
0
12.99397278
0
7.875134945
25.34809113
5.006984234
5.006984234
30.04190636
10.01396847
0
0
0
24.51087189
0
24.51087189
0
31.84497261
0
31.84497261
0
0
29.83856773
0
29.83856773
0
0
23.79499626
11.89749813
35.69249344
0
0
7.61842823
0
15.23685646
15.23685646
0
15.40351105
7.701755524
15.40351105
0
38.50877762
11.72916222
0
11.72916222
23.45832443
0
8.592939377
8.592939377
0
8.592939377
8.592939377
9.619164467
0
13.46683025
9.058046341
6.372696877
40.97603226
18.89499474
0
0
0
10.48965454
10.48965454
0
10.48965454
0
7.334383965
0
8.382152557
8.382152557
7.334383965
9.60521698
0
0
0
0
18.51684189
21.16210556
0
9.258420944
9.258420944
0
6.609476566
6.609476566
0
0
3.766165972
0
3.766165972
0
0
6.943990707
0
0
0
0
0
0.571858823
2.164265633
1.240493894
0
1.469237328
0
2.185265064
7.584154606
0
0
4.407764912
0
0
0
0
0
0
0
0
0
0
0
0
0
0
0
0
0
0
0
0
7.037741184
0
0
0
0
2.795874119
0
0
0
0
0
0
0
0
0
0
0
0
0
0
0
0
0
0
0
0
0
0
1.589580297
0
0.2
7.1
0
0
0
0
0
0
0
0
0
0
0
0
0
0
0
0
0
1.473035693
0
0
0
0
0
0
3.000373363
0
0
0
3.293797016
1.882169962
4.940696239
0
0
0
0
0
0
4.977400303
4.977400303
4.977400303
0
0
0
0
0
0
0
0
0
0
0
0
0
0
0
0
0
0
2.523684263
2.523684263
3.551594973
3.107645273
7.103189945
3.107645273
3.107645273
0
14.09363747
9.395757675
0
0
2.646339417
3.969509125
2.646339417
2.646339417
0
0
2.621477127
2.621477127
5.242954254
5.242954254
0
8.789590836
5.859727383
0
2.929863691
1.08557868
3.821045637
3.27586484
0
0
0.20085597
0
0
3.160516977
0
6.321033955
10.47204018
13.74455357
0
0
5.236020088
8.021073341
4.010536671
4.010536671
4.010536671
4.010536671
0.401719123
2.008595467
0.482062936
18.63976479
0
9.353564262
0
9.353564262
0
3.117855072
0
9.073177338
9.073177338
9.073177338
0
3.93475914
0
13.49060345
0
4.496867657
3.709231377
0
0
3.709231377
0
0
0
0
17.43697929
5.812326431
7.916659355
15.83331871
15.83331871
7.916659355
0
0
17.08482361
0
8.542411804
8.542411804
0
8.691018105
0
0
0
7.604640484
0
0
0
14.79070091
14.79070091
15.7020607
15.7020607
0
31.4041214
0
0
0
8.198328972
6.393191814
6.4684062
8.518143654
8.518143654
0
0
34.07257462
9.072036743
0
0
0
9.072036743
0
0
5.167877197
8.791693687
5.577526093
0
23.2652607
11.63263035
0
0
0
0
29.29645538
73.24114227
0
0
22.49540901
22.49540901
0
0
7.925632
0
9.24064827
5.757633686
0
0
0
4.170838356
3.554691792
8.152092934
0
0
13.15532398
0
0
0
0
0
0
0
7.470563412
0
0
0
0
0
8.169415474
0
0
0
0
0
6.825881481
7.594560623
0
0
7.227218151
14.4544363
0
0
14.4544363
0
0
11.66828823
0
0
0
0
0
19.95009804
11.40005684
11.40005684
0
15.94543552
0
0
0
0
3.914111376
6.040296078
3.382565022
4.687268734
17.08567047
0
8.542835236
8.542835236
8.542835236
7.827162266
31.30864906
0
23.48148537
7.827162266
9.504768372
9.504768372
0
0
0
0
6.701120377
13.40224075
6.701120377
6.701120377
0
7.136948109
14.27389622
0
7.136948109
3.42253828
4.438016891
0
0
3.272097588
0
0
4.379796982
0
1.908210397
0
15.06047535
7.530237675
0
0
0
0
11.28631306
0
3.762104511
0
5.308229923
0
9.820225716
0
0
0
0
0
0
0
0
0
0
0
1.344206095
1.322020531
0.991515338
1.81777823
0
0
0
0
0
0
0
0
3.808073044
0
0
7.616146088
0
0
0
0
0
6.134831905
3.067415953
3.067415953
0
3.067415953
0
4.537396908
0
0
0
0
0
0
0
0
0
0
0
0
0
0
0
0
0
0
0
0.2
7.1
0
0
0
0
0
0
0
0
0
0
0
0
0
0
0
0
0
0
0
0
0
0
0
0
0
0
0
0
0
0
0
0
0
0
0
0
0
0
0
0
0
0
0
0
0
0
0
0
0
0
0
0
0
0
0
0
0
4.496202946
8.992405891
2.541191816
0
0
0
5.082383633
6.79924202
0
6.79924202
4.532827854
4.532827854
11.53528309
6.591590881
5.767641544
0
5.767641544
4.229419231
9.667244911
9.667244911
8.458838463
0
9.277302742
3.092433929
6.184867859
0
3.092433929
0
0
9.459979057
3.603801966
3.153326511
3.153326511
0
2.46038413
2.46038413
7.38115263
7.38115263
0
2.351416349
2.351416349
4.702832699
4.702832699
4.458790302
1.950720787
0
3.901441574
0
0.979819536
0.669144988
11.0886898
4.564524651
7.097717285
9.975764275
0
0
0
4.987882137
10.79547119
10.79547119
2.698867798
0
0
14.85981464
11.32176399
0
0
9.906542778
0
0
21.17922211
0
5.294805527
12.67389011
6.336945057
0
0
0
0
0
0
0
6.496358395
0
3.021813869
0
0
3.453501463
0
0
4.120669842
8.241339684
4.709337234
0
0
0
0
7.27142334
14.54284668
25.82971573
0
17.21981049
28.56923294
0
0
0
0
11.96979427
0
0
20.6670723
0
0
14.3336134
22.78353691
10.24108601
10.58629227
34.0602417
0
9.986983299
12.3282547
14.66952419
21.83966637
0
37.36342239
0
12.45447445
42.70105743
0
0
0
0
19.18369102
9.591845512
21.2444458
10.6222229
10.6222229
0
0
0
28.87641525
0
0
0
0
8.773704529
0
0
0
8.36043644
0
0
16.72087288
8.36043644
8.36043644
0
0
33.82283401
14.79749107
0
0
0
0
0
0
0
0
8.06080246
32.24320984
0
0
0
0
21.32650948
0
0
0
20.77068329
20.77068329
20.77068329
32.69843292
0
16.34921646
0
0
0
0
0
7.857257843
7.857257843
7.857257843
0
0
0
14.47712517
14.47712517
0
0
18.30012321
18.30012321
0
9.881130219
0
22.58544159
9.881130219
9.881130219
0
12.31221676
14.49523354
0
0
0
0
0
11.89432526
11.89432526
0
5.679276943
11.35855389
5.679276943
0
16.10553741
14.09234428
7.046172142
14.09234428
0
0
14.96748734
0
0
7.483743668
10.27536869
0
10.75329304
6.690937519
0
22.73563576
11.36781788
11.36781788
0
0
0
0
0
6.667895317
0
0
1.598429084
0
0
0
0
0
0
0
0
4.791090488
0
0
0
0
0
0
0
0
0
0
0
0
0
0
0
0
0
0
5.131557465
0
5.241289616
0
0
0
0
0
0
0
0
0
0
0
1.708459973
1.708459973
0
0
0
0
0
0
0
0
0
0
0
0
0
0
0
0
0
0.2
7.1
3.425104856
0
0
0
0
0
0
0
0
0
0
0
0
2.304083824
0
0
0
0
2.126315594
3.189473629
0
0
0
0
0
0
0
0
0
0
0
0
0
1.728357077
0
0
0
0
0
0
0
0
0
0
0
0
0
0
2.366847754
9.023607254
0.612844527
3.312761307
0
0
1.4723382
0
0
0
0
0
0
0
0
0
0
0
0
0
0
0
0
0
0
0
0
0
8.975899696
0
0
0
0
0
0
0
0
0
0
0
8.100414276
8.100414276
5.073760986
10.14752197
5.798584461
0
0
0
6.966838837
4.644558907
0
0
0
0
3.380457163
3.863379955
10.14137173
19.38895226
0
0
6.462984085
11.31022167
0
11.92078114
11.92078114
0
47.68312454
0
0
9.025984764
11.28248119
4.512992382
9.023076057
0
0
18.04615211
0
0
0
3.514733553
0
4.016838551
0
0
4.420458794
10.10390568
13.26137638
0
12.33316612
0
0
0
8.787431717
0
0
0
5.858287334
0
6.886493206
6.886493206
6.886493206
6.886493206
6.886493206
14.16925049
0
14.16925049
0
0
0
0
0
0
0
13.05630589
13.05630589
13.05630589
0
0
19.70730782
0
0
13.13820553
13.13820553
0
0
0
0
0
53.91526031
0
0
0
0
7.108285904
0
0
0
7.108285904
0
52.78361511
52.78361511
17.59453773
0
0
6.337936878
14.48671341
0
0
0
0
7.847452641
0
0
0
0
0
13.68537235
13.68537235
12.59917545
25.19835091
0
0
0
0
0
0
0
0
11.42658043
0
0
15.61556721
7.807783604
0
0
0
0
0
0
0
7.359794617
7.359794617
0
0
0
0
0
0
0
7.593698502
15.187397
15.187397
0
7.593698502
15.187397
22.78360176
0
11.39180088
0
0
0
57.09705734
0
0
0
20.84022141
20.84022141
10.4201107
10.4201107
0
12.01484585
0
12.01484585
12.01484585
0
11.94206715
0
11.94206715
11.94206715
23.88413429
0
0
0
26.86057472
0
0
0
20.58301163
6.861003399
13.7220068
19.63997841
6.546658993
6.546658993
0
6.546658993
13.05087757
0
0
0
0
9.904589653
0
0
9.904589653
0
0
0
5.904880524
11.80976105
0
10.02286816
10.02286816
0
0
0
11.45470715
0
0
0
0
0
3.303129673
0
0
6.606259346
0
0
0
4.395780563
8.791561127
8.791561127
3.383961201
0
0
3.383961201
3.383961201
0
7.031081676
0
0
3.515540838
3.052257776
3.052257776
0
0
3.052257776
0
3.508120537
0
0
0
0
1.900314689
0
0
0
2.329694986
4.659389973
2.329694986
0
0
6.420435905
3.210217953
0
0
0
2.621888399
0
5.243776798
5.243776798
0
0
0
0
0
0
0
0.2
7.1
0
0
0
0
0
0
0
0
0
0
0
0
0
0
0
0
0
0
0
0
0
0
0
0
0
0
0
8.290578842
0
0
0
0
0
0
0
0
0
0
0
0
3.530297041
5.928507328
5.187443256
0
0
0
0
3.66899991
0
0
0
0
3.735983849
0
7.471967697
3.735983849
4.549708366
4.549708366
2.274854183
4.853351116
2.426675558
0
0
2.426675558
8.742699623
0
5.828466415
0
5.828466415
5.972005367
0
0
0
5.972005367
0
8.391807556
0
0
4.195903778
6.841053963
9.121404648
4.560702324
2.280351162
4.560702324
2.818104982
2.818104982
0
3.220691442
2.818104982
5.636209965
11.23462963
11.23462963
9.830299377
14.74545002
14.74545002
4.395499706
8.790999413
0
4.395499706
13.18649864
0
6.026247978
6.026247978
18.07874298
0
0
0
0
0
13.26670074
0
0
0
0
0
5.810478687
0
19.9216423
0
13.2810955
0
0
13.0986824
7.484961987
13.0986824
13.07565975
0
0
8.717106819
13.07565975
0
18.42217636
27.63326073
9.211088181
0
6.929700851
8.686992645
7.775190353
12.94759846
14.07491779
0
12.33799267
6.168996334
12.33799267
12.33799267
11.27382565
0
11.27382565
11.27382565
11.27382565
0
7.068566799
0
0
14.1371336
0
0
0
0
17.66942596
0
0
19.45558548
19.45558548
0
0
0
12.99124908
0
0
12.99124908
0
34.84327698
17.42163849
0
0
0
12.88596344
6.44298172
6.44298172
0
15.9246769
63.69870758
15.9246769
15.9246769
0
0
0
0
22.19943047
0
0
15.64662838
26.82279396
7.82331419
7.82331419
0
0
17.91102028
0
0
13.36419582
0
0
0
26.72839165
0
0
0
0
0
0
28.03834724
28.03834724
0
0
0
0
0
0
0
0
0
0
40.40422058
0
0
32.68652344
0
0
0
0
0
0
0
0
0
0
0
0
0
0
0
10.086936
10.086936
0
20.17387199
10.086936
36.47639847
0
0
0
0
0
22.24952316
0
33.37428284
0
0
0
0
20.95051193
0
0
0
0
13.63899136
0
14.98538303
0
0
14.98538303
14.98538303
0
28.25042915
7.062607288
14.12521458
0
21.62650871
43.25301743
43.25301743
0
0
10.59141064
0
0
0
21.18282127
9.158129692
9.158129692
0
18.31625938
0
0
0
0
0
8.56711483
0
0
9.388442039
9.388442039
9.388442039
0
6.255664349
0
0
0
0
0
0
0
0
0
0
0
0
0
0
0
0
8.494549751
0
0
0
0
0
0
0
0
4.533118248
0
4.533118248
0
4.398923874
4.398923874
0
4.398923874
0
0
0
0
0
0
0
0
0
0
0
0
0
0
0
0
0
0
0
0
0
0
0
0
0
0
0
0.2
7.1
0
0
0
0
0
0
0
0
0
0
0
0
0
0
0
0
0
0
0
0
0
0
0
0
0
0
0
0
0
0
0
0
0
0
0
0
7.376604557
0
0
0
3.688302279
0
0
0
0
0
0
0
0
0
0
0
0
0
0
0
0
0
0
0
13.68319607
0
0
0
0
0
4.337153435
0.49567458
0.49567458
0
0
0
0
0
0
0
0
0
0
0
3.085503578
0
0
0
2.699815512
4.645092487
4.645092487
4.645092487
0
0
0
0
3.707552195
3.707552195
9.732323647
3.707552195
4.495746613
10.27599239
5.137996197
8.991493225
0
0
2.302087784
2.302087784
0
0
13.84890842
15.82732487
0
0
6.924454212
7.944316387
0
0
0
0
0
4.483003139
2.561716318
4.483003139
2.24150157
0
0
0
3.842834473
7.685668945
0
5.69950819
17.09852409
0
11.39901638
0
10.14912891
10.14912891
0
0
4.658713818
4.658713818
9.317427635
4.658713818
23.29356956
18.81957436
4.704893589
14.11468124
0
4.704893589
15.30555058
0
0
0
0
7.652775288
0
18.17388344
0
0
9.086941719
10.92650032
10.92650032
0
21.85300064
10.92650032
0
0
0
0
10.00248623
12.47058105
0
12.47058105
0
0
0
0
0
0
0
32.5031929
0
0
0
0
0
15.90187645
0
0
0
0
0
0
45.38953018
0
0
9.654607773
4.004874229
8.867937088
5.757007122
5.893835545
0
0
0
0
12.64558792
0
0
12.64558792
0
0
0
0
17.35920334
0
0
0
0
0
0
0
0
0
0
0
0
0
0
0
0
0
0
0
0
0
0
0
0
0
0
0
64.79063416
0
0
0
0
0
0
7.375809193
0
6.453832626
0
19.89778137
0
9.948890686
9.948890686
0
0
40.46798325
40.46798325
0
0
9.771726608
9.771726608
0
19.54345322
9.771726608
13.71756649
27.43513298
0
0
0
0
0
2.694486618
18.70290565
16.81676674
0
6.61144352
6.61144352
0
0
0
8.775005341
0
4.38750267
0
18.88990593
4.722476482
0
0
0
0
10.86051369
0
21.72102737
10.86051369
7.367516518
7.367516518
0
0
0
0
0
0
0
0
8.852740288
0
3.893683195
0
0
7.78736639
0
0
3.756258488
7.512516975
3.756258488
3.454642534
6.909285069
0
0
0
0
0
5.158059597
0
0
0
0
0
0
0
0
0
0
0
0
0
0
0
0
0
0
0
0
0
0
13.02224159
0
0
0
0
0
0
0
0
0
0
0
0
0
0
0
0
0
0
0
0
0.2
7.1
0
0
0
0
0
0
0
0
0
0
0
0
0
0
0
0
0
0
0
0
0
0
0
0
0
0
0
0
0
0
0
0
0
1.526158929
3.052317858
1.526158929
0
0
0
0
0
0
0
0
3.012227058
3.012227058
0
0
0
0
0
0
0
0
0
3.198939562
0
0
2.283675671
0
2.01196146
0
2.01196146
4.02392292
2.517030001
0.33313632
6.144514084
2.035832882
3.92360568
0
3.828398705
3.828398705
3.828398705
0
0
0
0
12.59615135
0
0
0
0
0
0
5.31973505
5.31973505
7.979602814
3.039848804
2.659867525
9.119545937
0
5.383032322
8.074548721
5.383032322
3.076019049
1.60963428
4.828902721
0
3.21926856
0
3.926701784
4.581151962
5.017451763
0
4.581151962
3.574718952
0.66198504
1.677028894
14.0782156
0
0
0.53100282
13.17852497
0
0.241364896
0.566408217
9.783415794
0.669391513
0
0
9.827256203
5.306718826
6.879079342
0
0
8.138576508
2.712858915
5.425717831
5.425717831
5.425717831
0
3.074282169
2.689996958
5.379993916
0
1.862094641
0
2.128108263
1.862094641
0
2.477273941
0
4.954547882
4.954547882
2.477273941
0
0
22.72329903
0
0
9.461833
0
0
9.174355507
0
27.52306938
25.60269165
0
8.534230232
8.534230232
25.60269165
0
0
0
0
0
17.35792732
8.678963661
0
0
0
22.16666794
0
11.08333397
0
0
8.215522766
0
16.43104553
0
8.215522766
23.21516418
23.21516418
0
23.21516418
23.21516418
0
0
12.3732233
0
0
0
0
0
0
13.88855839
6.109993935
0
0
0
0
0
0
0.496516734
0.356296718
0.884995162
5.34861517
5.169332027
3.764946938
0
13.77492428
4.840645313
0
0
10.58261013
0
31.74783134
0
0
0
0
0
0
0
5.895471096
0
0
51.69445801
12.9236145
0
0
12.9236145
6.15141201
6.15141201
6.15141201
12.30282402
6.15141201
14.55016613
0
14.55016613
14.55016613
0
0
0
7.402171135
7.402171135
7.402171135
0
8.765357018
10.01755142
0
8.765357018
8.765357018
0
13.07111359
0
6.535556793
6.535556793
20.05321312
0
10.02660656
10.02660656
0
0
0
27.89144516
13.94572258
0
11.39706993
0
11.39706993
11.39706993
0
0
0
0
23.36553955
0
5.290391922
5.290391922
15.87117672
21.16156769
5.290391922
0
0
10.49785995
0
0
0
3.903282881
5.991085529
0
1.724706411
0
9.150466919
18.30093384
0
0
11.7215395
11.7215395
5.860769749
0
0
5.860769749
0
0
0
0
0
0
1.944855571
0
0
0
0
0
0
1.717378855
3.43475771
0
0
9.796590805
4.898295403
0
0
4.922977924
0
0
0
9.502906799
19.0058136
0
0
0
2.759118795
5.518237591
2.759118795
2.759118795
2.759118795
2.463574171
0
0
0
0
0
0
0
0
0
0
0
0
0
0
0
0
0
0
0
0
0
0
0
0
2.55912137
0.2
7.1
0
0
0
0
0
0
0
0
0
0
4.73038578
0
0
0
0
0
0
0
0
3.830176353
0
0
0
0
0
0
0
0
0
0
0
0
0
0
0
0
0
0
0
0
0
14.15553093
0
0
0
0
0
0
0
0
0
0
0
0
0
0
0
0
0
0
0
0
9.486762047
9.486762047
0
0
0
12.55415249
0
13.81351566
0
0
0
0
0
1.482981801
2.965963602
1.694836378
1.482981801
3.648750544
0
0
0
0
0
0
1.79451859
1.79451859
5.383555889
1.79451859
3.462229013
29.0380497
4.020652771
15.52418709
0
3.639892578
0
7.279785156
0
0
0
0
0
0
3.49631381
15.05398464
0
0
0
0
0
13.4444313
15.36506462
0
0
3.706991196
3.243617296
3.243617296
0
6.487234592
4.795742512
14.38722706
4.795742512
4.795742512
14.38722706
0
11.24926949
0
5.624634743
0
0
6.542000771
17.17275238
11.44850159
0
0
0
3.138176203
3.138176203
6.276352406
5.328450203
15.98534966
0
0
10.65690041
7.522194386
7.522194386
0
15.04438877
0
0
6.327559948
0
6.327559948
0
25.31023979
0
10.68759155
10.68759155
32.06277466
0
0
14.92451
0
0
0
0
17.26593018
0
0
0
0
0
0
0
15.53352356
0
0
0
0
0
0
0
0
10.19919205
0
0
0
0
12.78039265
6.390196323
11.27133656
0
0
0
11.27133656
0
9.145723343
0
9.145723343
0
0
0
11.69732475
0
0
0
0
0
0
0
0
0
0
0
0
0
0
0
0
0
0
0
0
0
0
0
0
0
0
0
31.38325119
0
28.47038078
14.23519039
14.23519039
0
0
14.66753769
0
14.66753769
0
0
20.99244118
0
20.99244118
0
0
0
0
0
0
0
0
0
0
12.082201
0
6.714484215
0
0
6.714484215
13.42896843
0
58.3359375
19.44531059
19.44531059
9.722655296
0
8.814012527
8.814012527
17.62802505
8.814012527
5.399374962
10.79874992
5.399374962
5.399374962
0
5.030128956
5.030128956
10.06025791
5.030128956
0
16.93037224
16.93037224
16.93037224
0
8.465186119
9.482936859
0
9.482936859
18.96587372
9.482936859
5.450617313
0
0
0
0
22.4962368
0
0
22.4962368
0
0
0
0
11.03101349
7.354008675
7.354008675
2.936336279
0
0
0
0
0
0
0
0
0
0
2.970379591
0
0
0
0
0
0
0
0
0
0
0
0
0
0
0
0
0
0
0
0
0
0
0
0
0
0
0
0
0
0
0
0
0
0
0
2.977227688
0
0
0
0
0
2.917811632
0
0
0.2
7.1
0
2.535271883
0
0
2.535271883
0
0
0
0
0
0
0
0
0
0
0
0
0
0
0
0
0
0
0
0
0
0
0
0
0
0
0
0
0
0
0
0
0
0
0
0
0
0
0
0
0
0
0
0
0
0
0
0
0
0
0
0
9.334156036
10.66760635
2.340769529
2.340769529
4.681539059
2.340769529
0
7.076803684
7.076803684
0
7.076803684
3.538401842
2.810735464
0
2.810735464
2.810735464
14.05367756
0
2.479000092
7.436999798
2.169124842
0
0
0
0
5.592315674
0
0
0
5.177501678
2.588750839
0
2.588750839
5.389503479
2.69475174
3.079715967
0
5.389503479
0
2.142534733
4.897222996
2.142534733
4.285069466
0
1.769603133
5.308809757
1.769603133
3.539206266
8.224777222
15.28291988
13.64962959
2.566596985
0
0
0.396651566
0
38.53186798
0
0
0
10.42713261
20.85426521
5.213566303
14.83021545
14.83021545
0
7.415107727
0
4.398608208
0
4.398608208
8.797216415
0
23.2538662
0
0
0
11.6269331
4.449471951
0
8.898943901
0
0
0
14.28167725
14.28167725
21.42251587
0
9.881806374
9.881806374
0
9.881806374
4.940903187
0
0
0
11.54122829
0
10.09857368
24.94591904
9.50320816
24.94591904
0
0
0
0
10.05334473
0
10.05334473
0
18.63036156
0
18.63036156
9.315180779
0
0
0
19.79115486
9.895577431
0
0
0
0
12.46130085
0
14.04291725
28.0858345
28.0858345
14.04291725
0
0
7.426124573
0
0
16.86945534
0
16.86945534
0
0
0
0
13.7794714
0
0
16.75903702
16.75903702
0
0
0
8.83359623
0
8.83359623
0
17.66719246
17.66719246
9.239232063
0
0
9.239232063
0
0
28.06113052
0
0
0
10.29412365
0
8.900935173
5.495359421
11.49381542
8.499409676
25.49822807
0
8.499409676
16.99881935
0
0
28.14583206
28.14583206
42.21875
27.31577682
13.65788841
13.65788841
13.65788841
0
0
24.25532913
0
0
0
0
0
0
13.19836617
0
13.19836617
15.27104092
0
0
30.54208183
15.27104092
16.15730095
8.078650475
8.078650475
8.078650475
16.15730095
25.08450317
12.54225159
12.54225159
12.54225159
0
12.61565304
12.61565304
12.61565304
0
12.61565304
0
0
0
0
0
0
18.47445679
0
0
9.237228394
0
5.283472538
5.283472538
10.56694508
5.283472538
0
0
6.876862049
13.7537241
6.876862049
12.02716827
0
0
12.02716827
0
0
0
0
17.32115746
8.660578728
0
6.558511257
0
0
0
3.279255629
0
7.107100964
3.553550482
0
3.553550482
0
0
0
0
0
0
0
0
0
0
0
0
0
0
0
0
0
0
0
0
0
0
3.120623112
0
1.560311556
3.145904541
0
3.145904541
0
0
2.810682058
0
0
0
0
0
0
0
0
0
2.710467339
0
2.710467339
0
0
0
0
0
0
0
0
0.2
7.1
0
0
0
0
0
0
0
0
0
0
0
1.415352702
0
1.415352702
0
0
0
0
0
0
1.630263448
0
0
0
0
4.032804489
0
0
0
0
0
0
0
1.524472237
3.048944473
1.524472237
0
0
2.173020363
6.519061089
4.346040726
1.843007088
1.843007088
5.529021263
0
3.686014175
0
0
4.16202879
0
0
0
0
0
0
3.22771287
2.808777332
0
2.808777332
0
3.212759495
0
3.212759495
12.85103798
3.212759495
2.806290865
2.806290865
2.806290865
0
6.414379597
3.656792164
0
10.97037601
3.656792164
10.97037601
1.798215628
0
0
1.798215628
3.596431255
3.964740515
3.964740515
1.982370257
1.982370257
0
0
0
2.179990768
6.539972782
2.179990768
0
0
6.837535858
6.837535858
6.837535858
0
4.4420681
0
0
4.4420681
8.8841362
15.03501034
10.02334023
0
0
15.03501034
11.96134567
10.46617699
0
0
10.46617699
0
0
4.194858551
0
0
4.728643417
10.80832863
0
0
9.457286835
3.612962961
10.83888912
3.612962961
7.225925922
12.38730145
0
0
0
0
8.373911858
0
0
8.039746284
8.039746284
16.07949257
0
0
0
0
7.36382103
4.714214802
18.85685921
9.428429604
0
0
3.354255915
13.41702366
3.354255915
10.06276798
0
0
0
9.492313385
37.96925354
9.492313385
9.492313385
9.890912056
22.60779953
0
19.78182411
19.78182411
17.90360832
0
0
0
0
20.26820755
0
0
0
0
11.80957699
0
11.80957699
0
0
10.56878376
10.56878376
21.13756752
10.56878376
0
9.767986298
9.767986298
9.767986298
9.767986298
9.767986298
11.3242588
0
0
22.64851761
0
0
33.25758743
33.25758743
0
0
0
18.18415833
0
18.18415833
0
0
0
0
0
0
0
0
0
0
0
0
0
0
0
0
0
13.03650856
0
0
0
0
0
5.596837997
5.596837997
0
0
13.03761292
26.07522583
0
0
26.07522583
0
0
0
20.67343712
0
0
12.61006927
0
0
37.83020401
12.61006927
0
0
0
0
23.67846107
0
10.36116505
20.72233009
0
20.72233009
0
0
0
0
0
0
0
0
0
0
7.708030224
0
0
0
23.1240921
0
11.59079933
11.59079933
0
0
0
13.97573853
0
6.987869263
6.987869263
0
0
0
0
6.087067127
0
13.40081978
0
0
0
15.01808739
15.01808739
0
7.509043694
7.509043694
0
9.037668228
0
0
9.037668228
32.23858643
12.89543438
0
0
0
0
0
0
0
0
0
0
0
0
0
0
0
0
0
0
0
0
0
0
0
0
0
0
0
0
0
0
1.774296284
6.308608055
0
0
7.018392563
0
0
3.509196281
0
0
0
0
4.232842922
0
0
0
0
0
0
0
0
0
0
0
0
0
0
0
0
0
0
0
0
0
0
0.2
7.1
0
0
0
0
0
0
0
0
0
2.231507063
1.181143522
0
1.181143522
2.362287045
1.181143522
1.353260994
0
0
0
1.353260994
0
0
0
0
0
0
0
0
0
0
0
0
0
0
0
0
0
0
0
0
0
0
0
0
0
0
0
0
0
0
0
0
0
0
0
0
0
7.463443756
3.731721878
4.906257629
8.177095413
0
0
0
0
0
0
0
0
0
4.581448078
0
4.581448078
0
0
0
1.69847548
1.69847548
0
0
12.44078636
14.51424885
0
0
7.536619186
0
0
0
5.024413109
4.396361351
2.336349487
0
7.009048462
7.009048462
0
0
0
3.205060244
0
0
12.66354561
8.442363739
0
8.442363739
8.442363739
3.887985229
3.887985229
3.887985229
4.443411827
7.775970459
4.539102554
9.078205109
0
5.187546253
0
0
6.328719139
2.768814325
2.768814325
5.537628651
10.34243488
10.34243488
0
5.171217442
0
0
22.30360222
0
0
0
0
5.986891747
0
0
0
6.010755062
0
12.02151012
6.010755062
12.02151012
0
10.21437836
0
0
0
10.82516003
10.82516003
5.412580013
16.23773766
0
5.412580013
8.176093102
0
16.3521862
8.176093102
16.3521862
0
0
6.992619991
13.98523998
0
40.19070435
0
10.04767609
10.04767609
0
0
0
0
19.0712719
0
5.043960571
5.043960571
15.13188267
0
5.043960571
0
0
0
0
0
0
0
0
0
0
0
0
0
0
0
0
70.77780914
0
0
0
0
0
0
0
0
0
0
33.0264473
16.51322365
0
0
0
0
0
0
0
0
19.67974663
0
0
0
0
0
0
0
0
0
0
0
0
28.76381302
0
0
19.31773567
0
0
0
8.371058464
0
16.74211693
0
0
0
0
20.19826698
0
0
11.04893112
0
0
0
11.04893112
0
23.56755638
15.71170616
7.855853081
7.855853081
7.021872044
0
21.0656147
7.021872044
0
20.37772942
30.56659698
10.18886471
0
0
0
0
4.283513069
12.85054016
0
5.947536945
11.89507389
0
0
0
0
0
11.80928898
11.80928898
5.904644489
8.137062073
4.068531036
8.137062073
4.068531036
4.068531036
5.71473217
0
5.71473217
17.14419746
0
0
0
15.8922348
0
0
4.366024494
8.732048988
0
4.366024494
0
7.004876137
14.00975227
0
0
14.00975227
14.00975227
3.561396599
0
0
3.561396599
0
0
0
0
0
0
0
0
4.699380875
4.699380875
0
0
0
0
5.255322456
0
0
0
0
0
0
4.676807404
4.676807404
4.676807404
4.676807404
4.676807404
3.508622646
0
0
0
0
0
3.099591017
0
0
4.649386406
0
7.148910046
0
0
0
0
0
0
0
0
0
0
2.696429491
0
0
0
0
0
0
0
0
0.2
7.1
0
0
0
0
3.046331644
0
0
0
0
0
0
0
0
0
0
0
0
0
0
0
0
0
0
0
0
0
0
0
3.550538063
5.325807095
3.550538063
4.682536125
0
0
0
0
0
0
0
0
3.605541706
4.145861149
4.145861149
0
0
0
0
0
0
0
0
0
0
0
0
0
0
0
0
0
0
4.586647987
0
0
0
0
0
0
0
0
0
3.598251343
7.196502686
0
0
0
0
0
0
0
0
0
0
0
0
0
0
0
4.743708611
2.371854305
8.201852798
2.733950853
2.733950853
2.733950853
5.467901707
3.54392457
3.54392457
3.54392457
7.08784914
7.08784914
3.000057697
3.000057697
0
3.000057697
0
0
1.588067651
8.535862923
1.985084414
0
13.75207996
13.75207996
6.876039982
0
0
5.097820759
15.29346371
5.826081276
10.19564152
20.39128304
12.11734772
6.058673859
0
12.11734772
0
27.19449615
0
19.39989662
7.274961472
7.101748466
0
0
0
0
0
15.38252831
0
0
11.62235546
0
0
0
19.50524139
0
0
0
0
16.21263504
5.404211998
10.808424
0
8.368556976
4.305311203
16.85814667
3.717437744
12.86406326
0
0
18.55618668
0
0
0
11.6397686
0
5.8198843
5.8198843
11.90106201
0
23.80212402
0
0
15.79732037
6.911326885
6.911326885
0
0
0
0
0
14.04034901
0
0
9.037707329
0
0
0
30.51494026
30.51494026
0
0
0
18.62397194
0
0
0
6.207990646
0
0
0
0
37.84572983
0
0
0
0
0
0
0
0
0
0
0
0
0
0
0
0
0
0
0
0
13.249856
26.32538414
0
13.16269207
13.16269207
0
0
0
15.81159592
0
0
0
0
0
0
0
0
0
0
0
0
10.71402645
0
0
0
0
0
0
0
0
17.84830856
0
17.08959389
0
8.544796944
8.544796944
0
21.05759048
0
0
0
0
0
20.38597107
0
0
0
10.73936653
0
0
0
0
0
0
0
6.426388741
7.344444752
0
0
38.53837967
0
0
15.58319759
23.37479782
0
0
0
0
16.26943398
24.40415001
8.134716988
8.134716988
0
5.266849995
15.80055046
0
0
0
5.443013191
0
0
5.443013191
0
0
0
0
0
0
4.962332249
0
0
0
0
0
0
0
0
0
0
0
0
4.012152195
0
0
0
3.608919859
0
0
2.709970951
3.097109795
0
2.709970951
0
0
0
0
0
0
2.215096712
0
0
2.215096712
0
0
1.773450732
1.773450732
0
0
0
0
0
0
0
0
0
0
0
0
0
0
2.156053305
0
2.156053305
0
0.2
7.1
3.721472025
0
0
0
3.721472025
0
0
0
0
0
0
0
0
0
0
0
0
0
0
0
0
3.831811428
0
0
0
0
0
0
0
6.606499195
0
0
3.061454535
6.122909069
0
0
0
0
0
0
0
0
0
0
0
7.733463764
9.254460335
6.169640064
0
0
0
0
0
0
0
0
0
5.206687927
2.603343964
0
0
6.402316093
7.316932678
9.603473663
0
2.687414646
2.687414646
5.374829292
8.062244415
6.271552563
9.407328606
9.407328606
0
0
4.650111675
4.068848133
9.300223351
8.137696266
9.300223351
0
0
4.927455425
4.311523438
0
3.297229052
3.297229052
0
0
3.297229052
3.297229052
1.434006572
23.69524956
0
0
0
8.249559402
16.4991188
8.249559402
0
0
0
0
5.841697693
5.111485481
7.667228222
4.818096638
14.45429039
0
0
5.506396294
4.632089138
0
0
4.632089138
0
3.151174068
11.029109
8.271831512
0
0
0
3.111689091
0
3.111689091
0
4.664764881
0
4.664764881
9.329529762
4.664764881
0
0
5.386343002
12.31164074
10.772686
0
0
6.569655895
13.13931179
17.24534607
0
0
0
3.856159925
0
6.46489048
6.46489048
7.388446331
6.46489048
0
0
0
0
27.91956711
6.979891777
6.979891777
0
14.9637928
0
0
0
9.000527382
0
7.875460625
15.75092125
7.875460625
0
9.59523201
8.395828247
16.79165649
0
0
7.860724926
7.860724926
17.96737289
0
5.945247173
11.89049435
0
11.89049435
5.945247173
35.60110474
27.12465477
0
11.86703587
23.73407173
0
14.14075279
14.14075279
0
42.42226028
27.92378998
13.96189499
0
27.92378998
27.92378998
15.21775532
0
0
30.43551064
30.43551064
0
15.10519981
15.10519981
30.21039963
0
0
0
30.42885208
10.14295101
0
0
0
0
0
0
0
0
0
0
0
0
11.07490921
0
0
0
0
0
40.28004456
0
0
26.85336304
0
36.69202423
0
0
24.46134949
0
0
0
15.68282127
31.36564255
0
13.62979794
6.814898968
20.44469643
0
0
0
0
0
0
16.46189308
0
0
15.98048973
7.990244865
7.990244865
0
38.58695984
0
0
0
23.58457756
35.37686539
23.58457756
0
23.58457756
0
0
0
25.91069603
25.91069603
4.942854404
9.885708809
0
14.82856369
9.885708809
0
0
20.56851768
0
0
6.827993393
6.827993393
0
6.827993393
0
0
7.199092388
7.199092388
0
7.199092388
0
7.155783176
21.4673481
14.31156635
7.155783176
0
10.90093708
32.70281219
10.90093708
0
0
3.204190731
0
6.408381462
6.408381462
0
0
0
0
0
3.499004602
0
0
0
0
0
0
0
0
0
0
0
0
0
0
0
4.369024277
3.822896004
3.822896004
3.822896004
3.822896004
0
0
0
0
0
0
0
0
0
0
0
0
0
0
0
0
0
0
0
3.893835306
0
0
0
0
0
3.837379932
0
0
0
0
0
0.2
7.1
0
1.809767962
0
0
0
0
0
0
0
0
0
0
0
1.646629572
0
0
0
0
1.421092868
0
0
0
0
0
0
2.507603168
0
0
0
0
0
0
0
0
0
0
0
0
0
0
0
0
0
0
0
0
0
0
0
0
0
9.181687355
0
0
0
0
0
0
0
0
0
0
0
0
0
0
0
0
0
0
0
0
0
0
0
0
6.696809769
13.39361954
6.696809769
20.09043121
2.947036266
0
2.947036266
2.947036266
2.947036266
12.53208351
12.53208351
0
0
12.53208351
0
5.389591217
5.389591217
2.694795609
8.084386826
2.694795609
0
0
0
0
0
16.94472313
0
2.82412076
3.765494585
2.82412076
0
7.4144454
3.7072227
7.4144454
7.4144454
7.830543518
11.74581528
0
3.915271759
0
0
3.92694664
11.78084087
7.85389328
3.92694664
12.88079166
0
0
11.27069378
0
6.633296013
9.949944496
3.316648006
3.316648006
6.633296013
7.294150829
7.294150829
7.294150829
0
7.294150829
10.63576221
0
0
0
0
4.354818344
0
8.709636688
4.354818344
0
11.45348835
0
0
5.726744175
0
5.726744175
23.89531898
0
0
0
5.973829746
0
0
0
15.02570915
0
0
21.47099113
10.73549557
0
0
29.7897377
19.85982513
9.929912567
9.929912567
9.929912567
4.915248871
4.915248871
0
4.915248871
0
0
0
0
0
18.11682129
0
0
13.31526947
0
0
33.72865677
11.24288464
11.24288464
22.48576927
0
0
6.920118809
6.920118809
13.84023762
0
0
0
0
0
0
0
0
0
0
0
0
0
15.32949257
30.65898514
0
0
58.24380875
0
0
0
0
0
0
7.396235943
7.396235943
0
5.878993988
0
5.878993988
5.878993988
0
0
0
4.883673668
0
0
0
8.353022575
8.353022575
0
0
0
12.38649178
0
0
0
0
0
0
0
0
11.83974075
0
24.18221474
0
0
40.30369186
0
16.69651031
14.60944462
0
0
0
42.62955475
0
0
0
0
0
0
0
0
0
11.68898582
0
0
0
10.49657536
10.49657536
0
5.248287678
5.248287678
10.76795101
10.76795101
10.76795101
0
0
0
0
0
0
7.181421757
9.157877922
9.157877922
18.31575584
0
0
4.504453659
9.008907318
4.504453659
4.504453659
0
0
8.117878914
8.117878914
8.117878914
0
16.23575783
6.795152664
0
0
0
3.397576332
0
0
0
0
0
0
0
0
0
8.349287033
0
0
2.47334671
4.94669342
4.94669342
4.664048672
0
0
0
0
0
0
0
0
1.322857499
0
0
0
0
0
0
0
0
0
3.085273981
0
0
0
0
0
0
0
0
0
0
7.294788837
0
0
0
0
0
0
0
0
0
0
0.2
7.1
0
0
0
0
4.033563614
0
0
0
0
0
0
0
0
0
0
0
0
0
0
0
3.13417244
0
0
0
0
0
0
0
0
0
0
0
5.834879398
0
0
0
0
0
0
0
0
0
0
0
0
0
0
0
0
0
0
0
0
0
3.373780489
0
0
0
0
3.59068656
0
0
7.181373119
3.59068656
0
0
0
0
0
2.072862387
0
4.145724773
8.291449547
0
2.505947828
2.505947828
1.252973914
3.758921623
0
3.162037373
1.581018686
1.581018686
0
1.581018686
4.082366467
0
8.164732933
0
0
4.082366467
14.22328377
14.22328377
28.44656754
0
4.741095066
1.610693336
1.840792537
0
0
0
0
5.232726097
5.232726097
0
0
8.711157799
2.903719187
8.711157799
2.903719187
0
3.966812134
3.966812134
0
7.933624268
15.86724854
4.652204514
0
0
13.95661354
0
0
10.5142107
10.5142107
10.5142107
0
0
8.81956768
0
13.22935104
0
0
7.998569012
3.999284506
7.998569012
15.99713802
5.552292347
0
0
0
11.10458469
0
0
0
19.90588188
9.952940941
0
14.0006628
7.000331402
14.0006628
21.00099373
0
7.850444317
0
0
0
15.70088863
0
0
9.019350052
0
0
6.624213219
0
6.624213219
0
0
16.5959816
0
0
0
0
9.217749596
0
18.43549919
27.65324974
0
0
11.75092888
0
11.75092888
0
0
0
28.58340645
0
0
0
0
0
0
0
0
0
0
0
0
0
0
0
0
0
36.00634384
0
0
0
0
0
0
0
0
0
0
0
0
0
0
0
0
0
0
0
0
0
25.97538185
0
0
0
0
0
0
0
0
0
0
0
11.12982273
0
0
0
9.051947594
0
0
0
0
0
0
0
0
0
0
21.18337822
10.59168911
0
0
25.87517166
0
8.625056267
0
0
11.91174221
11.91174221
0
0
15.64885521
15.64885521
0
0
15.64885521
0
15.45799351
0
0
0
0
0
0
0
0
0
0
0
0
0
0
4.985111237
0
0
0
11.16490841
25.51979065
0
0
0
0
6.676084518
0
6.676084518
0
0
0
0
0
0
0
0
0
0
0
6.469514847
0
0
14.28601456
0
0
0
0
0
0
0
0
0
0
0
0
4.793545723
0
0
4.793545723
0
0
0
0
0
0
2.757109404
2.757109404
0
0
0
0
0
0
0
0
0
0
0
0
0
0
0
0
0
2.674059391
0
0
0
0
0
0
0
0
0
0
0
0.2
7.1
0
0
0
0
0
5.803129196
0
0
0
0
1.982829571
0
0
0
0
0
0
0
0
0
0
0
0
4.053796768
0
0
0
0
0
0
0
0
0
0
0
0
0
0
0
0
0
0
0
0
0
0
0
0
0
0
0
0
2.249629736
2.249629736
2.249629736
2.249629736
2.84343791
0
0
0
1.94268918
0
0
0
2.244536877
2.244536877
6.73361063
4.489073753
4.489073753
3.005915403
3.005915403
0
0
3.005915403
5.063937187
5.063937187
5.063937187
0
0
0
1.960623026
0
0
1.960623026
0
3.929515839
7.859031677
11.78854752
0
0
0
0
2.413925409
4.827850819
0
3.597048044
14.38819218
20.55455971
14.38819218
3.597048044
5.658874989
0
8.488312721
0
8.488312721
9.459691048
4.729845524
4.729845524
18.9193821
0
0
0
3.619344234
0
0
4.502081394
7.717854977
0
4.502081394
2.251040697
11.16722012
16.7508297
0
11.16722012
0
21.55330658
5.388326645
0
21.55330658
0
11.75133228
5.875666142
0
11.75133228
0
0
21.48726654
5.371816635
16.11544991
0
0
8.006045341
8.006045341
0
0
5.236183643
15.70855236
10.47236729
0
0
0
0
16.03601074
24.05401611
8.018005371
0
49.2171402
0
0
19.68685532
19.68685532
0
0
6.082566261
13.90300846
0
0
0
10.97967148
21.95934296
10.97967148
8.045253754
0
4.022626877
0
0
14.89582443
29.79164886
0
0
0
0
30.56969452
26.74847984
0
26.74847984
0
0
0
0
0
20.49188423
0
0
0
10.24594212
0
0
0
0
0
0
21.87887383
21.87887383
0
0
0
0
10.4616375
10.4616375
10.4616375
20.92327499
0
0
0
32.38908386
64.77816772
0
0
0
0
0
0
0
21.17432976
0
0
0
0
0
0
0
8.424773216
0
0
8.424773216
8.424773216
0
0
0
0
0
0
0
0
0
9.683031082
0
28.74105835
0
0
9.580352783
0
0
0
0
0
0
0
0
12.90655804
0
0
0
0
0
23.61456299
0
0
0
0
8.807162285
0
0
8.516381264
8.516381264
0
0
11.91509151
0
0
11.91509151
11.91509151
0
6.421622753
0
6.421622753
6.421622753
0
18.39803123
0
9.199015617
0
10.45492935
5.227464676
5.227464676
5.227464676
10.45492935
0
0
9.989924431
0
0
0
0
4.000042915
0
8.000085831
12.00013065
7.710582733
0
0
0
6.746759415
0
0
0
0
0
1.416038156
0
0
0
0
0
0
3.171897173
0
0
0
0
0
0
0
0
0
0
1.392388821
5.569555283
2.906978369
0
0
1.453489184
0
0
0
0
0
0
0
0
0
0
0
0
0
0
0
0
0
0
0
0
0
0
0.2
7.1
0
0
0
0
0
0
0
0
0
0
2.245167494
0
0
0
0
0
0
0
0
0
0
0
3.520524263
1.760262132
0
0
0
0
0
0
0
0
0
0
0
0
0
0
0
0
5.317875862
1.892571092
0
0
5.677713394
0
2.261045456
4.522090912
0
0
0
7.311149597
0
4.874100208
0
0
3.236554861
0
0
5.071657181
0
0
0
0
0
0
0
6.436024189
0
2.888289928
0
0
0
0
0
0
0
8.538124084
3.6591959
0
0
0.980695367
1.961390734
1.961390734
0
3.789380789
0
7.578761578
3.789380789
0
0
8.602918625
12.90437889
0
4.301459312
7.17204237
4.78136158
4.78136158
2.39068079
0
16.03364754
0
0
0
26.7227478
5.574478626
11.14895725
5.574478626
11.14895725
11.14895725
0
0
0
0
0
0
16.83848763
0
4.209621906
0
0
0
0
0
10.95960903
0
0
0
0
0
8.635472298
17.2709446
0
0
0
0
7.407849789
0
0
0
0
0
2.113064766
6.339194775
2.113064766
3.722940445
3.722940445
3.722940445
0
7.44588089
3.722940445
11.97335339
11.97335339
0
7.982235909
0
18.6085186
27.91277885
0
9.3042593
18.6085186
0
16.39567184
0
0
0
0
0
54.30084229
0
18.10028076
0
7.821297169
0
0
7.821297169
0
5.609135151
0
5.609135151
0
2.894174337
0
0
0
0
0
0
0
0
0
0
4.207476616
12.62242985
4.207476616
4.207476616
33.43489456
11.14496517
0
11.14496517
11.14496517
4.486130714
0
0
0
0
39.68136215
0
0
0
0
0
0
4.804973602
0
0
5.491398811
0
0
0
0
8.670344353
7.338425159
0
14.67685032
0
7.338425159
0
0
0
41.25849533
0
0
0
14.33323097
0
0
5.17120266
0
0
0
5.17120266
10.34240532
0
0
0
0
0
0
0
0
29.51122475
14.75561237
0
5.592806816
16.7784214
5.592806816
0
13.74875546
0
0
27.49751091
0
0
0
24.31871223
10.63943577
10.63943577
0
16.5864296
0
0
33.17285919
0
0
0
0
6.519117832
5.375732422
0
5.375732422
10.75146484
5.375732422
0
15.87117863
0
47.61353302
0
21.99865723
7.332886219
0
0
0
5.759436607
0
5.759436607
0
0
5.154316902
5.154316902
10.3086338
5.154316902
5.154316902
5.154316902
0
0
9.946063995
4.973031998
0
2.315293789
2.315293789
0
6.945881844
2.315293789
8.00021553
0
0
0
0
0
3.496441603
3.496441603
3.496441603
0
0
0
0
0
0
0
0
0
3.26021719
0
0
3.010977983
3.010977983
0
0
0
0
0
0
0
0
2.562636852
2.562636852
2.562636852
0
0
0
0
0
0
0
0
0
0
0
0
0
0
0
0
0
0.2
7.1
0
0
0
0
0
0
0
0
0
0
0
0
0
0
0
0
0
0
0
3.119418859
0
4.470129967
4.470129967
0
0
0
0
0
0
0
0
0
0
0
0
0
0
0
0
0
0
0
0
0
2.498015881
4.996031761
2.401908159
0
0
0
4.803816319
2.595164776
0
0
0
5.190329552
2.10695076
4.21390152
4.21390152
4.21390152
4.185952663
2.092976332
4.185952663
0
0
0
0
0
0
0
0
0
0
0
4.666009426
14.70863628
0
0
0
0
2.262460947
4.524921894
2.262460947
0
0
0
0
1.58998847
3.17997694
4.769965172
3.17997694
6.799976826
6.799976826
3.399988413
3.399988413
3.399988413
10.5850296
0
10.5850296
0
0
0
2.733330488
5.466660976
0
5.466660976
0
0
3.934202194
1.967101097
1.967101097
0
10.33690262
0
0
0
0
25.46740532
4.244567394
12.73370266
4.244567394
1.616162658
0
0
0
1.616162658
15.40878296
0
6.163513184
0
0
15.54989719
7.774948597
0
7.774948597
15.54989719
0
0
0
10.5368948
5.268447399
0
10.94113636
5.47056818
0
5.47056818
33.88629532
0
0
0
0
6.77725935
0
0
13.45413303
26.90826607
0
0
20.63385773
0
0
0
0
0
0
22.84732437
0
0
0
0
0
0
0
0
0
0
0
0
0
0
0
32.80667877
0
0
0
0
0
9.082027435
18.16405487
0
27.24608231
9.082027435
0
21.65605736
0
0
0
0
11.24034595
0
0
0
0
0
10.81518459
0
0
0
0
0
0
0
38.09418106
0
0
11.20088196
0
0
0
0
10.42000008
0
0
0
0
0
16.4898262
0
0
0
0
0
0
0
15.43617916
0
0
15.43617916
10.42949867
0
10.42949867
0
10.42949867
0
14.54450798
8.311146736
0
0
0
0
9.380226135
0
0
0
8.513750076
0
8.513750076
8.513750076
8.513750076
11.6050396
11.6050396
0
23.21007919
11.6050396
0
0
0
16.0897541
0
11.86933422
0
0
11.86933422
11.86933422
0
8.275252342
8.275252342
16.55050468
0
3.344323397
3.344323397
6.688646793
3.344323397
6.688646793
16.12756729
0
0
5.375855446
0
0
0
0
0
11.61941242
0
0
0
7.654067993
0
0
7.678781509
0
15.35756302
0
7.678781509
0
0
7.592504025
0
0
0
6.51890707
0
0
0
0
0
0
0
0
4.760698795
0
4.760698795
0
9.521397591
0
0
0
3.490184546
3.490184546
5.673528671
0
0
0
0
0
0
0
0
0
0
0
3.365721703
0
0
0
6.090768814
0
0
0
0
0
0
0
0
0
0
0
0
0
2.861509085
0
1.791267395
0
1.791267395
0
0.2
7.1
5.136015892
0
0
0
0
0
0
0
0
0
0
0
0
0
0
0
0
0
0
0
0
0
0
0
2.223556519
0
0
0
0
0
0
0
0
0
3.842482328
0
6.146778584
2.048925877
0
2.048925877
0
1.712302446
3.424604893
1.712302446
0
0
0
0
0
0
3.531172037
6.173953056
3.527973413
0
0
6.173953056
1.935078979
0
1.935078979
3.869288445
0
3.869288445
3.869288445
0
3.414822102
0
7.805308342
3.414822102
6.829644203
7.068951607
8.078802109
14.13790321
7.068951607
0
0
4.93996954
4.93996954
9.879939079
9.879939079
5.33633709
0
0
2.668168545
0
4.75601244
0
0
4.75601244
0
9.512024879
2.587925196
0
0
7.763776302
5.175850391
0
2.785924435
0
0
0
9.531432152
9.531432152
0
19.0628643
9.531432152
0
0
0
0
14.11312389
4.131575584
12.39472675
12.39472675
0
0
0
0
0
26.22730827
13.11365414
18.39024353
0
0
0
0
0
12.00506306
0
6.002531528
6.002531528
0
0
0
0
0
0
10.44382763
10.44382763
0
0
0
16.88684845
0
0
0
12.19382858
12.19382858
0
0
12.19382858
18.29074287
0
0
0
0
25.66444016
6.540124416
0
0
13.08024883
13.08024883
17.6518383
0
5.883945465
11.76789093
17.6518383
0
0
10.11142254
0
0
8.246828079
7.215973854
7.215973854
7.215973854
7.215973854
0
0
0
0
0
0
0
0
12.49458122
12.49458122
0
0
0
0
0
0
7.070785046
7.070785046
0
0
12.53610897
12.53610897
0
0
12.53610897
0
0
6.365136147
0
12.73027229
0
0
0
0
0
0
0
0
0
0
0
0
0
0
0
0
0
35.86472702
0
0
0
0
0
0
0
0
0
0
0
0
0
21.64243698
0
21.64243698
43.28487396
0
0
23.01911926
0
0
0
15.34607983
0
0
0
0
16.46249008
7.381883144
0
0
0
0
0
0
0
0
19.82793045
0
0
0
22.29174042
11.14587021
6.10111475
18.30334282
6.10111475
12.2022295
6.10111475
0
6.313405514
7.215321064
0
6.313405514
0
0
0
0
28.46360207
0
0
0
6.507478237
6.507478237
7.582727432
7.582727432
7.582727432
7.582727432
7.582727432
0
2.825849056
0
2.825849056
0
2.955236435
0
0
5.91047287
0
0
10.63360119
0
9.304401398
9.304401398
4.652200699
0
0
0
0
0
0
0
0
0
0
0
0
0
0
0
0
0
0
0
0
3.994751453
0
0
0
0
3.899912119
1.949956059
1.949956059
0
0
1.688238978
0
0
0
3.376477957
2.180739403
0
0
0
0
0
0
0
0
0
0
0
0
0
0
0
0
0
0
0
0
0.2
7.1
0
0
0
0
2.253134727
1.030951262
2.061902523
0
0
0
0
1.275298238
0
1.275298238
0
0
0
1.687958479
0
0
0
0
0
0
0
0
0
1.56522882
3.13045764
3.13045764
0
0
0
0
0
0
0
0
2.252104282
0
2.252104282
1.445946455
0
0
4.337839603
1.445946455
6.000422001
1.5001055
1.5001055
0
0
1.079120398
2.158240795
0
0
0
0
0
0
8.622487068
2.874162197
2.874162197
2.874162197
2.874162197
8.637829781
8.637829781
0
8.637829781
0
0
2.519435644
0
5.038871288
0
0
0
0
4.38278532
13.14835644
4.209001541
12.62700462
0
0
0
2.737185955
2.737185955
0
0
0
5.47437191
0
5.229016304
5.229016304
7.843524456
2.614508152
3.877540588
0
0
0
0
2.741137981
5.482275963
2.741137981
8.223413467
0
5.535757542
8.303636551
5.535757542
5.535757542
2.767878771
0
0
0
3.821487427
11.46446228
0
3.6950984
11.08529472
3.6950984
7.3901968
0
0
8.056413651
0
0
0
21.12959862
5.282399654
0
26.41200066
7.03943491
0
21.11830521
7.03943491
7.03943491
20.96038055
0
0
13.97358608
13.97358608
0
4.181682587
8.363365173
0
4.181682587
0
4.177725792
8.355451584
0
8.355451584
0
0
9.941134453
29.8234024
0
0
0
0
16.00012589
24.00018883
8.000062943
0
0
0
0
27.80680847
0
7.803207397
0
0
15.60641479
0
16.28523254
16.28523254
16.28523254
0
0
0
0
7.492405415
0
0
0
0
0
17.59349251
0
17.73303223
0
0
0
0
0
0
39.24424362
0
0
13.93123913
0
0
0
0
0
0
0
0
0
0
16.83509636
0
0
33.67019272
33.54469681
33.54469681
11.18156624
0
0
0
0
0
0
0
0
0
0
0
19.59082031
0
0
12.84158134
0
0
0
0
0
0
0
28.74238014
0
0
0
0
14.37119007
25.50187874
0
25.50187874
0
0
21.75892067
21.75892067
0
0
0
6.633169651
13.2663393
6.633169651
6.633169651
13.2663393
0
0
20.92949104
0
0
0
12.01426792
24.02853584
0
0
0
11.12706566
0
0
11.12706566
5.098419189
5.098419189
5.098419189
5.098419189
0
0
0
0
12.94250202
0
16.96361351
8.481806755
8.481806755
0
0
7.592226028
0
15.18445206
30.36890411
0
0
0
11.63836765
0
0
0
3.394849777
0
6.789699554
0
3.394849777
3.63981986
3.63981986
0
3.63981986
3.63981986
2.595167398
0
0
0
0
0
0
0
0
0
0
0
0
0
0
0
0
0
0
0
0
0
0
0
0
3.108814478
0
3.108814478
0
0
0
0
0
0
0
0
0
0
0
0
0
0
1.696127176
0
0
0
0
0
0
0
0
0
0
0
0
0
0.2
7.1
0
0
0
0
0
0
0
0
0
0
0
0
0
0
0
0
0
0
0
0
0
0
0
0
0
0
0
0
3.440745831
3.440745831
0
0
0
0
0
0
0
2.69937253
8.098117828
5.39874506
0
0
0
0
0
0
0
0
0
0
3.718896151
1.629307508
0
3.258615017
0
0
0
0
0
3.26001668
0
0
0
0
0
0
2.491762161
0
2.491762161
0
0
0
0
0
3.324799776
0
6.649599552
3.324799776
0
0
0
8.394789696
4.197394848
4.197394848
12.27953625
0
0
0
12.27953625
0
5.988447189
11.97689438
0
0
29.94223595
0
19.28833389
0
6.42944479
0
0
0
5.937785625
2.968892813
5.937785625
5.989949703
5.989949703
11.97989941
0
0
6.3156991
9.473547935
0
0
6.3156991
10.4505415
10.4505415
3.483514071
6.967028141
0
7.124762058
21.37428665
0
21.37428665
21.37428665
0
2.958011866
2.958011866
0
5.916023731
29.11867523
0
0
21.83900642
0
0
0
0
0
0
17.72382355
0
8.861911774
0
4.430955887
0
9.971196175
0
0
0
0
0
32.83638382
0
16.41819191
0
0
10.82269382
0
0
10.82269382
7.219182014
0
3.609591007
0
0
0
0
0
0
15.94229698
0
0
12.99804783
12.99804783
0
0
0
18.89383507
0
0
0
0
0
0
0
0
0
0
0
0
0
12.71197224
0
0
0
37.57835007
12.52611732
0
0
25.05223465
37.37273407
0
0
0
37.37273407
0
79.2076416
0
0
0
0
0
0
0
0
0
0
0
0
0
0
0
0
41.91020584
0
0
0
0
0
0
34.31949615
0
0
0
0
0
7.64707756
22.94123077
15.29415512
0
22.94123077
30.58831024
28.81657219
0
19.21104813
19.21104813
9.605524063
0
17.67358589
0
53.02075958
0
20.91706657
10.45853329
10.45853329
10.45853329
0
28.47846222
0
0
14.23923111
14.23923111
12.40617275
24.8123455
12.40617275
24.8123455
37.21851349
17.15382767
0
17.15382767
0
0
0
0
0
0
0
0
0
17.4852047
0
0
7.831415176
0
7.831415176
0
0
0
4.473454952
8.946909904
8.946909904
4.473454952
0
0
8.564136505
2.854712009
8.564136505
21.8951416
10.9475708
10.9475708
0
10.9475708
0
0
0
0
8.581215858
0
0
0
0
0
3.688861847
0
0
0
0
3.1485641
0
0
0
0
6.792638302
0
0
0
0
5.745201588
1.050178528
0
0
0
0
0
3.165255785
3.165255785
9.495767593
0
0
0
0
0
0
0
0
0
0
0
0
0
0
0
0
0
0
0
0
0
0
0
0
0
0
0
0.2
7.1
0
0
0
2.958321095
2.958321095
0
0
0
0
0
0
0
0
0
0
0
0
0
0
0
0
0
0
0
0
0
0
0
0
0
0
0
0
0
0
0
0
0
0
0
0
0
0
0
0
0
0
0
0
0
0
0
0
0
0
5.216491222
0
0
4.997198582
0
1.552185178
1.552185178
0
4.656555653
3.104370356
1.8684057
1.8684057
0
0
1.8684057
3.695268154
7.390536308
1.847634077
0
0
2.324154139
2.324154139
4.648308277
2.324154139
0
2.897855282
2.897855282
0
5.795710564
0
3.104419708
3.104419708
6.208839417
6.208839417
3.104419708
9.313259125
4.625519276
4.625519276
2.312759638
0
4.625519276
7.608268738
3.804134369
0
0
3.804134369
3.35044837
0
6.70089674
3.35044837
0
4.131312847
8.262625694
0
0
0
0
7.584436893
15.16887379
0
0
3.492618084
10.47785473
0
3.492618084
0
0
3.266375542
9.799126625
0
3.266375542
0
0
4.234528065
2.117264032
0
10.12402725
0
15.18604183
5.062013626
0
8.801365852
2.933788538
8.801365852
2.933788538
0
11.94665241
0
0
11.94665241
17.91997719
6.34890461
0
25.39561844
6.34890461
0
25.39561844
0
0
19.76972389
0
0
0
0
0
6.202122688
6.202122688
0
0
22.31583405
14.87722301
0
0
0
0
0
0
0
8.251531601
16.5030632
24.75459862
0
0
21.8556881
14.57045841
7.285229206
29.14091682
13.08212185
6.541060925
0
6.541060925
0
0
0
0
0
0
0
0
0
19.94702148
19.94702148
0
0
17.60786629
17.60786629
0
23.5373745
23.5373745
0
0
23.5373745
28.24694824
37.66259766
0
0
28.24694824
9.415649414
0
0
18.55813408
0
0
0
30.37864113
15.18932056
0
0
0
5.556202888
0
5.556202888
0
0
0
0
0
0
0
25.36087227
0
0
16.90724754
0
0
20.83677292
10.41838646
0
20.83677292
8.156262398
8.156262398
0
8.156262398
0
0
0
0
0
18.85455322
24.97240829
0
0
12.48620415
0
0
8.155865669
16.31173134
0
8.155865669
6.40478611
12.80957222
19.21435738
0
12.80957222
14.6344986
43.90349197
0
0
0
8.775250435
0
4.387625217
4.387625217
4.387625217
8.648841858
0
0
0
17.29768372
7.320081711
0
7.320081711
7.320081711
0
9.376269341
28.12880898
0
0
9.376269341
0
0
0
0
0
0
4.248755455
0
12.74626637
0
4.248755455
0
0
7.692215443
0
0
0
0
0
0
0
0
0
0
0
0
8.562477112
0
0
0
0
0
0
0
0
0
0
0
0
0
0
0
0
6.412260532
12.82452106
0
0
0
0
0
0
1.22905457
1.22905457
0
1.22905457
1.22905457
2.021254778
0
0
0
0
0
0
0
0
0
0
0
0
0
0
0
0.2
7.1
0
0
0
0
0
0
0
0
0
0
0
0
0
0
0
0
0
0
0
0
0
0
0
0
0
0
0
0
0
4.261459351
4.261459351
0
4.362999916
0
0
0
0
4.389867306
4.389867306
4.389867306
0
3.223080873
0
0
3.223080873
3.223080873
0
0
5.734767914
0
0
0
4.186555862
0
2.093277931
6.279833794
9.040718079
0
0
1.928799272
0
0
0
0
3.970112801
11.9103384
11.9103384
0
0
10.16250992
5.081254959
10.16250992
0
0
0
0
4.439311981
4.439311981
2.219655991
3.14447403
0
3.14447403
0
6.288948059
3.587905169
7.175810337
0
7.175810337
0
14.35162067
11.16383171
11.16383171
0
5.581915855
2.790957928
5.494903564
10.98980713
10.98980713
5.494903564
0
0
5.303564548
15.91069412
0
0
10.94892311
10.94892311
10.94892311
0
0
2.412897825
2.412897825
2.412897825
2.412897825
0
3.385378361
3.385378361
0
0
0
11.92099285
11.92099285
5.960496426
0
5.960496426
14.93567371
0
0
22.40351105
14.93567371
2.717618942
0
0
2.717618942
2.717618942
0
2.683603764
0
8.050811768
0
0
0
0
4.579874039
13.73962212
0
0
0
9.91779995
9.91779995
0
0
0
0
22.07889938
0
0
0
8.044877052
8.044877052
24.1346302
36.81949234
0
9.204873085
0
9.204873085
10.29395008
0
0
30.8818531
10.29395008
4.878450871
4.878450871
0
4.878450871
4.878450871
18.84596825
0
18.84596825
0
6.281990528
0
0
0
84.54772186
0
28.2815876
0
14.1407938
0
28.2815876
0
0
16.06091118
0
0
0
15.24449635
0
0
0
17.57108879
0
0
0
0
0
0
0
0
0
0
0
0
37.78657532
0
0
22.32646942
0
0
0
11.16323471
0
12.90362835
0
0
0
8.554276466
8.554276466
17.10855293
0
25.66283035
0
0
0
0
11.02980614
0
0
43.0536499
0
0
0
0
0
0
0
0
10.40952206
0
10.40952206
10.40952206
0
9.193717003
0
27.58115005
0
9.193717003
19.8454895
0
0
0
19.8454895
0
0
0
0
0
0
22.97669601
0
0
0
2.93874073
0
2.93874073
2.93874073
5.877481461
0
11.10065079
5.550325394
0
0
0
0
12.46837711
12.46837711
0
0
0
0
0
8.557086945
10.58394909
10.58394909
10.58394909
0
0
4.550649166
4.550649166
9.101298332
9.101298332
0
0
5.891758442
2.945879221
5.891758442
5.891758442
5.891758442
0
0
0
0
13.0389061
4.228877068
0
4.228877068
0
4.228877068
0
0
0
0
0
0
0
0
0
0
0
0
0
0
0
0
0
0
0
0
0
0
0
0
0
3.899747372
3.899747372
0
0
0
0
0
0
0
0
3.051810265
0
0
0
0
0
0
0
0
0
0
0.2
7.1
0
0
0
0
0
0
0
0
0
0
0
0
0
0
3.493476868
0
0
0
0
0
0
0
0
0
0
0
6.781389713
0
0
0
0
0
0
0
0
0
0
0
0
0
0
4.260987282
8.521974564
0
17.04394913
0
0
1.908150434
1.908150434
1.908150434
3.816300869
3.969742537
3.969742537
0
0
1.984871268
0
2.773956537
0
0
2.702657223
5.405314445
0
0
0
0
11.32760334
22.65520668
16.99140358
4.593625069
9.187250137
0
0
9.187250137
4.061375141
0
4.061375141
4.061375141
4.061375141
0
0
0
0
0
0
0
0
4.315790176
8.631580353
4.315790176
0
4.320092201
8.640184402
0
0
9.522173882
0
0
0
9.522173882
0
5.050845623
0
5.050845623
7.576268673
2.560549974
7.681649685
0
2.560549974
7.681649685
3.973912477
7.947824955
0
7.947824955
0
0
0
5.603196144
5.603196144
0
9.463614464
14.19542122
0
4.731807232
9.463614464
0
1.641550422
0
1.641550422
0
0
4.095306396
0
8.190612793
4.095306396
8.294705391
8.294705391
0
0
8.294705391
4.278448582
0
0
4.278448582
0
22.23269081
5.558172703
0
5.558172703
11.11634541
0
0
0
4.306274891
17.22509956
0
31.16636467
15.58318233
15.58318233
0
0
4.315347672
8.630695343
0
4.315347672
8.630695343
6.973712921
0
6.973712921
0
0
0
17.1787262
0
0
8.589363098
0
0
15.16808414
0
0
24.13540459
24.13540459
0
24.13540459
24.13540459
0
15.00323009
15.00323009
15.00323009
30.00646019
0
0
8.674056053
0
0
0
0
0
0
0
0
0
0
0
0
0
0
0
0
0
0
0
0
0
0
0
0
27.20319557
0
0
0
0
0
0
0
0
0
16.17227936
0
16.17227936
32.34455872
14.22506809
0
0
42.67520142
0
12.00753689
0
0
0
0
12.00753689
0
0
0
0
37.15196228
0
20.04866409
0
20.04866409
10.02433205
21.05377579
14.03585052
0
14.03585052
14.03585052
0
16.04038048
0
0
32.08076096
0
13.35405827
13.35405827
13.35405827
0
0
9.230818748
18.4616375
0
0
5.934638977
0
11.86927795
5.934638977
11.86927795
6.18348217
24.73392868
0
6.18348217
18.55044365
0
14.84751797
7.423758984
7.423758984
0
0
9.153611183
0
0
27.4608345
4.016786098
0
0
12.05035877
0
21.9237442
5.48093605
0
0
10.9618721
10.9618721
9.760462761
9.760462761
0
0
0
0
4.498353481
0
0
4.498353481
0
10.89655113
0
0
0
0
9.566286087
9.566286087
0
0
6.999004364
6.999004364
0
0
0
0
3.398683071
0
0
0
0
0
0
0
0
0
0
0
0
0
0
0
0
0
0
0
0
0
0
0
0
0
0
0
0
3.562331438
0
0
3.562331438
0
0
0.2
7.1
0
0
0
0
0
0
0
0
0
0
0
0
0
0
0
0
0
0
0
0
0
0
0
0
0
0
0
0
0
3.535643816
3.535643816
2.015201807
4.030403614
4.030403614
0
0
0
0
0
0
0
3.768609762
7.537219524
7.537219524
3.768609762
3.768609762
0
0
0
0
0
0
8.705350876
8.705350876
0
13.05802631
0
7.219741344
0
0
0
5.631855965
0
0
0
0
4.228757858
6.343136787
0
1.57312274
3.14624548
3.14624548
1.57312274
3.14624548
2.629729033
0
2.301012754
4.602025509
0
6.419551849
0
0
3.209775925
6.419551849
2.315221786
0
4.630443573
4.630443573
0
0
4.811068535
4.811068535
4.811068535
0
0
0
0
0
11.54236603
0
0
7.880754948
0
2.626918316
0
0
9.408906937
4.704453468
0
4.704453468
3.692077637
0
7.384155273
7.384155273
3.692077637
0
10.09425926
10.09425926
10.09425926
10.09425926
0
11.64100456
0
11.64100456
0
0
0
8.745492935
8.745492935
4.372746468
0
0
7.375929832
0
0
0
7.538009644
7.538009644
0
0
0
4.088378906
8.176757813
0
0
11.64956284
11.64956284
11.64956284
0
5.824781418
0
0
0
10.87065887
5.435329437
16.30598831
0
11.18580723
11.18580723
7.457204819
0
13.51829624
13.51829624
13.51829624
0
0
14.29717255
0
14.29717255
0
0
7.608452797
0
7.608452797
7.608452797
7.608452797
15.37202835
15.37202835
0
15.37202835
7.686014175
0
10.09013748
10.09013748
0
10.09013748
8.856653214
0
0
26.56995773
35.42661285
0
13.51984501
0
0
23.659729
14.77567196
0
44.32701111
0
44.32701111
3.971995115
0
0
0
0
0
0
0
0
0
0
0
0
0
0
23.20310974
0
17.45310402
0
0
0
0
11.21846485
22.4369297
0
0
0
0
0
0
0
0
22.48563766
0
0
0
29.33270836
14.66635418
0
0
14.66635418
14.66635418
8.278342247
8.278342247
0
0
0
19.1794529
0
0
0
0
0
0
10.04006577
5.020032883
0
4.696481705
14.08944416
0
9.392963409
4.696481705
6.875244617
0
13.75048923
13.75048923
6.875244617
0
42.21935654
0
0
0
23.02597237
0
7.675323963
0
0
0
17.19968796
17.19968796
8.599843979
25.79953194
0
10.7771101
21.5542202
10.7771101
10.7771101
0
9.337564468
18.67512894
9.337564468
9.337564468
0
16.83625031
0
16.83625031
16.83625031
11.0389719
0
0
0
0
0
0
7.570392609
0
0
0
0
0
0
0
0
0
0
3.837498903
0
0
4.839097977
0
0
0
0
0
0
0
0
0
0
0
0
0
0
0
0
0
0
0
0
0
0
0
0
0
0
0
0
0
0
0
0
0
0
0
0
0
0
0
0
0
0
0
0
0
0.2
7.1
0
0
0
0
0
0
0
0
0
0
0
0
0
0
0
0
0
0
0
0
4.765594959
3.47379446
0
0
0
0
0
0
0
0
0
0
0
0
0
0
0
0
0
0
0
0
0
0
0
0
0
0
7.111120224
10.66668034
0
9.027111053
9.027111053
0
0
0
0
2.074612379
3.111918688
0
2.080435514
4.160871029
0
4.160871029
4.160871029
6.371414185
0
0
6.371414185
0
0
0
0
0
0
0
0
3.121379375
0
0
0
0
0
1.0294801
3.088440657
1.963509798
0
0
1.963509798
7.854039192
0
0
9.859125137
9.859125137
0
0
9.580211639
0
4.79010582
14.37031746
9.580211639
0
4.475815296
17.90326118
0
0
3.412717819
10.23815346
0
3.412717819
3.412717819
0
0
0
5.507496834
16.52248955
0
0
0
0
0
10.85313416
0
10.85313416
0
0
0
0
5.243488312
2.621744156
0
0
0
12.60969543
25.21939087
0
5.206502438
5.206502438
0
10.41300488
0
7.784063339
0
0
0
7.784063339
0
0
7.343423367
14.68684673
0
14.68684673
6.243187428
18.72956276
0
0
12.48637486
0
0
11.4717617
0
0
0
11.63462639
0
11.63462639
0
11.56681156
23.13362312
0
0
11.56681156
7.604988098
0
0
22.81496429
7.604988098
11.41613388
22.83226776
11.41613388
0
0
6.222509861
18.66753006
31.11254883
6.222509861
0
0
21.66613579
21.66613579
0
0
0
6.840027809
0
20.52008438
20.52008438
0
0
0
0
0
0
0
0
0
0
0
0
0
0
0
23.05323029
0
0
0
27.8775692
0
0
0
0
0
0
0
0
0
0
0
0
0
25.10052109
0
0
0
0
0
0
0
0
0
0
0
0
0
0
0
0
0
14.37605286
15.65415382
15.65415382
0
0
0
5.834226608
0
0
0
0
0
0
0
7.963614941
15.92722988
0
8.137449265
16.27489853
0
0
10.28439236
51.42196274
0
0
0
0
0
0
16.48357391
0
16.74169159
0
0
8.370845795
8.370845795
0
0
0
0
9.937473297
0
12.07208538
4.024028301
8.048056602
4.024028301
12.54870796
12.54870796
37.64612198
12.54870796
12.54870796
8.128441811
12.19266224
0
8.128441811
4.064220905
0
3.84583354
1.92291677
3.84583354
0
0
0
0
4.46720314
8.934406281
0
2.509203911
2.509203911
0
2.509203911
0
0
0
0
4.225554466
0
0
4.963106155
2.481553078
0
0
1.295083165
1.295083165
0
0
0
0
0.734121978
0
0
0.734121978
2.367473364
2.367473364
0
0
0
2.59926939
2.59926939
0
0
0
0
0
0
0
0
0
0
0
0
0
0
0.773414016
0
0
0
0
0.2
7.1
0
0
0
0
0
0
0
0
0
0
0
0
0
0
1.826111794
0
0
0
0
0
0
0
0
0
7.300895691
0
0
0
0
0
0
0
0
0
0
0
0
2.232291222
0
0
0
0
0
2.550609589
0
0
0
0
0
1.649509549
0
4.065247536
2.032623768
0
0
6.097870827
1.380957365
1.380957365
2.76191473
3.447321415
3.447321415
6.89464283
10.34196377
6.89464283
0
0
3.063962221
9.191886902
0
0
0
4.245050907
2.122525454
2.122525454
2.525693417
0
0
0
2.525693417
8.174174309
0
4.087087154
0
0
7.386116982
0
7.386116982
0
3.693058491
0
1.996319771
0
0
0
0
3.315112591
0
9.945337296
6.630225182
0
0
2.662545681
5.325091362
2.662545681
2.662545681
0
2.56596899
10.26387596
0
5.131937981
2.891546726
5.783093452
5.783093452
0
0
11.66762352
0
0
0
3.88920784
4.774282455
0
4.774282455
19.09712982
0
6.790270329
0
6.790270329
0
3.395135164
10.77807236
0
0
0
0
0
13.19451714
6.597258568
6.597258568
0
0
8.769799232
8.769799232
0
0
2.672183275
5.775204659
3.675713301
1.336091638
2.672183275
0
9.954954147
4.977477074
4.977477074
0
4.977477074
11.71698952
0
23.43397903
0
0
0
0
0
0
0
0
0
8.29181385
0
0
0
0
0
3.038955927
0
0
0
0
7.864024639
3.93201232
0
5.701662064
17.10498619
17.10498619
0
5.370752335
0
5.370752335
0
0
0
6.218839169
6.218839169
12.43767834
0
3.101643085
0
0
0
0
0
0
0
25.85635948
0
0
1.172245502
0
0
0
0
0
0
0
0
0
0
0
0
0
0
0
0
0
0
0
0
0
0
0
0
0
0
0
0
0
0
0
0
38.05844116
12.68614769
0
0
0
0
0
15.36869335
9.358213425
18.71642685
18.71642685
0
0
0
0
0
0
0
0
7.250573635
0
14.50114727
0
20.33654404
0
20.33654404
0
0
0
17.96208191
0
0
0
0
0
9.632144928
9.632144928
0
19.47709465
0
0
0
0
4.982244015
0
0
9.964488029
0
0
26.11411476
0
0
0
0
0
0
0
0
0
6.067863464
3.033931732
9.101795197
0
0
4.857631207
0
0
0
0
0
0
0
0
0
0
0
1.217826486
1.217826486
0
0
0
0
2.403152943
4.806305885
0
0
8.040802002
4.020401001
4.020401001
0
1.098291636
0
0
0
0
2.790375948
2.790375948
0
0
0
0
0
0
0
0
0
0
3.932421446
0
0
0
0
0
0
0
0
0
0
0
0
0
0
0
0
3.101949692
0.2
7.1
0
0
0
0
0
0
0
0
0
0
0
0
0
0
0
0
2.818587303
2.818587303
0
0
0
0
0
0
0
0
0
0
0
3.975091696
5.962636948
0
0
0
0
0
0
0
0
3.897716761
0
0
1.103820801
0
2.207641602
0
0
0
0
0
0
0
0
0
0
13.28845406
0
2.231747389
6.695242405
0
0
0
0
4.402721882
2.898915768
5.797831535
2.898915768
0
5.797831535
0
0
5.094563007
0
5.094563007
5.026037693
5.744042873
2.513018847
5.026037693
5.026037693
0
8.075604439
2.691868067
0
0
0
9.912304878
14.86845779
0
0
14.86845779
0
0
7.554888248
0
0
1.419865727
0
0
1.419865727
0
0
0
10.51285648
0
0
5.216152191
5.216152191
10.43230438
0
5.216152191
0
6.383193493
4.25546217
2.127731085
0
4.687366962
0
0
0
9.374733925
3.840539694
0
0
0
7.681079388
17.56216812
2.927028179
8.781084061
5.854056358
2.927028179
0
0
5.396046638
13.49011612
5.396046638
0
0
0
9.281279564
4.640639782
0
0
10.08280468
0
0
11.10628128
11.10628128
5.55314064
11.10628128
0
0
21.52398109
0
0
21.52398109
21.52398109
34.72780228
0
0
0
0
0
15.201087
0
0
0
6.538673878
6.538673878
6.538673878
6.538673878
0
0
0
0
29.78513145
0
0
0
16.35267067
0
0
0
0
16.44903183
32.89806366
0
0
0
0
0
0
0
0
0
0
6.737833977
51.85037994
0
0
0
0
0
0
0
0
0
0
0
0
0
0
0
0
0
0
0
0
0
0
0
0
0
0
0
0
0
0
0
0
17.71803474
35.43606949
0
0
0
0
0
0
51.98249054
0
0
0
0
12.99562263
0
0
0
0
37.07081985
0
0
0
11.91038609
0
0
21.84246063
0
0
10.92123032
9.419262886
9.419262886
37.67705154
0
18.83852577
0
0
20.94301605
20.94301605
0
11.32323647
0
0
0
22.64647293
0
0
4.544325352
9.088650703
0
4.281962395
0
4.281962395
0
0
4.704958916
0
9.409917831
9.409917831
0
6.21019125
0
6.21019125
6.21019125
0
0
0
0
0
26.39364815
9.781938553
0
0
0
0
9.781938553
0
0
0
2.02517581
2.02517581
0
0
0
3.069548607
6.139097214
3.829947233
0
0
0
0
0
0
3.078709602
0
3.078709602
0
0
0
0
0
0
0
0
0
0
0
0
0
0
4.184891224
0
0
0
0
0
0
0
0
0
0
0
3.688893557
0
0
0
0
0
0
0
0
0
0
0
0
0
0
0.2
7.1
0
0
0
0
0
0
0
0
0
0
0
0
0
0
0
0
0
0
0
0
1.711457014
0
0
0
1.711457014
3.731995821
0
0
0
0
0
0
0
4.656652927
0
0
0
0
0
0
0
3.644813299
1.82240665
0
0
3.644813299
6.058670998
3.029335499
0
0
0
0
0
0
0
0
0
0
0
0
0
0
4.774467945
0
0
0
0
4.928833008
0
0
9.084555626
4.542277813
4.542277813
0
6.682188511
10.023283
6.682188511
0
6.682188511
10.24561882
10.24561882
0
5.12280941
25.6140461
0
10.05792904
15.08689213
0
5.02896452
5.02896452
0
0
0
3.8417027
0
0
5.759717941
5.759717941
5.759717941
0
10.03822803
6.692151546
0
0
0
0
13.07775497
0
0
0
2.883378029
2.883378029
8.650134087
2.883378029
0
4.522490978
0
9.044981956
4.522490978
4.522490978
5.353178978
5.353178978
5.353178978
2.676589489
5.353178978
0
0
0
0
5.269044876
0
0
11.20343018
14.93790722
3.734476805
0
6.690496445
20.07148933
0
6.690496445
0
0
11.47739315
0
0
5.860904694
0
0
0
0
5.860904694
0
12.91482735
19.37224007
6.457413673
19.37224007
0
19.71262169
0
13.14174843
0
0
0
13.65786457
0
0
0
0
11.09259129
0
22.18518257
0
0
0
0
9.743430138
0
7.087514877
0
0
0
0
31.33857727
0
0
10.44619274
0
0
11.93004704
11.93004704
23.86009407
20.42241096
0
0
0
0
0
0
3.981475353
0
0
0
0
0
0
0
0
4.799700737
0
0
0
0
0
0
0
0
0
0
0
0
0
0
0
27.12142754
0
0
0
0
0
0
0
0
0
0
43.57093048
0
0
0
0
0
0
0
22.40417099
0
0
0
0
0
3.807873726
3.807873726
0
0
0
22.07411575
0
0
11.03705788
0
9.379763603
0
0
0
0
7.862017155
0
0
15.72403431
15.72403431
8.042061806
0
8.042061806
0
8.042061806
0
0
0
4.991811275
0
0
24.34837151
24.34837151
0
0
0
0
0
0
0
0
0
0
11.45131874
0
15.9207983
0
0
15.9207983
7.960399151
7.933580875
0
0
7.933580875
15.86716175
15.86716175
0
6.209073067
0
0
6.209073067
0
0
0
0
0
0
0
0
0
0
10.69980717
10.69980717
0
0
0
0
0
0
0
0
0
0
0
0
0
0
0
0
0
0
0
0
0
0
0
0
0
0
0
0
0
0
0
0
0
0
0
0
0
0
0
0
0
0
0
0
0.2
7.1
0
0
0
0
5.355165482
0
0
0
0
0
0
0
0
0
0
0
0
0
0
0
0
0
0
0
0
0
0
0
0
0
0
0
0
0
0
0
0
0
0
0
0
0
0
0
0
0
1.102093697
0
0
0
0
0
0
0
0
0
0
0
4.121699333
4.121699333
5.479459286
0
0
0
10.95891857
3.953252077
3.953252077
0
0
0
5.539329529
5.539329529
11.07865906
22.15731812
5.539329529
7.888745308
15.77749062
15.77749062
0
23.66623688
0
0
5.707737446
11.41547489
11.41547489
0
11.70657635
0
5.853288174
0
5.853288174
7.462121487
11.19318199
0
0
7.462121487
6.022767544
0
0
6.022767544
6.022767544
0
7.000271797
0
7.000271797
10.50040722
2.096723318
4.193446636
0
4.193446636
2.096723318
0
0
2.996413708
5.992827415
0
6.595947742
0
9.893921852
0
0
0
0
0
0
0
10.82347107
0
5.411735535
0
5.411735535
0
11.8896265
0
0
11.8896265
29.00716972
14.50358486
0
0
0
15.40985966
15.40985966
7.704929829
0
0
13.05046272
0
6.525231361
0
6.525231361
0
0
0
0
0
17.4954052
0
7.090264797
0
14.18052959
14.18052959
0
20.39394569
0
0
10.19697285
9.68056488
0
4.84028244
9.68056488
4.84028244
0
0
0
0
0
0
17.31517792
0
0
8.657588959
19.21955299
0
0
0
0
14.46000862
0
0
14.46000862
0
0
0
0
0
0
0
0
0
15.90339184
15.90339184
0
8.902395248
17.8047905
35.60958099
0
0
0
0
0
0
0
0
0
0
0
0
18.81369019
0
0
0
0
0
0
0
0
22.83348083
0
0
0
10.43728447
10.43728447
0
0
0
0
0
0
26.45359039
0
0
13.2267952
13.2267952
11.08916855
5.544584274
0
0
0
0
0
0
0
26.76569748
0
10.34291649
20.68583298
10.34291649
0
0
9.084395409
0
9.084395409
18.16879082
0
0
29.2415638
29.2415638
29.2415638
23.03454781
0
23.03454781
0
23.03454781
10.30381107
5.151905537
0
5.151905537
0
0
7.620661736
13.3361578
0
0
15.75659466
0
0
7.878297329
0
7.551268578
0
0
0
0
9.495135307
9.495135307
4.747567654
0
0
0
0
0
0
5.464143753
0
0
6.183368206
4.122245312
0
0
2.345793962
0
0
0
0
0
0
0.887467086
0
0
0
0
1.655707479
0
0
0
4.517872334
4.517872334
0
0
0
5.248747826
0
0
0
6.292363644
0
0
0
0
0
0
0
0
0
7.90950489
0
0
0
0
0
4.830952644
0
0
0
0
0
0
0
0
0
0
0
0
0
0
0.2
7.1
0
0
0
0
0
0
0
0
0
0
0
0
0
0
0
0
0
0
0
0
2.050199747
4.100399494
0
0
0
0
0
0
0
0
5.6950984
1.97862339
0
0
0
0
0
0
0
0
0
0
0
0
0
0
0
0
0
0
0
0
0
0
3.856017351
3.856017351
2.404811621
0
0.801603854
2.323302746
0
3.484954357
2.323302746
0
4.680926323
0
0
4.680926323
0
0
0
0
0
0
0
0
0
0
7.168525219
2.692873001
2.692873001
1.346436501
5.385746002
1.346436501
2.106203318
2.106203318
0
2.106203318
4.212406635
0
2.997773409
2.997773409
8.993320465
2.997773409
0
10.01461506
5.007307529
10.01461506
5.007307529
0
0
3.841018915
0
7.68203783
3.841018915
5.929852486
0
11.85970497
11.85970497
11.85970497
5.277554512
0
0
0
15.83266354
0
0
0
0
0
0.2
7.1
0
0
0
0
0
0
0
0
0
0
0
0
0
0
0
0
0
0
0
0
0
0
0
0
6.064265251
0
0
0
0
0
0
0
0
0
0
0
2.784686804
0
0
0
0
0
0
0
0
0
0
0
1.803511381
0
0
0
0
2.858189344
5.716378689
5.716378689
10.86780167
0
0
3.927919149
0
0
3.927919149
0
0
2.668525219
2.668525219
5.337050438
2.668525219
10.01521111
5.007605553
5.007605553
0
0
0
3.202964544
3.202964544
1.601482272
0
3.344676495
3.344676495
6.689352989
0
3.344676495
0
0
0
0
0
0
0
0
0
3.275020599
9.825060844
4.660462379
0
0
4.660462379
9.320924759
0
0
0
2.652759075
10.6110363
6.932770729
4.621847153
4.621847153
2.310923576
4.621847153
0
5.720913887
0
0
0
0
0
2.11900115
4.2380023
4.2380023
3.277504683
3.277504683
6.555009365
0
6.555009365
3.752780199
0
7.505560398
0
7.505560398
17.70317268
0
23.60423088
0
0
4.234079361
8.468158722
0
4.234079361
0
2.130421638
0
0
0
4.260843277
0
5.362010479
0
5.362010479
0
0
0
4.141457558
0
0
0
14.15277195
0
14.15277195
0
14.15277195
0
0
0
0
26.70199394
7.6311903
7.6311903
0
0
7.6311903
15.52196217
0
0
0
0
0
0
11.76753235
0
11.76753235
10.09293365
0
10.09293365
0
10.09293365
0
0
16.88420677
0
16.88420677
9.041100502
18.082201
9.041100502
27.12330246
9.041100502
0
0
0
0
69.74193573
0
0
13.1780014
13.1780014
26.35600281
0
0
0
0
0
0
0
0
0
0
0
0
0
0
0
0
0
21.15897179
21.15897179
0
0
0.781671822
4.016230106
3.386786938
7.412102222
15.3837738
39.21154022
13.07051277
13.07051277
0
0
0
0
0
10.93338203
21.86676407
0
10.64336967
0
0
42.5734787
10.64336967
0
0
35.61745834
0
0
0
14.42872524
14.42872524
0
0
10.08556366
0
20.17112732
0
10.08556366
8.479397774
16.95879555
16.95879555
0
8.479397774
0
0
12.40814209
0
24.81628418
9.156452179
4.578226089
4.578226089
9.156452179
4.578226089
0
0
19.77202988
6.590676308
0
0
15.15707684
0
0
7.578538418
11.21956635
0
0
0
0
0
5.099038124
7.648557186
5.099038124
0
0
0
12.16305447
12.16305447
0
0
0
0
0
7.472295284
0
4.025558472
4.025558472
0
0
0
0
0
0
0
0
0
0
0
4.11426115
0
0
0
0
0
0
0
0
0
0
0
0
0
0
0
0
0
0
0
0
2.26002264
0
0
0
0
0
0
0
0
0
0
0
0
0
0
0
0
0
0
3.547625065
0
0
